1678226119967 33.69380164233065 1
1678226120528 33.58974384335274 1
1678226121087 33.48182220828605 1
1678226121643 33.36829074881136 1
1678226122201 33.2469673781497 1
1678226122756 33.11517540352366 1
1678226123340 32.9696720683939 1
1678226123923 32.806531398056265 1
1678226124479 32.62101479897686 1
1678226125035 32.40745887545811 1
1678226125593 32.15926401083753 1
1678226126151 31.869029279289965 1
1678226126711 31.528875355240544 1
1678226127269 31.130957413587637 1
1678226127825 30.670018330840016 1
1678226128409 30.144086271625945 1
1678226128989 29.547854718591367 1
1678226129632 28.878222717981284 1
1678226130197 28.12639272965342 1
1678226130752 27.271743359012525 1
1678226131302 26.272155463389797 1
1678226131852 25.06893406693853 1
1678226132401 23.64974083788697 1
1678226132952 22.034376559112633 1
1678226133539 20.318519025799734 1
1678226134119 18.695050037147855 1
1678226134678 17.436353013872658 1
1678226135247 16.742313077094707 1
1678226135813 16.513317398065652 1
1678226136383 16.442626882955214 1
1678226136949 16.351707873922916 1
1678226137510 16.24828582777149 1
1678226138080 16.16574279062969 1
1678226138674 16.10099856538702 1
1678226139248 16.040449918464713 1
1678226139807 15.978427854015095 1
1678226140367 15.915432669358188 1
1678226140928 15.852835768649866 1
1678226141487 15.791120208898082 1
1678226142047 15.730283753213504 1
1678226142607 15.670250673037476 1
1678226143179 15.610875800933846 1
1678226143771 15.551923211829303 1
1678226144342 15.493144193566737 1
1678226144904 15.43434921949677 1
1678226145472 15.375424192028701 1
1678226146037 15.316302000433101 1
1678226146597 15.256933418416178 1
1678226147159 15.197267579308217 1
1678226147722 15.137246102564857 1
1678226148303 15.076805101024188 1
1678226148892 15.015876288173457 1
1678226149459 14.954397144861401 1
1678226150024 14.89230779540949 1
1678226150585 14.829552655945035 1
1678226151143 14.766079245894556 1
1678226151701 14.701834596977363 1
1678226152261 14.63676596031122 1
1678226152823 14.570819809963707 1
1678226153407 14.503942771009385 1
1678226154085 14.43608083455777 1
1678226154656 14.367183782795875 1
1678226155226 14.297202651641662 1
1678226155792 14.226093172271492 1
1678226156354 14.15381454358533 1
1678226156922 14.08033289243357 1
1678226157488 14.00562212415721 1
1678226158053 13.929664105045052 1
1678226158649 13.852451299943239 1
1678226159229 13.773987136802846 1
1678226159799 13.694285761748002 1
1678226160366 13.613373401640347 1
1678226160927 13.5312868103312 1
1678226161494 13.448070375954874 1
1678226162055 13.363778106237021 1
1678226162616 13.278465027728394 1
1678226163185 13.192186435878792 1
1678226163774 13.104991541769468 1
1678226164342 13.016916775177283 1
1678226164906 12.927977707138156 1
1678226165468 12.838161893032552 1
1678226166030 12.747416002023906 1
1678226166588 12.655645532991366 1
1678226167153 12.562716115517345 1
1678226167712 12.468487500173875 1
1678226168285 12.3728942400595 1
1678226168872 12.276075365001125 1
1678226169434 12.178397175405637 1
1678226169991 12.080176581587168 1
1678226170548 11.981335475294651 1
1678226171104 11.881680736099863 1
1678226171661 11.781392607235965 1
1678226172217 11.680836035934913 1
1678226172773 11.580115796349528 1
1678226173347 11.479189459221184 1
1678226173953 11.378146612176991 1
1678226174514 11.277085073221478 1
1678226175072 11.17597629748155 1
1678226175628 11.07475305384653 1
1678226176185 10.97336166869941 1
1678226176742 10.871665907027728 1
1678226177300 10.769392802817546 1
1678226177856 10.666137301842454 1
1678226178434 10.561290836210453 1
1678226179017 10.453939865123258 1
1678226179575 10.342785984207003 1
1678226180203 10.22616448148774 1
1678226180761 10.102421959280823 1
1678226181318 9.971264779505827 1
1678226181875 9.836307762359644 1
1678226182432 9.706127908707455 1
1678226182989 9.587303953392036 1
1678226183573 9.476475493413888 1
1678226184152 9.36926041520289 1
1678226184722 9.26521681564463 1
1678226185281 9.162803324598658 1
1678226185879 9.061679866869394 1
1678226186476 8.962272283317956 1
1678226187074 8.864043505321368 1
1678226187666 8.767015937894 1
1678226188234 8.671202691723579 1
1678226188825 8.57632437714151 1
1678226189395 8.482401926773772 1
1678226189953 8.389395828512713 1
1678226190510 8.297220316821454 1
1678226191068 8.20589046443976 1
1678226191624 8.115358975158719 1
1678226192181 8.025600004493677 1
1678226192737 7.936602787419843 1
1678226193307 7.848337342059947 1
1678226193894 7.760795176837267 1
1678226194455 7.673962910248687 1
1678226195010 7.587827172411196 1
1678226195566 7.502384969160227 1
1678226196123 7.417626912189658 1
1678226196680 7.333547481696335 1
1678226197237 7.250145783861309 1
1678226197794 7.167414152043835 1
1678226198366 7.085354291762826 1
1678226198953 7.003961454235773 1
