1678226119970 0.9907787271908352 1
1678226120530 0.9844833867890495 1
1678226121089 0.9779422198023114 1
1678226121645 0.971044157232557 1
1678226122202 0.963649570941925 1
1678226122758 0.9555853605270386 1
1678226123342 0.9466434461729867 1
1678226123925 0.936569162777492 1
1678226124480 0.925057223864964 1
1678226125037 0.9117421167237418 1
1678226125595 0.8961990135056632 1
1678226126153 0.877953725201743 1
1678226126712 0.8565001232283456 1
1678226127270 0.8313388483864921 1
1678226127827 0.8036070380892072 1
1678226128411 0.7761409282684326 1
1678226128991 0.748797493321555 1
1678226129634 0.722219066960471 1
1678226130199 0.6973684685570853 1
1678226130754 0.673707800252097 1
1678226131304 0.6512062719890049 1
1678226131854 0.6336168306214469 1
1678226132403 0.626016480582101 1
1678226132954 0.6310023409979684 1
1678226133541 0.6562407272202628 1
1678226134121 0.7008088145937238 1
1678226134680 0.7657172935349601 1
1678226135248 0.8350663099970136 1
1678226135815 0.8895623854228428 1
1678226136384 0.9137316175869533 1
1678226136951 0.909732026713235 1
1678226137512 0.8923479574067252 1
1678226138082 0.8741754634039742 1
1678226138675 0.8613033890724182 1
1678226139250 0.854296224457877 1
1678226139808 0.8513011591775077 1
1678226140369 0.8501510790416172 1
1678226140929 0.8491376468113491 1
1678226141489 0.8472917590822492 1
1678226142049 0.844467009816851 1
1678226142609 0.8409798571041652 1
1678226143181 0.837243207863399 1
1678226143773 0.8335534334182739 1
1678226144344 0.8300288489886692 1
1678226144905 0.8266497594969613 1
1678226145474 0.8233329227992466 1
1678226146039 0.8199955650738308 1
1678226146599 0.81658764396395 1
1678226147161 0.8130985753876823 1
1678226147724 0.8095330681119647 1
1678226148304 0.8059043543679374 1
1678226148894 0.8022178752081734 1
1678226149461 0.7984818645886013 1
1678226150026 0.794692405632564 1
1678226150586 0.7908451557159424 1
1678226151145 0.7869263631956918 1
1678226151703 0.7829359940120152 1
1678226152263 0.778866742338453 1
1678226152825 0.7747115067073277 1
1678226153409 0.7704640456608364 1
1678226154087 0.7661216855049133 1
1678226154658 0.7616816588810512 1
1678226155228 0.7571419307163784 1
1678226155794 0.752501734665462 1
1678226156355 0.7477623309407916 1
1678226156924 0.7429200410842896 1
1678226157490 0.7379757591656276 1
1678226158055 0.7329308305467878 1
1678226158651 0.7277880736759731 1
1678226159231 0.7225513543401446 1
1678226159800 0.717231980391911 1
1678226160368 0.7118304031235831 1
1678226160929 0.7063656279018947 1
1678226161496 0.7008458801678249 1
1678226162057 0.6952645863805499 1
1678226162618 0.6896276559148516 1
1678226163187 0.6839435270854405 1
1678226163776 0.6782165850911822 1
1678226164344 0.6724540080342974 1
1678226164908 0.6666518534932818 1
1678226165470 0.6608074051993233 1
1678226166032 0.6549042378153119 1
1678226166590 0.6489241548946926 1
1678226167154 0.6428477082933698 1
1678226167714 0.6366586600031171 1
1678226168286 0.6303628768239703 1
1678226168874 0.6240216663905552 1
1678226169436 0.617824307509831 1
1678226169993 0.6119978172438485 1
1678226170550 0.6065852131162371 1
1678226171106 0.6013266444206238 1
1678226171663 0.5958910499300275 1
1678226172219 0.5902581981250218 1
1678226172775 0.5845675894192287 1
1678226173349 0.5788824345384326 1
1678226173955 0.5731961471693856 1
1678226174516 0.5675372566495623 1
1678226175074 0.5619402825832367 1
1678226175630 0.5563723402363914 1
1678226176187 0.5507935753890446 1
1678226176743 0.5451955071517399 1
1678226177301 0.5395527652331761 1
1678226177858 0.5338210591248104 1
1678226178436 0.5279277094772884 1
1678226179019 0.5217767528125218 1
1678226179577 0.5152474045753479 1
1678226180205 0.5081753603049687 1
1678226180762 0.5003877707890102 1
1678226181320 0.49183332494327 1
1678226181877 0.4828530890601022 1
1678226182434 0.4744469906602587 1
1678226182991 0.46768084168434143 1
1678226183575 0.4620860772473471 1
1678226184154 0.456438558442252 1
1678226184724 0.45090929525239126 1
1678226185283 0.44566559365817476 1
1678226185880 0.44024698649133953 1
1678226186478 0.4347480152334486 1
1678226187076 0.4293110157762255 1
1678226187668 0.4238940009049007 1
1678226188236 0.418565958738327 1
1678226188827 0.41332623788288664 1
1678226189397 0.40813661898885456 1
1678226189955 0.40300680909837994 1
1678226190512 0.39792012316840036 1
1678226191070 0.3928629755973816 1
1678226191626 0.38784811326435636 1
1678226192182 0.38286730647087097 1
1678226192739 0.3779267796448299 1
1678226193309 0.37302794201033457 1
1678226193896 0.3681664637156895 1
1678226194457 0.36333864075796946 1
1678226195012 0.3585464784077236 1
1678226195568 0.35379411918776377 1
1678226196124 0.3490771310670035 1
1678226196681 0.34439212935311453 1
1678226197239 0.3397408979279654 1
1678226197796 0.3351282264505114 1
1678226198368 0.33054797989981516 1
1678226198955 0.32600041372435434 1
