1678226119964 1135.2722691127233 1
1678226120526 1128.2708914620537 1
1678226121085 1121.0324183872767 1
1678226121641 1113.44282749721 1
1678226122199 1105.36083984375 1
1678226122754 1096.6148420061384 1
1678226123338 1086.999276297433 1
1678226123921 1076.2685023716517 1
1678226124477 1064.130606515067 1
1678226125033 1050.2433907645088 1
1678226125591 1034.21826171875 1
1678226126149 1015.635027204241 1
1678226126709 994.0699811662946 1
1678226127267 969.1365094866071 1
1678226127823 940.6500244140625 1
1678226128407 908.6659371512277 1
1678226128987 873.0757184709821 1
1678226129630 833.9517473493304 1
1678226130195 791.0939679827009 1
1678226130750 743.7479858398438 1
1678226131300 690.2261526925223 1
1678226131850 628.4514552525112 1
1678226132399 559.3102416992188 1
1678226132950 485.5137503487723 1
1678226133537 412.8422154017857 1
1678226134117 349.50489589146207 1
1678226134676 304.02640642438615 1
1678226135244 280.30504717145647 1
1678226135811 272.6896514892578 1
1678226136381 270.35997881208147 1
1678226136947 267.3783503941127 1
1678226137508 264.0067923409598 1
1678226138077 261.33123997279574 1
1678226138671 259.2421548025949 1
1678226139246 257.29603358677457 1
1678226139805 255.3101566859654 1
1678226140365 253.3009970528739 1
1678226140926 251.3124019077846 1
1678226141485 249.35947745186942 1
1678226142045 247.44182695661272 1
1678226142605 245.55675615583147 1
1678226143177 243.69944327218192 1
1678226143769 241.86231558663505 1
1678226144340 240.03751700265067 1
1678226144902 238.21913582938058 1
1678226145470 236.40366908482142 1
1678226146035 234.589106968471 1
1678226146595 232.77401733398438 1
1678226147157 230.95694187709265 1
1678226147720 229.13621956961495 1
1678226148300 227.31005205426897 1
1678226148890 225.4765407017299 1
1678226149457 223.63399396623885 1
1678226150022 221.78083147321428 1
1678226150583 219.91563197544642 1
1678226151141 218.03709629603796 1
1678226151699 216.14394051688058 1
1678226152259 214.23491777692522 1
1678226152821 212.3087899344308 1
1678226153404 210.3643559047154 1
1678226154083 208.40042986188615 1
1678226154654 206.4159698486328 1
1678226155224 204.41000366210938 1
1678226155790 202.38172694614954 1
1678226156352 200.3304661342076 1
1678226156920 198.25577436174666 1
1678226157486 196.15745108468192 1
1678226158051 194.03554207938058 1
1678226158647 191.8904070172991 1
1678226159227 189.72272164481026 1
1678226159797 187.53346252441406 1
1678226160364 185.32393537248885 1
1678226160925 183.09572274344308 1
1678226161492 180.85059683663505 1
1678226162053 178.59056527273995 1
1678226162614 176.31763349260603 1
1678226163183 174.03378295898438 1
1678226163772 171.74080330984933 1
1678226164340 169.44012233189173 1
1678226164904 167.13260759626115 1
1678226165467 164.81840079171317 1
1678226166028 162.49661472865515 1
1678226166586 160.16536385672433 1
1678226167151 157.82183619907923 1
1678226167710 155.4631805419922 1
1678226168283 153.08851187569755 1
1678226168870 150.7020263671875 1
1678226169432 148.31335776192802 1
1678226169989 145.93066624232702 1
1678226170546 143.55239977155412 1
1678226171102 141.17433711460657 1
1678226171659 138.80121176583427 1
1678226172215 136.44193049839564 1
1678226172772 134.09908185686385 1
1678226173345 131.77179064069475 1
1678226173932 129.46222032819475 1
1678226174512 127.17264774867466 1
1678226175071 124.90244620186942 1
1678226175627 122.65015520368304 1
1678226176183 120.41466631208148 1
1678226176740 118.19311959402901 1
1678226177298 115.97982134137835 1
1678226177854 113.76648494175502 1
1678226178432 111.54086412702289 1
1678226179015 109.28485870361328 1
1678226179573 106.97322191510882 1
1678226180201 104.5744400024414 1
1678226180759 102.05892944335938 1
1678226181316 99.42612130301339 1
1678226181873 96.75295039585659 1
1678226182430 94.20891898018974 1
1678226182987 91.91639709472656 1
1678226183571 89.80358777727399 1
1678226184150 87.78304072788784 1
1678226184719 85.84424264090401 1
1678226185279 83.95696476527623 1
1678226185876 82.11404200962612 1
1678226186474 80.32232448032924 1
1678226187072 78.57126726422992 1
1678226187664 76.86056845528739 1
1678226188232 75.18975612095424 1
1678226188823 73.55333982195172 1
1678226189393 71.95114244733539 1
1678226189951 70.38196236746651 1
1678226190508 68.84386498587472 1
1678226191066 67.33663831438336 1
1678226191622 65.85905129568917 1
1678226192179 64.4102554321289 1
1678226192735 62.989663805280415 1
1678226193305 61.5963990347726 1
1678226193892 60.22994177682059 1
1678226194453 58.88970674787249 1
1678226195008 57.575121198381694 1
1678226195564 56.285780225481304 1
1678226196121 55.02118900844029 1
1678226196678 53.780918666294646 1
1678226197235 52.56461388724191 1
1678226197792 51.371825626918245 1
1678226198364 50.2022454398019 1
1678226198951 49.05547605242048 1
