1678282006170 158.10631859578135 1
1678282006743 157.95129416413465 1
1678282007336 157.77831489715473 1
1678282007905 157.58159645850372 1
1678282008462 157.35446347765063 1
1678282009018 157.08989088087205 1
1678282009574 156.78007497281706 1
1678282010130 156.41615094607627 1
1678282010686 155.98919930988583 1
1678282011243 155.4878277060045 1
1678282011805 154.89563108434615 1
1678282012390 154.178894202192 1
1678282012959 153.26348875908815 1
1678282013514 151.97478993094074 1
1678282014070 149.94395344296862 1
1678282014625 146.5932023126779 1
1678282015179 141.59389237231548 1
1678282015734 135.51866408259838 1
1678282016290 129.1610360835941 1
1678282016857 122.74458204692785 1
1678282017442 116.08874484499994 1
1678282018014 109.12987902793527 1
1678282018580 101.94515551090625 1
1678282019146 94.71697185433275 1
1678282019709 87.7147170207557 1
1678282020270 81.29991469873951 1
1678282020825 75.95432279854593 1
1678282021380 72.17524464035498 1
1678282021948 70.11224110835857 1
1678282022533 69.30029459874767 1
1678282023100 69.00837457670445 1
1678282023728 68.77618337646099 1
1678282024285 68.5084929705506 1
1678282024841 68.25006975442864 1
1678282025397 68.02618263167132 1
1678282025952 67.8258293145747 1
1678282026508 67.63173271128909 1
1678282027084 67.43568855760901 1
1678282027667 67.23691081793753 1
1678282028227 67.03726090681505 1
1678282028783 66.83790250044119 1
1678282029339 66.6385903955862 1
1678282029895 66.43965205113841 1
1678282030451 66.24107635529174 1
1678282031007 66.04193236389395 1
1678282031562 65.84130540329393 1
1678282032141 65.63722675215861 1
1678282032722 65.42693937459049 1
1678282033278 65.20701949959137 1
1678282033833 64.9712451420819 1
1678282034391 64.70830168255557 1
1678282034947 64.39819114602106 1
1678282035502 63.99293778827906 1
1678282036058 63.39411176764003 1
1678282036613 62.52640876213612 1
1678282037195 61.697046364748516 1
1678282037775 61.19920936451318 1
1678282038335 60.6899461700802 1
1678282038897 60.282866227963005 1
1678282039455 59.96228818569456 1
1678282040011 59.74497338109739 1
1678282040567 59.55909898849569 1
1678282041126 59.35859853354079 1
1678282041682 59.15357767669784 1
1678282042266 58.96569595439505 1
1678282042844 58.78247849640914 1
1678282043400 58.588697401202246 1
1678282043956 58.384668034472334 1
1678282044511 58.17797425192833 1
1678282045066 57.96916604346274 1
1678282045621 57.7494718566411 1
1678282046177 57.5139649676028 1
1678282046734 57.26569838964309 1
1678282047319 57.005995815113764 1
1678282047893 56.72935168775461 1
1678282048449 56.43200156632095 1
1678282049005 56.124760131129165 1
1678282049654 55.801983191684144 1
1678282050211 55.45614796483988 1
1678282050767 55.10181228232766 1
1678282051322 54.749267413967026 1
1678282051887 54.378639618030064 1
1678282052472 54.006468693243455 1
1678282053037 53.64532120219023 1
1678282053592 53.28766358812144 1
1678282054147 52.92761420227714 1
1678282054703 52.5706081444832 1
1678282055258 52.225625976617586 1
1678282055813 51.8900163829538 1
1678282056368 51.54218620417024 1
1678282056934 51.20697303699573 1
1678282057520 50.87978386873334 1
1678282058086 50.52358893825743 1
1678282058643 50.201006746917116 1
1678282059199 49.87250835724778 1
1678282059756 49.530343227673235 1
1678282060313 49.204685136087576 1
1678282060868 48.8695827571876 1
1678282061423 48.555747621601235 1
1678282061993 48.194768029917824 1
1678282062577 47.86721236432356 1
1678282063146 47.522413613151215 1
1678282063712 47.19044382373671 1
1678282064271 46.871747282978205 1
1678282064827 46.544740965562795 1
1678282065384 46.2057841325595 1
1678282065941 45.937862342169126 1
1678282066497 45.56703218811859 1
1678282067071 45.274272860683425 1
1678282067654 44.93182323851137 1
1678282068215 44.62890979114553 1
1678282068771 44.2680451896884 1
1678282069327 43.97537751318862 1
1678282069883 43.62653896819859 1
1678282070439 43.302523056621034 1
1678282070995 42.96385382007234 1
1678282071554 42.60955364472216 1
1678282072132 42.27335138647273 1
1678282072713 41.90005580353427 1
1678282073400 41.54693208371945 1
1678282073956 41.1661779824399 1
1678282074511 40.795838848526095 1
1678282075137 40.403716317576595 1
1678282075696 40.002031329210894 1
1678282076253 39.60608168191088 1
1678282076817 39.1816849165041 1
1678282077402 38.76510722217119 1
1678282077971 38.33379502423183 1
1678282078528 37.898522740981086 1
1678282079085 37.46482655684064 1
1678282079642 37.02212487404974 1
1678282080199 36.58810153734603 1
1678282080754 36.14993187597007 1
1678282081310 35.72689893061894 1
1678282081873 35.29761558146112 1
1678282082458 34.894543525159364 1
1678282083025 34.47224058202451 1
1678282083581 34.08431080562299 1
1678282084137 33.69063815765244 1
1678282084694 33.30879848898987 1
1678282085251 32.936492581884615 1
1678282085807 32.565166626741764 1
1678282086363 32.205142367236526 1
1678282086930 31.842077217997566 1
1678282087520 31.489332403935396 1
1678282088083 31.120769062156697 1
1678282088639 30.78348645224728 1
1678282089199 30.45249079683018 1
1678282089755 30.10443958479951 1
1678282090310 29.75592722012461 1
1678282090866 29.417045950004315 1
1678282091421 29.072561352432636 1
1678282091993 28.73364672230195 1
1678282092582 28.390351048289087 1
1678282093141 28.07963316203098 1
1678282093697 27.787173084037033 1
1678282094254 27.50613945139396 1
1678282094810 27.249596589028396 1
1678282095366 27.017146403289626 1
1678282095921 26.820829324194207 1
1678282096476 26.658196511893692 1
1678282097049 26.51932974318736 1
1678282097633 26.39883913732854 1
1678282098191 26.277853127893852 1
1678282098746 26.15743771571601 1
1678282099302 26.05085350418669 1
1678282099951 25.957017855459835 1
1678282100507 25.88238853761048 1
1678282101064 25.820803245957745 1
1678282101619 25.76050470813956 1
1678282102199 25.702097108191943 1
1678282102778 25.645626260146418 1
1678282103336 25.59284309072593 1
1678282103892 25.547077564454675 1
1678282104448 25.501828424633437 1
1678282105007 25.455481469915952 1
1678282105563 25.412479176585478 1
1678282106118 25.375520661909626 1
1678282106675 25.34101962362626 1
1678282107259 25.30535346439303 1
1678282107836 25.270677530631087 1
1678282108392 25.240692624690535 1
1678282108947 25.2105583545077 1
1678282109501 25.183887480906293 1
1678282110056 25.14904545513979 1
1678282110610 25.11298278722106 1
1678282111164 25.086142656794458 1
1678282111719 25.05669831414289 1
1678282112302 25.02622177431969 1
1678282112877 25.00370115948261 1
1678282113432 24.98411229606482 1
1678282113987 24.960058338111082 1
1678282114542 24.93254361884891 1
1678282115096 24.905605922534438 1
1678282115651 24.882937159785293 1
1678282116206 24.853233744103854 1
1678282116762 24.8253682067109 1
1678282117362 24.799019318629046 1
1678282117934 24.774118537064126 1
1678282118489 24.743200471787265 1
