1678282006172 0.995139649936131 1
1678282006745 0.9932909863335746 1
1678282007337 0.9912255661828178 1
1678282007907 0.9888904861041478 1
1678282008463 0.986211930002485 1
1678282009020 0.9831027133124215 1
1678282009576 0.9794710023062569 1
1678282010132 0.9752117565699986 1
1678282010688 0.9702116847038269 1
1678282011244 0.9643274460520063 1
1678282011806 0.9573361362729754 1
1678282012392 0.94880724804742 1
1678282012961 0.9378025531768799 1
1678282013516 0.9222323894500732 1
1678282014072 0.8978586282048907 1
1678282014626 0.858363926410675 1
1678282015181 0.8005341376577105 1
1678282015736 0.7311843889100211 1
1678282016292 0.6671933616910662 1
1678282016858 0.6186241848128182 1
1678282017443 0.5778336014066424 1
1678282018016 0.5473318781171527 1
1678282018582 0.5302419832774571 1
1678282019148 0.5262859633990696 1
1678282019711 0.5336176540170398 1
1678282020271 0.5527528609548297 1
1678282020827 0.5851145301546369 1
1678282021381 0.6240064076014927 1
1678282021950 0.6631569521767753 1
1678282022535 0.6933637942586627 1
1678282023101 0.7098009671483722 1
1678282023730 0.7129801767213004 1
1678282024287 0.7077052508081708 1
1678282024843 0.6993351749011448 1
1678282025398 0.6913626704897199 1
1678282025954 0.6852952327047076 1
1678282026510 0.6812421338898795 1
1678282027086 0.6786795513970512 1
1678282027669 0.6769298911094666 1
1678282028229 0.6754185557365417 1
1678282028785 0.6737808414867946 1
1678282029341 0.6718650545392718 1
1678282029897 0.6696721741131374 1
1678282030453 0.6672849995749337 1
1678282031009 0.6647877522877285 1
1678282031564 0.6622381295476641 1
1678282032142 0.6596424068723407 1
1678282032724 0.656965264252254 1
1678282033280 0.6541137865611485 1
1678282033835 0.6509520581790379 1
1678282034393 0.6472342099462237 1
1678282034948 0.6424893140792847 1
1678282035503 0.6356000559670585 1
1678282036059 0.623914727142879 1
1678282036615 0.6030111227716718 1
1678282037197 0.5755924752780369 1
1678282037777 0.5630446587290082 1
1678282038337 0.5706175906317574 1
1678282038899 0.5757502572877067 1
1678282039457 0.5692613295146397 1
1678282040013 0.5611825585365295 1
1678282040569 0.5577303426606315 1
1678282041128 0.5560983419418335 1
1678282041684 0.5526041516235897 1
1678282042268 0.548182270356587 1
1678282042845 0.5448887305600303 1
1678282043402 0.5422898062637874 1
1678282043958 0.5390500043119703 1
1678282044513 0.5350397740091596 1
1678282045068 0.5312458234173911 1
1678282045623 0.5279503081526075 1
1678282046178 0.5245370013373238 1
1678282046736 0.520493243421827 1
1678282047321 0.5161487800734383 1
1678282047895 0.5116863974503109 1
1678282048450 0.5066376371043069 1
1678282049007 0.5011227812085833 1
1678282049656 0.49595397285052706 1
1678282050213 0.49015875799315317 1
1678282050768 0.4835816664355142 1
1678282051324 0.47768620933805195 1
1678282051889 0.4723671930176871 1
1678282052473 0.4664545697825296 1
1678282053039 0.46068555968148367 1
1678282053593 0.45589704172951834 1
1678282054149 0.4509288583483015 1
1678282054704 0.44531049047197613 1
1678282055259 0.4397226316588266 1
1678282055814 0.4351805703980582 1
1678282056369 0.4309575515133994 1
1678282056936 0.42569735646247864 1
1678282057522 0.42098554117339 1
1678282058088 0.4154558266912188 1
1678282058644 0.4103257145200457 1
1678282059201 0.4077715916293008 1
1678282059758 0.40386028374944416 1
1678282060314 0.3983930093901498 1
1678282060870 0.3935382536479405 1
1678282061425 0.3897143474646977 1
1678282061994 0.384901830128261 1
1678282062579 0.3787524827889034 1
1678282063148 0.376309015921184 1
1678282063714 0.3720646585736956 1
1678282064273 0.36839674200330463 1
1678282064829 0.3646530636719295 1
1678282065386 0.359035210950034 1
1678282065943 0.35453334024974276 1
1678282066498 0.3514928902898516 1
1678282067073 0.3454394383089883 1
1678282067656 0.3418317437171936 1
1678282068217 0.3369595451014383 1
1678282068773 0.33350034270967754 1
1678282069329 0.3289134544985635 1
1678282069884 0.3250559610979898 1
1678282070441 0.32014458094324383 1
1678282070998 0.3151890678065164 1
1678282071556 0.30949064237730844 1
1678282072134 0.30555108189582825 1
1678282072766 0.3002567674432482 1
1678282073402 0.2958445038114275 1
1678282073957 0.290434147630419 1
1678282074513 0.2856758066586086 1
1678282075139 0.27994993329048157 1
1678282075698 0.2749449631997517 1
1678282076255 0.2692433531795229 1
1678282076819 0.26378366138253895 1
1678282077404 0.25827885951314655 1
1678282077973 0.25261407026222776 1
1678282078530 0.2469999705042158 1
1678282079087 0.24140771797725133 1
1678282079644 0.23634429914610727 1
1678282080201 0.2308080494403839 1
1678282080756 0.22562475289617265 1
1678282081312 0.22027342021465302 1
1678282081875 0.21507287238325393 1
1678282082460 0.21020400524139404 1
1678282083026 0.20572922910962785 1
1678282083582 0.20174110787255423 1
1678282084139 0.1975282941545759 1
1678282084695 0.19382386973926 1
1678282085253 0.1901297335113798 1
1678282085809 0.18682256979601725 1
1678282086365 0.18369676811354502 1
1678282086932 0.1807335466146469 1
1678282087522 0.17781914344855718 1
1678282088085 0.17511659009116037 1
1678282088641 0.1727967517716544 1
1678282089201 0.1703159064054489 1
1678282089757 0.16792711189814977 1
1678282090312 0.16564344934054784 1
1678282090868 0.16336870193481445 1
1678282091423 0.1612577566078731 1
1678282091995 0.15915017681462423 1
1678282092584 0.15699461847543716 1
1678282093143 0.15502067868198668 1
1678282093698 0.15305574131863459 1
1678282094256 0.15129084352936065 1
1678282094812 0.14962570049933024 1
1678282095368 0.14808258414268494 1
1678282095923 0.14677025484187262 1
1678282096477 0.145757723067488 1
1678282097051 0.14491830659764154 1
1678282097635 0.14410657116344996 1
1678282098193 0.14323353341647557 1
1678282098748 0.14244468935898372 1
1678282099303 0.1417667716741562 1
1678282099953 0.14109581496034349 1
1678282100509 0.14058862732989447 1
1678282101065 0.1401906247649874 1
1678282101621 0.13980979791709355 1
1678282102200 0.13948883435555867 1
1678282102780 0.1391552005495344 1
1678282103338 0.13883926612990244 1
1678282103894 0.13860737532377243 1
1678282104450 0.1383649121437754 1
1678282105009 0.13810273366315023 1
1678282105564 0.13789202272891998 1
1678282106120 0.13769483992031642 1
1678282106677 0.13752073581729615 1
1678282107261 0.1373537683061191 1
1678282107838 0.13721340256077902 1
1678282108394 0.1370877463902746 1
1678282108949 0.13692629230873926 1
1678282109503 0.1367935495717185 1
1678282110057 0.13657677812235697 1
1678282110612 0.13641173605407989 1
1678282111166 0.1363262821521078 1
1678282111720 0.13620552527053015 1
1678282112304 0.13608983052628382 1
1678282112879 0.13603696865694864 1
1678282113434 0.13597799092531204 1
1678282113989 0.13587610742875508 1
1678282114543 0.1357410709772791 1
1678282115098 0.13559306519372122 1
1678282115653 0.13554092283759797 1
1678282116207 0.13543115024055755 1
1678282116779 0.13533942507846014 1
1678282117363 0.13522211142948695 1
1678282117936 0.1351786372917039 1
1678282118490 0.135090243603502 1
