1678282006167 24997.607979910714 1
1678282006741 24948.611328125 1
1678282007334 24893.996651785714 1
1678282007903 24831.959542410714 1
1678282008460 24760.427176339286 1
1678282009016 24677.233816964286 1
1678282009572 24579.99190848214 1
1678282010128 24466.012276785714 1
1678282010684 24332.630301339286 1
1678282011241 24176.46456473214 1
1678282011803 23992.65652901786 1
1678282012388 23771.131417410714 1
1678282012957 23489.69698660714 1
1678282013512 23096.336774553572 1
1678282014068 22483.18917410714 1
1678282014623 21489.566964285714 1
1678282015178 20048.83035714286 1
1678282015732 18365.30831473214 1
1678282016288 16682.5732421875 1
1678282016855 15066.232421875 1
1678282017440 13476.5966796875 1
1678282018012 11909.330496651786 1
1678282018579 10392.814732142857 1
1678282019145 8971.304757254464 1
1678282019707 7693.87158203125 1
1678282020268 6609.676130022322 1
1678282020823 5769.059151785715 1
1678282021378 5209.26593889509 1
1678282021946 4915.726353236607 1
1678282022531 4802.530831473215 1
1678282023098 4762.15576171875 1
1678282023726 4730.16339983259 1
1678282024283 4693.413609095982 1
1678282024840 4658.072021484375 1
1678282025395 4627.5615234375 1
1678282025950 4600.343122209822 1
1678282026506 4574.05126953125 1
1678282027082 4547.57209123884 1
1678282027665 4520.802176339285 1
1678282028225 4493.994349888393 1
1678282028781 4467.305210658482 1
1678282029337 4440.701729910715 1
1678282029893 4414.22736467634 1
1678282030449 4387.88019670759 1
1678282031005 4361.536830357143 1
1678282031561 4335.077497209822 1
1678282032139 4308.245535714285 1
1678282032720 4280.68439592634 1
1678282033276 4251.95539202009 1
1678282033831 4221.2626953125 1
1678282034389 4187.164306640625 1
1678282034945 4147.127022879465 1
1678282035500 4095.0960867745534 1
1678282036056 4018.813406808036 1
1678282036611 3909.5517926897323 1
1678282037193 3806.5255301339284 1
1678282037773 3745.3432268415177 1
1678282038333 3683.2695661272323 1
1678282038895 3634.0239606584823 1
1678282039453 3595.476004464286 1
1678282040009 3569.461844308036 1
1678282040565 3547.2862723214284 1
1678282041124 3523.4432198660716 1
1678282041679 3499.145751953125 1
1678282042264 3476.953299386161 1
1678282042842 3455.3797781808034 1
1678282043398 3432.6354631696427 1
1678282043955 3408.769461495536 1
1678282044509 3384.676688058036 1
1678282045064 3360.4242117745534 1
1678282045619 3335.0014997209823 1
1678282046175 3307.8561662946427 1
1678282046732 3279.3602120535716 1
1678282047317 3249.6835588727677 1
1678282047892 3218.2193429129466 1
1678282048447 3184.57080078125 1
1678282049003 3149.988699776786 1
1678282049652 3113.861328125 1
1678282050209 3075.384347098214 1
1678282050765 3036.209716796875 1
1678282051320 2997.4822823660716 1
1678282051885 2957.036446707589 1
1678282052470 2916.698660714286 1
1678282053035 2877.820486886161 1
1678282053590 2839.5750906808034 1
1678282054145 2801.332345145089 1
1678282054701 2763.6688406808034 1
1678282055256 2727.5160086495534 1
1678282055811 2692.573800223214 1
1678282056366 2656.5969587053573 1
1678282056932 2622.1540876116073 1
1678282057518 2588.7524065290177 1
1678282058084 2552.633039202009 1
1678282058641 2520.1410784040177 1
1678282059197 2487.26708984375 1
1678282059754 2453.254900251116 1
1678282060311 2421.1010393415177 1
1678282060866 2388.2361188616073 1
1678282061421 2357.660627092634 1
1678282061991 2322.735665457589 1
1678282062575 2291.27001953125 1
1678282063144 2258.37979561942 1
1678282063710 2226.93798828125 1
1678282064269 2196.960693359375 1
1678282064825 2166.412911551339 1
1678282065382 2134.9744873046875 1
1678282065939 2110.28719656808 1
1678282066495 2076.354422433036 1
1678282067069 2049.759783063616 1
1678282067652 2018.8687395368304 1
1678282068213 1991.7395891462054 1
1678282068769 1959.6598249162946 1
1678282069325 1933.8338274274554 1
1678282069881 1903.27490234375 1
1678282070437 1875.1085030691963 1
1678282070993 1845.8927350725446 1
1678282071551 1815.5740618024554 1
1678282072130 1787.0362374441963 1
1678282072711 1755.6146763392858 1
1678282073398 1726.1475655691963 1
1678282073954 1694.6542096819196 1
1678282074510 1664.3004673549108 1
1678282075135 1632.4602922712054 1
1678282075694 1600.1625104631696 1
1678282076251 1568.6417061941963 1
1678282076815 1535.2044328962054 1
1678282077400 1502.7335379464287 1
1678282077969 1469.4798409598213 1
1678282078526 1436.2980259486608 1
1678282079084 1403.6132289341517 1
1678282079640 1370.637730189732 1
1678282080197 1338.689174107143 1
1678282080753 1306.8175746372767 1
1678282081308 1276.4113071986608 1
1678282081871 1245.921665736607 1
1678282082456 1217.6291678292412 1
1678282083023 1188.3353707449776 1
1678282083579 1161.740243094308 1
1678282084135 1135.0590994698662 1
1678282084692 1109.4760567801338 1
1678282085249 1084.81254359654 1
1678282085805 1060.4900774274554 1
1678282086361 1037.1711948939733 1
1678282086928 1013.9178815569196 1
1678282087518 991.5780552455357 1
1678282088081 968.5022670200893 1
1678282088637 947.6230381556919 1
1678282089197 927.3541957310268 1
1678282089753 906.2772827148438 1
1678282090309 885.4152047293527 1
1678282090864 865.3625924246652 1
1678282091419 845.2138235909598 1
1678282091991 825.6224539620536 1
1678282092580 806.0120326450893 1
1678282093139 788.46579851423 1
1678282093695 772.1269880022321 1
1678282094252 756.5877075195312 1
1678282094808 742.5405142647879 1
1678282095364 729.9261997767857 1
1678282095919 719.3568856375558 1
1678282096474 710.659441266741 1
1678282097047 703.2748500279018 1
1678282097631 696.8987077985491 1
1678282098189 690.5255650111607 1
1678282098744 684.2115478515625 1
1678282099300 678.646968296596 1
1678282099949 673.7667759486607 1
1678282100505 669.8980364118304 1
1678282101062 666.7138802664621 1
1678282101617 663.6036028180804 1
1678282102197 660.5977957589286 1
1678282102776 657.6981462751116 1
1678282103334 654.9936174665179 1
1678282103890 652.6531720842634 1
1678282104446 650.3432529994419 1
1678282105005 647.9815368652344 1
1678282105561 645.7940979003906 1
1678282106116 643.9170488630023 1
1678282106673 642.1672755650112 1
1678282107257 640.3609139578683 1
1678282107834 638.6071428571429 1
1678282108390 637.0925641741071 1
1678282108945 635.5722525460379 1
1678282109500 634.2281886509487 1
1678282110054 632.4744873046875 1
1678282110608 630.6619044712612 1
1678282111162 629.3145533970425 1
1678282111717 627.838130405971 1
1678282112300 626.3117762974331 1
1678282112875 625.1850716727121 1
1678282113430 624.2058672223773 1
1678282113985 623.0045122419085 1
1678282114540 621.6317313058036 1
1678282115094 620.2892063685825 1
1678282115649 619.1605616978237 1
1678282116204 617.6832275390625 1
1678282116760 616.2989065987723 1
1678282117360 614.9913591657366 1
1678282117932 613.7569492885044 1
1678282118487 612.2259695870536 1
