1678282724511 163.6108630529421 1
1678282725111 163.6108630529421 1
1678282725704 163.6108630529421 1
1678282726297 163.6108630529421 1
1678282726890 163.6108630529421 1
1678282727494 163.6108630529421 1
1678282728101 163.6108630529421 1
1678282728704 163.6108630529421 1
1678282729299 163.6108630529421 1
1678282729891 163.6108630529421 1
1678282730484 163.6108630529421 1
1678282731076 163.6108630529421 1
1678282731668 163.6108630529421 1
1678282732261 163.6108630529421 1
1678282732890 163.6108630529421 1
1678282733502 163.6108630529421 1
1678282734106 163.6108630529421 1
1678282734709 163.6108630529421 1
1678282735306 163.6108630529421 1
