1678282724513 0.9999999914850507 1
1678282725113 0.9999999914850507 1
1678282725706 0.9999999914850507 1
1678282726299 0.9999999914850507 1
1678282726892 0.9999999914850507 1
1678282727496 0.9999999914850507 1
1678282728103 0.9999999914850507 1
1678282728707 0.9999999914850507 1
1678282729301 0.9999999914850507 1
1678282729893 0.9999999914850507 1
1678282730486 0.9999999914850507 1
1678282731078 0.9999999914850507 1
1678282731670 0.9999999914850507 1
1678282732263 0.9999999914850507 1
1678282732892 0.9999999914850507 1
1678282733504 0.9999999914850507 1
1678282734108 0.9999999914850507 1
1678282734711 0.9999999914850507 1
1678282735308 0.9999999914850507 1
