1678282724508 26768.514508928572 1
1678282725109 26768.514508928572 1
1678282725702 26768.514508928572 1
1678282726295 26768.514508928572 1
1678282726888 26768.514508928572 1
1678282727492 26768.514508928572 1
1678282728098 26768.514508928572 1
1678282728702 26768.514508928572 1
1678282729297 26768.514508928572 1
1678282729889 26768.514508928572 1
1678282730482 26768.514508928572 1
1678282731074 26768.514508928572 1
1678282731666 26768.514508928572 1
1678282732259 26768.514508928572 1
1678282732887 26768.514508928572 1
1678282733500 26768.514508928572 1
1678282734103 26768.514508928572 1
1678282734707 26768.514508928572 1
1678282735304 26768.514508928572 1
