1678233103396 158.53276932827754 1
1678233103956 158.53276932827754 1
1678233104511 158.53276932827754 1
1678233105066 158.53276932827754 1
1678233105620 158.53276932827754 1
1678233106187 158.53276932827754 1
1678233106753 158.53276932827754 1
1678233107307 158.53276932827754 1
1678233107864 158.53276932827754 1
1678233108422 158.53276932827754 1
1678233108980 158.53276932827754 1
1678233109526 158.53276932827754 1
1678233110072 158.53276932827754 1
1678233110611 158.53276932827754 1
1678233111170 158.53276932827754 1
1678233111810 158.53276932827754 1
1678233112378 158.53276932827754 1
1678233112940 158.53276932827754 1
1678233113495 158.53276932827754 1
1678233114050 158.53276932827754 1
1678233114605 158.53276932827754 1
1678233115159 158.53276932827754 1
1678233115714 158.53276932827754 1
1678233116281 158.53276932827754 1
1678233116847 158.53276932827754 1
1678233117387 158.53276932827754 1
1678233117926 158.53276932827754 1
1678233118463 158.53276932827754 1
1678233119001 158.53276932827754 1
1678233119537 158.53276932827754 1
1678233120075 158.53276932827754 1
1678233120612 158.53276932827754 1
1678233121171 158.53276932827754 1
1678233121739 158.53276932827754 1
