1678233103399 0.9999999914850507 1
1678233103958 0.9999999914850507 1
1678233104512 0.9999999914850507 1
1678233105067 0.9999999914850507 1
1678233105622 0.9999999914850507 1
1678233106189 0.9999999914850507 1
1678233106755 0.9999999914850507 1
1678233107309 0.9999999914850507 1
1678233107866 0.9999999914850507 1
1678233108424 0.9999999914850507 1
1678233108981 0.9999999914850507 1
1678233109528 0.9999999914850507 1
1678233110074 0.9999999914850507 1
1678233110612 0.9999999914850507 1
1678233111172 0.9999999914850507 1
1678233111812 0.9999999914850507 1
1678233112380 0.9999999914850507 1
1678233112941 0.9999999914850507 1
1678233113496 0.9999999914850507 1
1678233114052 0.9999999914850507 1
1678233114606 0.9999999914850507 1
1678233115161 0.9999999914850507 1
1678233115716 0.9999999914850507 1
1678233116283 0.9999999914850507 1
1678233116849 0.9999999914850507 1
1678233117389 0.9999999914850507 1
1678233117927 0.9999999914850507 1
1678233118465 0.9999999914850507 1
1678233119002 0.9999999914850507 1
1678233119539 0.9999999914850507 1
1678233120076 0.9999999914850507 1
1678233120614 0.9999999914850507 1
1678233121172 0.9999999914850507 1
1678233121741 0.9999999914850507 1
