1678233103394 25132.63895089286 1
1678233103954 25132.63895089286 1
1678233104509 25132.63895089286 1
1678233105064 25132.63895089286 1
1678233105618 25132.63895089286 1
1678233106185 25132.63895089286 1
1678233106752 25132.63895089286 1
1678233107305 25132.63895089286 1
1678233107863 25132.63895089286 1
1678233108420 25132.63895089286 1
1678233108978 25132.63895089286 1
1678233109524 25132.63895089286 1
1678233110070 25132.63895089286 1
1678233110609 25132.63895089286 1
1678233111168 25132.63895089286 1
1678233111808 25132.63895089286 1
1678233112376 25132.63895089286 1
1678233112938 25132.63895089286 1
1678233113493 25132.63895089286 1
1678233114048 25132.63895089286 1
1678233114603 25132.63895089286 1
1678233115157 25132.63895089286 1
1678233115713 25132.63895089286 1
1678233116279 25132.63895089286 1
1678233116845 25132.63895089286 1
1678233117386 25132.63895089286 1
1678233117924 25132.63895089286 1
1678233118461 25132.63895089286 1
1678233118999 25132.63895089286 1
1678233119535 25132.63895089286 1
1678233120073 25132.63895089286 1
1678233120610 25132.63895089286 1
1678233121169 25132.63895089286 1
1678233121737 25132.63895089286 1
