1678232916636 3.0 1
1678232917199 3.0 1
1678232917746 3.0 1
1678232918294 3.0 1
1678232918841 3.0 1
1678232919388 3.0 1
1678232919936 3.0 1
1678232920494 3.0 1
1678232921073 3.0 1
1678232921639 3.0 1
1678232922197 3.0 1
1678232922755 3.0 1
1678232923313 3.0 1
1678232923871 3.0 1
1678232924428 3.0 1
1678232924977 3.0 1
1678232925526 3.0 1
1678232926099 3.0 1
1678232926669 3.0 1
1678232927233 3.0 1
1678232927792 3.0 1
1678232928349 3.0 1
1678232928899 3.0 1
1678232929438 3.0 1
1678232929977 3.0 1
1678232930525 3.0 1
1678232931098 3.0 1
1678232931663 3.0 1
1678232932220 3.0 1
1678232932777 3.0 1
1678232933333 3.0 1
1678232933889 3.0 1
1678232934444 3.0 1
1678232935000 3.0 1
