1678232916639 0.9999999914850507 1
1678232917201 0.9999999914850507 1
1678232917747 0.9999999914850507 1
1678232918296 0.9999999914850507 1
1678232918843 0.9999999914850507 1
1678232919390 0.9999999914850507 1
1678232919937 0.9999999914850507 1
1678232920496 0.9999999914850507 1
1678232921075 0.9999999914850507 1
1678232921640 0.9999999914850507 1
1678232922199 0.9999999914850507 1
1678232922756 0.9999999914850507 1
1678232923315 0.9999999914850507 1
1678232923872 0.9999999914850507 1
1678232924430 0.9999999914850507 1
1678232924979 0.9999999914850507 1
1678232925528 0.9999999914850507 1
1678232926101 0.9999999914850507 1
1678232926671 0.9999999914850507 1
1678232927235 0.9999999914850507 1
1678232927793 0.9999999914850507 1
1678232928351 0.9999999914850507 1
1678232928901 0.9999999914850507 1
1678232929439 0.9999999914850507 1
1678232929978 0.9999999914850507 1
1678232930527 0.9999999914850507 1
1678232931100 0.9999999914850507 1
1678232931665 0.9999999914850507 1
1678232932222 0.9999999914850507 1
1678232932779 0.9999999914850507 1
1678232933334 0.9999999914850507 1
1678232933890 0.9999999914850507 1
1678232934446 0.9999999914850507 1
1678232935001 0.9999999914850507 1
