1678232916633 9.0 1
1678232917197 9.0 1
1678232917744 9.0 1
1678232918292 9.0 1
1678232918839 9.0 1
1678232919386 9.0 1
1678232919934 9.0 1
1678232920492 9.0 1
1678232921071 9.0 1
1678232921637 9.0 1
1678232922195 9.0 1
1678232922753 9.0 1
1678232923311 9.0 1
1678232923869 9.0 1
1678232924426 9.0 1
1678232924975 9.0 1
1678232925524 9.0 1
1678232926097 9.0 1
1678232926667 9.0 1
1678232927231 9.0 1
1678232927790 9.0 1
1678232928347 9.0 1
1678232928898 9.0 1
1678232929436 9.0 1
1678232929975 9.0 1
1678232930523 9.0 1
1678232931096 9.0 1
1678232931661 9.0 1
1678232932219 9.0 1
1678232932775 9.0 1
1678232933331 9.0 1
1678232933887 9.0 1
1678232934443 9.0 1
1678232934998 9.0 1
