1678233799043 159.69034191628273 1
1678233848171 159.69034191628273 1
1678233897321 159.69034191628273 1
1678233946401 159.69034191628273 1
1678233995575 159.69034191628273 1
1678234044636 159.69034191628273 1
1678234094010 159.69034191628273 1
1678234143202 159.69034191628273 1
1678234192478 159.69034191628273 1
1678234241630 159.69034191628273 1
1678234290896 159.69034191628273 1
1678234340100 159.69034191628273 1
1678234389347 159.69034191628273 1
1678234438522 159.69034191628273 1
1678234487611 159.69034191628273 1
1678234536949 159.69034191628273 1
1678234586417 159.69034191628273 1
1678234635722 159.69034191628273 1
1678234685202 159.69034191628273 1
1678234734434 159.69034191628273 1
1678234783834 159.69034191628273 1
1678234833072 159.69034191628273 1
1678234882464 159.69034191628273 1
1678234931581 159.69034191628273 1
1678234980758 159.69034191628273 1
1678235029931 159.69034191628273 1
1678235079103 159.69034191628273 1
1678235128318 159.69034191628273 1
1678235177529 159.69034191628273 1
1678235226697 159.69034191628273 1
1678235275936 159.69034191628273 1
1678235325234 159.69034191628273 1
1678235374537 159.69034191628273 1
1678235423651 159.69034191628273 1
