1678233799049 0.9999999914850507 1
1678233848173 0.9999999914850507 1
1678233897323 0.9999999914850507 1
1678233946403 0.9999999914850507 1
1678233995577 0.9999999914850507 1
1678234044638 0.9999999914850507 1
1678234094013 0.9999999914850507 1
1678234143204 0.9999999914850507 1
1678234192480 0.9999999914850507 1
1678234241632 0.9999999914850507 1
1678234290898 0.9999999914850507 1
1678234340102 0.9999999914850507 1
1678234389349 0.9999999914850507 1
1678234438525 0.9999999914850507 1
1678234487613 0.9999999914850507 1
1678234536952 0.9999999914850507 1
1678234586419 0.9999999914850507 1
1678234635725 0.9999999914850507 1
1678234685204 0.9999999914850507 1
1678234734436 0.9999999914850507 1
1678234783836 0.9999999914850507 1
1678234833074 0.9999999914850507 1
1678234882466 0.9999999914850507 1
1678234931583 0.9999999914850507 1
1678234980760 0.9999999914850507 1
1678235029933 0.9999999914850507 1
1678235079105 0.9999999914850507 1
1678235128320 0.9999999914850507 1
1678235177531 0.9999999914850507 1
1678235226699 0.9999999914850507 1
1678235275938 0.9999999914850507 1
1678235325236 0.9999999914850507 1
1678235374539 0.9999999914850507 1
1678235423654 0.9999999914850507 1
