1678233799040 25501.005301339286 1
1678233848168 25501.005301339286 1
1678233897318 25501.005301339286 1
1678233946398 25501.005301339286 1
1678233995573 25501.005301339286 1
1678234044633 25501.005301339286 1
1678234094008 25501.005301339286 1
1678234143199 25501.005301339286 1
1678234192475 25501.005301339286 1
1678234241628 25501.005301339286 1
1678234290894 25501.005301339286 1
1678234340098 25501.005301339286 1
1678234389344 25501.005301339286 1
1678234438520 25501.005301339286 1
1678234487608 25501.005301339286 1
1678234536947 25501.005301339286 1
1678234586414 25501.005301339286 1
1678234635720 25501.005301339286 1
1678234685200 25501.005301339286 1
1678234734431 25501.005301339286 1
1678234783832 25501.005301339286 1
1678234833070 25501.005301339286 1
1678234882462 25501.005301339286 1
1678234931578 25501.005301339286 1
1678234980755 25501.005301339286 1
1678235029928 25501.005301339286 1
1678235079101 25501.005301339286 1
1678235128316 25501.005301339286 1
1678235177526 25501.005301339286 1
1678235226694 25501.005301339286 1
1678235275934 25501.005301339286 1
1678235325231 25501.005301339286 1
1678235374534 25501.005301339286 1
1678235423649 25501.005301339286 1
