1678281870374 158.53276932827754 1
1678281870944 158.53276932827754 1
1678281871506 158.53276932827754 1
1678281872093 158.53276932827754 1
1678281872760 158.53276932827754 1
1678281873317 158.53276932827754 1
1678281873872 158.53276932827754 1
1678281874429 158.53276932827754 1
1678281874983 158.53276932827754 1
1678281875536 158.53276932827754 1
1678281876090 158.53276932827754 1
1678281876659 158.53276932827754 1
1678281877248 158.53276932827754 1
1678281877816 158.53276932827754 1
1678281878375 158.53276932827754 1
1678281878937 158.53276932827754 1
1678281879497 158.53276932827754 1
1678281880051 158.53276932827754 1
1678281880605 158.53276932827754 1
