1678281870377 0.9999999914850507 1
1678281870946 0.9999999914850507 1
1678281871508 0.9999999914850507 1
1678281872095 0.9999999914850507 1
1678281872762 0.9999999914850507 1
1678281873319 0.9999999914850507 1
1678281873874 0.9999999914850507 1
1678281874431 0.9999999914850507 1
1678281874985 0.9999999914850507 1
1678281875538 0.9999999914850507 1
1678281876092 0.9999999914850507 1
1678281876661 0.9999999914850507 1
1678281877250 0.9999999914850507 1
1678281877818 0.9999999914850507 1
1678281878377 0.9999999914850507 1
1678281878939 0.9999999914850507 1
1678281879499 0.9999999914850507 1
1678281880053 0.9999999914850507 1
1678281880607 0.9999999914850507 1
