1678281870372 25132.63895089286 1
1678281870942 25132.63895089286 1
1678281871504 25132.63895089286 1
1678281872092 25132.63895089286 1
1678281872758 25132.63895089286 1
1678281873315 25132.63895089286 1
1678281873871 25132.63895089286 1
1678281874427 25132.63895089286 1
1678281874981 25132.63895089286 1
1678281875534 25132.63895089286 1
1678281876088 25132.63895089286 1
1678281876657 25132.63895089286 1
1678281877246 25132.63895089286 1
1678281877815 25132.63895089286 1
1678281878373 25132.63895089286 1
1678281878935 25132.63895089286 1
1678281879496 25132.63895089286 1
1678281880049 25132.63895089286 1
1678281880603 25132.63895089286 1
