1678281390990 31.53947387068498 1
1678281391615 30.236925418454184 1
1678281392217 28.38570252627467 1
1678281392813 25.812718720698644 1
1678281393411 22.411811377084383 1
1678281394008 18.546649398469192 1
1678281394605 15.756445986413556 1
1678281395200 15.518444706737574 1
1678281395797 15.573379224434639 1
1678281396419 15.14754674635585 1
1678281397034 15.037370686959767 1
1678281397629 14.990044768897427 1
1678281398225 14.88520204851488 1
1678281398820 14.801787786133694 1
1678281399415 14.731879235753489 1
1678281400010 14.655000241201463 1
1678281400606 14.581104175664642 1
1678281401221 14.508159577835416 1
1678281401839 14.433348710586712 1
1678281402447 14.357684929760481 1
1678281403056 14.280673025817533 1
1678281403664 14.201900292087306 1
1678281404273 14.121107565815214 1
1678281404873 14.037632014206197 1
1678281405469 13.950623222840765 1
1678281406077 13.859439328093986 1
1678281406792 13.763158511370996 1
1678281407402 13.660965992151787 1
1678281408008 13.55230566827943 1
1678281408605 13.438473201754734 1
1678281409202 13.32287569926324 1
1678281409797 13.209183828148939 1
1678281410392 13.098122824786884 1
1678281410996 12.987855625410697 1
1678281411617 12.875724105472063 1
1678281412229 12.7567701129957 1
1678281412834 12.626716809984835 1
1678281413429 12.501906592877393 1
1678281414024 12.390336214911793 1
1678281414619 12.275897974194134 1
1678281415214 12.160689894673954 1
1678281415810 12.045831985374281 1
1678281416431 11.929699468343468 1
1678281417046 11.811192908021823 1
1678281417642 11.690721130616813 1
1678281418240 11.567722204654025 1
1678281418844 11.442161497548414 1
1678281419449 11.313574109949629 1
1678281420053 11.181469045977721 1
1678281420658 11.04553641261973 1
1678281421267 10.905538191424984 1
1678281421878 10.761235243221892 1
1678281422486 10.612393839582916 1
1678281423092 10.458944645491101 1
1678281423687 10.300989691265551 1
1678281424282 10.1384276037754 1
1678281424877 9.97169838476665 1
1678281425472 9.801934507854108 1
1678281426075 9.630151788918429 1
1678281426686 9.457348928564848 1
1678281427295 9.284099396514057 1
1678281427896 9.112325148088834 1
1678281428491 8.94345973312019 1
1678281429087 8.779037561471068 1
1678281429683 8.620018161985934 1
1678281430278 8.468491956030135 1
1678281430875 8.324709995476663 1
1678281431487 8.190503017935006 1
1678281432096 8.065466452300942 1
1678281432694 7.948696105635834 1
1678281433289 7.84015814274143 1
1678281433884 7.7385891353620195 1
1678281434552 7.644477570596809 1
1678281435149 7.556670408961723 1
1678281435745 7.474922069684642 1
1678281436362 7.398114979853108 1
1678281436982 7.329572410921809 1
1678281437590 7.2624212511650414 1
1678281438185 7.204854808927907 1
1678281438780 7.14967120898012 1
1678281439375 7.096792194118292 1
1678281439974 7.047250442242647 1
1678281440572 6.995087904781427 1
1678281441178 6.94572046140087 1
1678281441797 6.90086876117063 1
1678281442395 6.848550385760495 1
1678281442990 6.80320223252473 1
1678281443583 6.7628268726727505 1
1678281444175 6.723376169935307 1
1678281444768 6.6883636039226415 1
1678281445361 6.649617401491346 1
1678281445958 6.616781602217916 1
1678281446577 6.575947505016116 1
1678281447184 6.541194288966233 1
1678281447778 6.499941144404299 1
1678281448370 6.46448649611724 1
1678281448963 6.416640220875405 1
1678281449556 6.374292628261375 1
1678281450149 6.316036803677837 1
1678281450741 6.260130361664761 1
1678281451354 6.188877871566802 1
1678281451971 6.117492812927075 1
1678281452577 6.047853758869783 1
1678281453175 5.980889403376384 1
1678281453768 5.928313021518895 1
1678281454362 5.873862924660177 1
1678281454955 5.8285995868729295 1
1678281455549 5.792633279167571 1
1678281456153 5.7546061435223725 1
1678281456773 5.716259976344027 1
1678281457373 5.68319510483709 1
1678281457966 5.65050693750342 1
1678281458560 5.618027474008384 1
1678281459155 5.592170802950889 1
1678281459749 5.565551998204007 1
1678281460343 5.53461440801621 1
1678281460947 5.507324543433861 1
1678281461567 5.48667333541471 1
1678281462173 5.474571797546357 1
1678281462860 5.453475434968675 1
1678281463456 5.441561605445891 1
1678281464052 5.4189272233232755 1
1678281464647 5.4041961120101325 1
1678281465241 5.386825328101749 1
1678281465835 5.37114775236651 1
1678281466441 5.359122540852354 1
1678281467050 5.342926216844667 1
1678281467644 5.3279743916416935 1
1678281468239 5.320758023902449 1
1678281468833 5.309359428391267 1
1678281469429 5.298388599652699 1
1678281470023 5.287222702242743 1
1678281470617 5.276323511703339 1
1678281471220 5.263807680919345 1
1678281471834 5.252221240931574 1
1678281472431 5.248818919915195 1
1678281473026 5.239901087294321 1
1678281473620 5.228565106920386 1
1678281474215 5.216063004328004 1
1678281474809 5.199558837747215 1
1678281475403 5.185924008304731 1
1678281476002 5.192040483510448 1
1678281476617 5.192670782743932 1
1678281477223 5.188159080040374 1
1678281477818 5.176078553413752 1
1678281478412 5.162988158943187 1
1678281479006 5.152002951945261 1
1678281479600 5.147034386694738 1
1678281480195 5.135115234465895 1
1678281480789 5.1230433380777916 1
1678281481401 5.118691419542039 1
1678281482012 5.115015864939617 1
1678281482606 5.106903905165973 1
1678281483200 5.094413292883298 1
1678281483794 5.080237798799867 1
1678281484396 5.068592449008866 1
1678281484993 5.06070579207352 1
1678281485587 5.054150917377013 1
1678281486187 5.05626274052045 1
1678281486797 5.049151063000232 1
1678281487396 5.033543332307686 1
1678281487991 5.0261024062945205 1
1678281488657 5.0154108698676 1
1678281489254 5.003726088563832 1
1678281489848 4.998516053288751 1
1678281490442 4.992863684984603 1
1678281491038 4.97659417412023 1
1678281491645 4.982563460058492 1
1678281492244 4.966658406480874 1
1678281492837 4.964434097126822 1
1678281493430 4.953863060566781 1
1678281494024 4.943917434334511 1
1678281494620 4.9370166341917034 1
1678281495214 4.9263594977162795 1
1678281495806 4.920675935247137 1
1678281496410 4.9182245189522655 1
1678281497016 4.9187121135189456 1
1678281497611 4.909771225776928 1
1678281498204 4.893212222997057 1
1678281498797 4.892597756456551 1
1678281499390 4.891330739457543 1
1678281499983 4.885105348943982 1
1678281500576 4.8715804686434785 1
1678281501174 4.862946893313006 1
1678281501780 4.862612009316896 1
1678281502378 4.852517036940965 1
1678281502971 4.8467147262368275 1
1678281503564 4.841959792125238 1
1678281504157 4.838357002777712 1
1678281504750 4.835137849393265 1
1678281505343 4.83308038535108 1
1678281505935 4.832292497936114 1
1678281506544 4.822160723767523 1
1678281507147 4.8148512890901 1
1678281507739 4.803275501862016 1
1678281508332 4.796626677904235 1
1678281508925 4.789804138493384 1
1678281509520 4.784908657953186 1
1678281510114 4.782363662172255 1
1678281510706 4.778441529480731 1
