1678281390992 0.8063094530786786 1
1678281391617 0.7401468924113682 1
1678281392218 0.6735908899988446 1
1678281392815 0.6208301442010062 1
1678281393413 0.5971679432051522 1
1678281394010 0.6337260944502694 1
1678281394606 0.7632390856742859 1
1678281395202 0.9121382832527161 1
1678281395798 0.9323025601250785 1
1678281396420 0.8591717396463666 1
1678281397035 0.8034048676490784 1
1678281397631 0.7889054928507123 1
1678281398227 0.8001746194703239 1
1678281398822 0.8141149112156459 1
1678281399416 0.8155094385147095 1
1678281400012 0.8054956793785095 1
1678281400607 0.7943028552191598 1
1678281401223 0.7879913023539952 1
1678281401840 0.7853827135903495 1
1678281402449 0.7824826751436506 1
1678281403058 0.7773597495896476 1
1678281403666 0.7709390606198993 1
1678281404274 0.7647915652820042 1
1678281404875 0.7591884902545384 1
1678281405471 0.7533702594893319 1
1678281406079 0.7467783859797886 1
1678281406794 0.7394654325076512 1
1678281407403 0.7316694855690002 1
1678281408009 0.7233778834342957 1
1678281408607 0.7146956069128854 1
1678281409203 0.7063566786902291 1
1678281409799 0.6992809517042977 1
1678281410394 0.6929945179394313 1
1678281410997 0.6859953829220363 1
1678281411619 0.6781830447060722 1
1678281412230 0.6695743884359088 1
1678281412836 0.6589697429112026 1
1678281413431 0.6498277698244367 1
1678281414026 0.6458355954715184 1
1678281414621 0.6365094014576503 1
1678281415216 0.6287808418273926 1
1678281415811 0.6201573865754264 1
1678281416433 0.6120266829218183 1
1678281417047 0.6033644122736794 1
1678281417644 0.5946579703262874 1
1678281418242 0.5855340531894139 1
1678281418846 0.5762506297656468 1
1678281419450 0.5664883724280766 1
1678281420054 0.5566526012761253 1
1678281420659 0.5463198678834098 1
1678281421268 0.5357823499611446 1
1678281421880 0.5248088623796191 1
1678281422488 0.5137068714414325 1
1678281423093 0.5020640960761479 1
1678281423688 0.4900827578135899 1
1678281424284 0.4777588333402361 1
1678281424879 0.4651944041252136 1
1678281425474 0.45224362186023165 1
1678281426076 0.43902609177998136 1
1678281426688 0.4258249487195696 1
1678281427297 0.41270393984658377 1
1678281427898 0.39962510977472576 1
1678281428493 0.3866723052092961 1
1678281429089 0.3740060670035226 1
1678281429685 0.3617364764213562 1
1678281430280 0.34998010311807903 1
1678281430877 0.3387887179851532 1
1678281431489 0.3282117715903691 1
1678281432097 0.3181371901716505 1
1678281432695 0.3087231431688581 1
1678281433291 0.2996742044176374 1
1678281433886 0.291046461888722 1
1678281434553 0.2827639324324472 1
1678281435150 0.2748196870088577 1
1678281435746 0.26731436806065695 1
1678281436364 0.26019107018198284 1
1678281436983 0.25361193077904837 1
1678281437591 0.2474064358643123 1
1678281438187 0.24175036805016653 1
1678281438782 0.23636306822299957 1
1678281439377 0.23143648675509862 1
1678281439976 0.22695698482649668 1
1678281440574 0.22277349020753587 1
1678281441180 0.2188351239476885 1
1678281441799 0.21528471367699759 1
1678281442397 0.2118016460112163 1
1678281442992 0.2088242769241333 1
1678281443585 0.20584556886128016 1
1678281444177 0.20307575166225433 1
1678281444769 0.20052118599414825 1
1678281445362 0.19808976990836008 1
1678281445959 0.19605624675750732 1
1678281446579 0.19376143600259507 1
1678281447186 0.19177107512950897 1
1678281447779 0.18970684920038497 1
1678281448372 0.1878318658896855 1
1678281448965 0.18592253965990885 1
1678281449557 0.18431575170585088 1
1678281450150 0.18200957562242234 1
1678281450743 0.1799034242119108 1
1678281451356 0.17744179708617075 1
1678281451973 0.17474355229309627 1
1678281452578 0.17213233241013118 1
1678281453176 0.16981145100934164 1
1678281453770 0.16811398523194448 1
1678281454364 0.16622537587370192 1
1678281454957 0.16495413439614431 1
1678281455550 0.16401815627302443 1
1678281456155 0.16315185597964696 1
1678281456774 0.16236692028386251 1
1678281457374 0.16170586858476912 1
1678281457968 0.16101900594575064 1
1678281458562 0.16036272261823928 1
1678281459157 0.1598347829920905 1
1678281459751 0.15927477393831527 1
1678281460346 0.15858463091509684 1
1678281460950 0.15788086823054723 1
1678281461569 0.15742781545434678 1
1678281462175 0.15704296742166793 1
1678281462862 0.15663517585822515 1
1678281463458 0.15617455329213822 1
1678281464054 0.15570640563964844 1
1678281464648 0.15519931060927256 1
1678281465243 0.15479164038385665 1
1678281465837 0.1543744525739125 1
1678281466442 0.1540048292704991 1
1678281467051 0.15356984308787755 1
1678281467646 0.15315870940685272 1
1678281468240 0.15286035409995488 1
1678281468835 0.1525249949523381 1
1678281469430 0.1522137565272195 1
1678281470025 0.15187159180641174 1
1678281470619 0.15152507168906076 1
1678281471222 0.15118754761559622 1
1678281471836 0.15085301867553166 1
1678281472432 0.15067093925816671 1
1678281473027 0.15038960107735225 1
1678281473621 0.1500388021980013 1
1678281474216 0.14960879619632447 1
1678281474811 0.14921656250953674 1
1678281475405 0.1489200187580926 1
1678281476003 0.1488724797964096 1
1678281476619 0.1488405466079712 1
1678281477225 0.14865759866578238 1
1678281477819 0.14836705582482473 1
1678281478414 0.14808616467884608 1
1678281479008 0.14789182799203054 1
1678281479602 0.1477299588067191 1
1678281480196 0.1475063200507845 1
1678281480791 0.1472832305090768 1
1678281481403 0.1471713504620961 1
1678281482014 0.14705855080059596 1
1678281482607 0.14682264626026154 1
1678281483201 0.1465079379933221 1
1678281483796 0.1461626078401293 1
1678281484397 0.14587158922638213 1
1678281484994 0.14561436218874796 1
1678281485588 0.14542933659894125 1
1678281486188 0.14533059831176484 1
1678281486799 0.14513857875551497 1
1678281487398 0.14474582459245408 1
1678281487992 0.1444918183343751 1
1678281488659 0.1442389956542424 1
1678281489255 0.14392765717847006 1
1678281489850 0.14374945312738419 1
1678281490444 0.14357744263751165 1
1678281491040 0.14323838161570684 1
1678281491647 0.14322304725646973 1
1678281492246 0.14299477211066655 1
1678281492839 0.14277355160032 1
1678281493432 0.14261565783194133 1
1678281494025 0.14225407157625472 1
1678281494622 0.14213607140949794 1
1678281495215 0.1418950515133994 1
1678281495808 0.14180144454751695 1
1678281496411 0.14176750076668604 1
1678281497018 0.14177508439336503 1
1678281497613 0.14163693359919957 1
1678281498206 0.1413441939013345 1
1678281498798 0.14125775226524898 1
1678281499391 0.14124945338283265 1
1678281499985 0.1410687416791916 1
1678281500577 0.1408277771302632 1
1678281501176 0.1406147118125643 1
1678281501782 0.1405382635337966 1
1678281502380 0.14039271644183568 1
1678281502973 0.14017602162701742 1
1678281503565 0.140101786170687 1
1678281504159 0.1399545669555664 1
1678281504752 0.1398200946194785 1
1678281505344 0.1397624739578792 1
1678281505937 0.13962016893284662 1
1678281506546 0.13937003910541534 1
1678281507148 0.13920519288097108 1
1678281507741 0.13896676365818297 1
1678281508334 0.13880643993616104 1
1678281508927 0.1386674844792911 1
1678281509522 0.1385697073170117 1
1678281510115 0.13854901918343135 1
1678281510708 0.13848521347556794 1
