1678281390945 994.7384120396206 1
1678281391613 914.2716587611607 1
1678281392215 805.7481079101562 1
1678281392812 666.2964477539062 1
1678281393410 502.28928920200894 1
1678281394006 343.9782039097377 1
1678281394603 248.26559012276786 1
1678281395198 240.82212611607142 1
1678281395795 242.53014046805245 1
1678281396417 229.44817243303572 1
1678281397032 226.12251717703683 1
1678281397627 224.7014421735491 1
1678281398223 221.5692400251116 1
1678281398818 219.0929216657366 1
1678281399413 217.02826581682478 1
1678281400008 214.76903206961495 1
1678281400604 212.60859898158483 1
1678281401219 210.4866943359375 1
1678281401837 208.3215550013951 1
1678281402445 206.1431165422712 1
1678281403054 203.9376220703125 1
1678281403662 201.69397190638952 1
1678281404271 199.40567888532365 1
1678281404871 197.05511256626673 1
1678281405467 194.61988830566406 1
1678281406075 192.0840584891183 1
1678281406790 189.4245322091239 1
1678281407400 186.62199183872767 1
1678281408006 183.6649889264788 1
1678281408604 180.59256199428015 1
1678281409200 177.49901689801897 1
1678281409795 174.48253740583147 1
1678281410391 171.56082153320312 1
1678281410994 168.68439374651228 1
1678281411615 165.78427124023438 1
1678281412227 162.7351837158203 1
1678281412832 159.43397739955358 1
1678281413427 156.29766845703125 1
1678281414022 153.5204315185547 1
1678281414617 150.69767107282365 1
1678281415213 147.88237871442522 1
1678281415808 145.10206821986608 1
1678281416430 142.31772940499442 1
1678281417044 139.504277910505 1
1678281417641 136.67296055385046 1
1678281418238 133.81219700404577 1
1678281418842 130.92305973597936 1
1678281419447 127.99695914132255 1
1678281420051 125.02525002615792 1
1678281420656 122.00387464250836 1
1678281421265 118.9307632446289 1
1678281421876 115.80418395996094 1
1678281422485 112.62290300641742 1
1678281423090 109.38952309744698 1
1678281423685 106.11038861955915 1
1678281424280 102.78771427699498 1
1678281424876 99.43476867675781 1
1678281425470 96.07792009626117 1
1678281426072 92.73982347760882 1
1678281426685 89.44144875662667 1
1678281427293 86.19450160435268 1
1678281427894 83.03446960449219 1
1678281428490 79.98547199794224 1
1678281429086 77.07150050571987 1
1678281429681 74.30471311296735 1
1678281430276 71.7153560093471 1
1678281430873 69.30079650878906 1
1678281431485 67.08433968680245 1
1678281432094 65.05174909319196 1
1678281432692 63.181769779750276 1
1678281433288 61.46807970319475 1
1678281433883 59.88576180594308 1
1678281434550 58.4380373273577 1
1678281435147 57.103267669677734 1
1678281435743 55.87445994785854 1
1678281436360 54.73210525512695 1
1678281436980 53.72263172694615 1
1678281437588 52.742762429373606 1
1678281438183 51.90993281773159 1
1678281438779 51.117798396519255 1
1678281439374 50.36445944649832 1
1678281439972 49.66373879568918 1
1678281440570 48.93125479561942 1
1678281441176 48.24303272792271 1
1678281441795 47.62198965890067 1
1678281442394 46.90264238630022 1
1678281442989 46.283560616629465 1
1678281443581 45.7358273097447 1
1678281444174 45.20378712245396 1
1678281444766 44.73420769827707 1
1678281445359 44.21741158621652 1
1678281445956 43.781798771449495 1
1678281446575 43.24308558872768 1
1678281447183 42.787222726004465 1
1678281447776 42.24923488071987 1
1678281448369 41.789585658482146 1
1678281448962 41.173271724155974 1
1678281449554 40.63160651070731 1
1678281450147 39.892320905412944 1
1678281450740 39.18923214503697 1
1678281451353 38.30220930916922 1
1678281451969 37.423718316214426 1
1678281452575 36.576535088675364 1
1678281453173 35.77103805541992 1
1678281453767 35.14489528111049 1
1678281454360 34.50226565769741 1
1678281454954 33.972573144095286 1
1678281455547 33.554600306919646 1
1678281456152 33.11549186706543 1
1678281456771 32.67562811715262 1
1678281457371 32.298706599644255 1
1678281457965 31.928228650774276 1
1678281458558 31.56223269871303 1
1678281459153 31.272374289376394 1
1678281459747 30.97536904471261 1
1678281460341 30.63195664542062 1
1678281460946 30.330623626708984 1
1678281461566 30.10358428955078 1
1678281462172 29.970936366489955 1
1678281462858 29.74039431980678 1
1678281463454 29.610592705862864 1
1678281464050 29.364772251674108 1
1678281464645 29.20533561706543 1
1678281465240 29.017887115478516 1
1678281465833 28.849228177751815 1
1678281466439 28.72019440787179 1
1678281467048 28.546860558646067 1
1678281467642 28.387311117989675 1
1678281468237 28.310465948922293 1
1678281468831 28.18929753984724 1
1678281469427 28.072921752929688 1
1678281470022 27.95472390311105 1
1678281470615 27.83958980015346 1
1678281471218 27.707671301705496 1
1678281471832 27.5858279636928 1
1678281472429 27.55010005405971 1
1678281473024 27.45656340462821 1
1678281473618 27.337893077305385 1
1678281474213 27.20731326511928 1
1678281474807 27.035412107195175 1
1678281475402 26.893807819911412 1
1678281476000 26.957284382411412 1
1678281476615 26.963829857962473 1
1678281477222 26.916994639805385 1
1678281477816 26.791789191109793 1
1678281478410 26.656446729387557 1
1678281479005 26.543134416852677 1
1678281479598 26.49196297781808 1
1678281480193 26.369408471243723 1
1678281480788 26.245573043823242 1
1678281481399 26.201001848493302 1
1678281482011 26.163387298583984 1
1678281482604 26.08046749659947 1
1678281483198 25.953046798706055 1
1678281483793 25.80881609235491 1
1678281484394 25.690629414149694 1
1678281484991 25.61074311392648 1
1678281485585 25.54444149562291 1
1678281486185 25.565792901175364 1
1678281486795 25.493926456996373 1
1678281487394 25.336558478219168 1
1678281487989 25.26170539855957 1
1678281488656 25.154346193586075 1
1678281489252 25.037274769374303 1
1678281489847 24.98516273498535 1
1678281490441 24.92868777683803 1
1678281491037 24.766489573887416 1
1678281491643 24.825938633510045 1
1678281492242 24.66769572666713 1
1678281492835 24.645605904715403 1
1678281493429 24.540759222848074 1
1678281494022 24.44231959751674 1
1678281494618 24.374133246285574 1
1678281495212 24.269017900739396 1
1678281495805 24.213051659720286 1
1678281496408 24.188932418823242 1
1678281497014 24.193728855678014 1
1678281497609 24.105853489467076 1
1678281498202 23.943525859287806 1
1678281498795 23.937512806483678 1
1678281499388 23.925116402762278 1
1678281499981 23.864254270281112 1
1678281500574 23.732296262468612 1
1678281501172 23.648252487182617 1
1678281501778 23.644995553152903 1
1678281502376 23.546921593802317 1
1678281502969 23.490643637520925 1
1678281503562 23.44457462855748 1
1678281504155 23.409698486328125 1
1678281504748 23.378558022635325 1
1678281505341 23.358666011265345 1
1678281505933 23.351050785609655 1
1678281506543 23.25323404584612 1
1678281507145 23.182792936052596 1
1678281507738 23.071455546787806 1
1678281508330 23.007627487182617 1
1678281508923 22.942223685128347 1
1678281509518 22.895350864955358 1
1678281510112 22.871002197265625 1
1678281510704 22.833503450666154 1
