1678279514726 116.52235820192406 1
1678279515306 111.95326160768258 1
1678279515865 106.99422912925858 1
1678279516517 101.52117634588257 1
1678279517078 95.42797454568999 1
1678279517661 88.60982154552822 1
1678279518250 80.96286187376394 1
1678279518810 72.38582739606214 1
1678279519369 62.784731724101604 1
1678279519928 52.09316969988081 1
1678279520487 40.3326327080283 1
1678279521047 27.771881156790336 1
1678279521605 15.330110669346679 1
1678279522163 5.967498739444354 1
1678279522748 6.2997213513952035 1
1678279523331 7.371651801555572 1
1678279523891 5.849681970431063 1
1678279524449 4.514567667656286 1
1678279525010 4.441170477333676 1
1678279525568 4.567419874535593 1
1678279526126 4.487587597831078 1
1678279526684 4.388296886049406 1
1678279527243 4.3651881526695515 1
1678279527833 4.366344078972191 1
1678279528417 4.359362217913208 1
1678279528981 4.353186461611672 1
1678279529540 4.35217212008261 1
1678279530098 4.351532522383478 1
1678279530656 4.349336456403067 1
1678279531215 4.346676694215959 1
1678279531773 4.344186241457954 1
1678279532336 4.341854171811226 1
1678279532927 4.339667068579487 1
1678279533507 4.3375794982535 1
1678279534076 4.335466317555285 1
1678279534646 4.3332620621853115 1
1678279535216 4.330986568230412 1
1678279535786 4.328679034070486 1
1678279536352 4.326366096671167 1
1678279536914 4.324050709049623 1
1678279537485 4.321724797063971 1
1678279538076 4.319379796007871 1
1678279538651 4.317010830518258 1
1678279539221 4.314619187321433 1
1678279539790 4.312213058876953 1
1678279540360 4.309793163794961 1
1678279540995 4.307360348681331 1
1678279541555 4.304912708613346 1
1678279542114 4.30245224488029 1
1678279542694 4.299979204780253 1
1678279543282 4.297492504584111 1
1678279543844 4.294995593955785 1
1678279544407 4.292486820519691 1
1678279544968 4.289969783832793 1
1678279545527 4.287442054341079 1
1678279546085 4.284917475787537 1
1678279546643 4.282391218048177 1
1678279547202 4.279863691973322 1
1678279547786 4.277329544272725 1
1678279548371 4.274787281196817 1
1678279548937 4.2722401250337 1
1678279549495 4.26968659923661 1
1678279550053 4.26713014055171 1
1678279550611 4.26456654270443 1
1678279551169 4.262007891946416 1
1678279551727 4.259460434288214 1
1678279552285 4.2569119802285265 1
1678279552874 4.25435879724806 1
1678279553456 4.2518045937795375 1
1678279554026 4.249247941226057 1
1678279554592 4.24669327841844 1
1678279555152 4.244138361911623 1
1678279555712 4.241615969468861 1
1678279556272 4.2391168711093385 1
1678279556832 4.23664105981897 1
1678279557396 4.234171877077805 1
1678279557985 4.231701317967268 1
1678279558563 4.229232166560678 1
1678279559133 4.226769050686399 1
1678279559695 4.224310900486248 1
1678279560253 4.221857514879166 1
1678279560814 4.21940627064721 1
1678279561373 4.2169594815075895 1
1678279561931 4.214517333013597 1
1678279562498 4.212081418135608 1
1678279563086 4.209649401338335 1
1678279563662 4.207224414265312 1
1678279564232 4.204805756260887 1
1678279564794 4.202392919542149 1
1678279565352 4.200004582175525 1
1678279565910 4.1976460600976235 1
1678279566468 4.195297854134867 1
1678279567118 4.192953109478502 1
1678279567697 4.190609653729674 1
1678279568286 4.1882765157757555 1
1678279568851 4.185954852005417 1
1678279569409 4.183641913519528 1
1678279569969 4.181334896394703 1
1678279570527 4.17903736390607 1
1678279571086 4.176750783227284 1
1678279571644 4.174475563989906 1
1678279572203 4.172247431721255 1
1678279572784 4.170030817961502 1
1678279573370 4.167814512638351 1
1678279573935 4.1656056297472475 1
1678279574494 4.1634224895954794 1
1678279575052 4.161270240112736 1
1678279575611 4.1591252298545065 1
1678279576170 4.156978490067943 1
1678279576728 4.154841150451164 1
1678279577286 4.152718392660515 1
1678279577870 4.150609172292191 1
1678279578453 4.148505874575246 1
1678279579011 4.1464115149512235 1
1678279579570 4.144330281924232 1
1678279580129 4.142259465405605 1
1678279580687 4.140200413735885 1
1678279581246 4.138150148509758 1
1678279581803 4.136111037929694 1
1678279582361 4.134086097416037 1
1678279582950 4.132069742705409 1
1678279583530 4.130066983930983 1
1678279584099 4.128078913480392 1
1678279584669 4.126099312021286 1
1678279585232 4.124134815193896 1
1678279585792 4.122185956871897 1
1678279586355 4.1202507587686 1
1678279586920 4.118342373348016 1
1678279587485 4.116430488578982 1
1678279588076 4.114541141967415 1
1678279588648 4.112679234192091 1
1678279589206 4.1108293088984755 1
1678279589764 4.108985248339859 1
1678279590323 4.107158371795353 1
1678279590881 4.105349482071264 1
1678279591439 4.103552909106391 1
1678279591999 4.101766360659718 1
1678279592638 4.099997027326297 1
1678279593229 4.098241906261479 1
1678279593796 4.096499053542576 1
1678279594359 4.094769299987142 1
1678279594919 4.093054626044931 1
1678279595477 4.091354467937911 1
1678279596036 4.0896655457801225 1
1678279596594 4.087991806047657 1
1678279597153 4.086331533705407 1
1678279597728 4.084685128742433 1
1678279598318 4.083051840493005 1
1678279598883 4.081431801534935 1
1678279599434 4.079825111134996 1
1678279599976 4.07823083298635 1
1678279600518 4.076650017652843 1
1678279601061 4.075083098705171 1
1678279601602 4.073529440002006 1
1678279602143 4.071987450754045 1
1678279602708 4.070457529131088 1
1678279603297 4.068941329398607 1
1678279603857 4.067437895544311 1
1678279604398 4.065947241729221 1
1678279604940 4.06446800771285 1
1678279605483 4.0630015137031394 1
1678279606025 4.061545660248816 1
1678279606566 4.060103847912417 1
1678279607107 4.058671711110372 1
1678279607668 4.057251728159071 1
1678279608256 4.0558463975451 1
1678279608827 4.054448963628005 1
1678279609377 4.053063922030701 1
1678279609920 4.051688191936423 1
1678279610460 4.050324675582807 1
1678279611000 4.048971383262338 1
1678279611542 4.047628695479149 1
1678279612083 4.046295141305581 1
1678279612640 4.044975175682011 1
1678279613229 4.043663202197769 1
1678279613804 4.042360930630135 1
1678279614373 4.041069820045646 1
1678279614936 4.039785530705094 1
1678279615501 4.038529237791578 1
1678279616067 4.037268639489943 1
1678279616636 4.036027884084425 1
1678279617289 4.03480307302598 1
1678279617870 4.033582838268588 1
1678279618457 4.032368282024744 1
1678279619041 4.031166726368589 1
1678279619601 4.029973652864082 1
1678279620167 4.028787682573757 1
1678279620737 4.027610749872279 1
1678279621299 4.026439479071706 1
1678279621857 4.0252768366334 1
1678279622416 4.024121475810859 1
1678279623003 4.022975282401254 1
1678279623585 4.021833860508952 1
1678279624148 4.020700619585302 1
1678279624707 4.019610595767338 1
1678279625266 4.018489560203896 1
1678279625824 4.017399886012551 1
1678279626382 4.016333457619352 1
1678279626941 4.015254870368747 1
1678279627501 4.014187379998904 1
