1678279514729 0.7449522869927543 1
1678279515307 0.7172550218445914 1
1678279515867 0.6871847595487323 1
1678279516518 0.6539856110300336 1
1678279517079 0.6169954878943307 1
1678279517663 0.5755495514188494 1
1678279518251 0.5289759295327323 1
1678279518812 0.47659880348614286 1
1678279519371 0.4177576516355787 1
1678279519930 0.35191793526921955 1
1678279520489 0.27901753996099743 1
1678279521048 0.2003666034766606 1
1678279521607 0.12068161474806922 1
1678279522165 0.05951103035892759 1
1678279522750 0.06057770922780037 1
1678279523333 0.06575519910880498 1
1678279523892 0.05783768743276596 1
1678279524451 0.050334123096295764 1
1678279525012 0.04995211267045566 1
1678279525569 0.05082030115383012 1
1678279526127 0.05020798370242119 1
1678279526686 0.04950611825500216 1
1678279527244 0.049315650548253744 1
1678279527835 0.0493147900061948 1
1678279528419 0.04924134910106659 1
1678279528983 0.0491800494492054 1
1678279529542 0.0491605597947325 1
1678279530100 0.049143697534288676 1
1678279530657 0.04911207194839205 1
1678279531216 0.04907734638878277 1
1678279531775 0.04904345742293766 1
1678279532337 0.04901067380394254 1
1678279532929 0.04897924672280039 1
1678279533508 0.048948555652584345 1
1678279534078 0.0489172807761601 1
1678279534648 0.04888486223561423 1
1678279535217 0.04885168160711016 1
1678279535787 0.04881802148052624 1
1678279536353 0.04878409206867218 1
1678279536916 0.0487499183842114 1
1678279537487 0.048715422728231976 1
1678279538078 0.048680536448955536 1
1678279538653 0.04864523559808731 1
1678279539222 0.04860951219286237 1
1678279539792 0.048573821250881465 1
1678279540361 0.04853776948792594 1
1678279540997 0.04850137819136892 1
1678279541557 0.04846463565315519 1
1678279542116 0.04842755464570863 1
1678279542696 0.04839026661855834 1
1678279543283 0.048352831708533425 1
1678279543846 0.04831533293638911 1
1678279544409 0.04827767823423658 1
1678279544969 0.04823971859046391 1
1678279545528 0.048201434314250946 1
1678279546087 0.048163129815033505 1
1678279546645 0.04812461829611233 1
1678279547203 0.04808594658970833 1
1678279547788 0.04804712374295507 1
1678279548373 0.048007997018950324 1
1678279548938 0.04796861697520528 1
1678279549496 0.047929024057728906 1
1678279550054 0.04788916877337864 1
1678279550612 0.047849267188991816 1
1678279551170 0.047809425209249766 1
1678279551729 0.04776951936738832 1
1678279552287 0.04772954327719552 1
1678279552876 0.047689441059316905 1
1678279553458 0.047649099358490536 1
1678279554028 0.04760854318737984 1
1678279554593 0.04756779649427959 1
1678279555154 0.047527034900018146 1
1678279555713 0.04748690979821341 1
1678279556273 0.04744702098625047 1
1678279556833 0.04740749831710543 1
1678279557398 0.04736799054912159 1
1678279557986 0.04732832099710192 1
1678279558565 0.04728898565684046 1
1678279559134 0.047249546008450646 1
1678279559697 0.047210006309407096 1
1678279560254 0.04717096473489489 1
1678279560816 0.04713185184768268 1
1678279561374 0.0470927038363048 1
1678279561932 0.04705373038138662 1
1678279562499 0.047015034194503515 1
1678279563088 0.04697637951799801 1
1678279563664 0.04693757157240595 1
1678279564234 0.046898633773837774 1
1678279564795 0.046859581023454666 1
1678279565353 0.046820847051484246 1
1678279565911 0.04678245208093098 1
1678279566469 0.04674407520464489 1
1678279567120 0.046705614243234904 1
1678279567698 0.0466671639255115 1
1678279568288 0.04662875937564032 1
1678279568852 0.04659063741564751 1
1678279569411 0.04655277409723827 1
1678279569970 0.04651478465114321 1
1678279570529 0.046476680253233225 1
1678279571088 0.046438493366752355 1
1678279571646 0.046400535851716995 1
1678279572205 0.04636312222906521 1
1678279572786 0.046326043350355964 1
1678279573372 0.046289079423461645 1
1678279573937 0.04625197606427329 1
1678279574496 0.04621504832591329 1
1678279575054 0.04617828928998539 1
1678279575613 0.046141518013817925 1
1678279576171 0.04610458388924599 1
1678279576729 0.046067528426647186 1
1678279577288 0.046030428260564804 1
1678279577872 0.04599339834281376 1
1678279578454 0.04595655309302466 1
1678279579013 0.04591963865927288 1
1678279579572 0.04588270825999124 1
1678279580130 0.04584571293422154 1
1678279580689 0.045808703771659305 1
1678279581247 0.04577175687466349 1
1678279581805 0.045734845634017675 1
1678279582363 0.045698270201683044 1
1678279582951 0.04566182515450886 1
1678279583532 0.0456254498234817 1
1678279584100 0.04558932674782617 1
1678279584670 0.045553192496299744 1
1678279585234 0.045517023120607646 1
1678279585793 0.04548086438860212 1
1678279586356 0.04544469501291003 1
1678279586922 0.04540866932698658 1
1678279587487 0.04537251751337733 1
1678279588077 0.04533634441239493 1
1678279588650 0.04530033628855433 1
1678279589207 0.04526447504758835 1
1678279589765 0.04522867128252983 1
1678279590324 0.045192885611738474 1
1678279590882 0.04515718934791429 1
1678279591441 0.045121553753103526 1
1678279592000 0.045086268335580826 1
1678279592640 0.045051139912434986 1
1678279593231 0.04501605087092945 1
1678279593798 0.04498122526066644 1
1678279594361 0.0449466093310288 1
1678279594920 0.044912018946238925 1
1678279595479 0.04487747060401099 1
1678279596038 0.04484317771026066 1
1678279596596 0.04480913121785436 1
1678279597154 0.044775129428931644 1
1678279597730 0.04474123673779624 1
1678279598320 0.044707633554935455 1
1678279598884 0.04467415064573288 1
1678279599436 0.044640783220529556 1
1678279599978 0.04460778087377548 1
1678279600519 0.04457500098007066 1
1678279601063 0.0445422711116927 1
1678279601604 0.0445096173456737 1
1678279602145 0.04447700934750693 1
1678279602710 0.04444444977811405 1
1678279603299 0.04441197216510773 1
1678279603859 0.04437961855104992 1
1678279604400 0.04434746131300926 1
1678279604942 0.044315687247685025 1
1678279605485 0.044284326157399585 1
1678279606027 0.04425312525459698 1
1678279606567 0.044222106358834674 1
1678279607109 0.04419116037232535 1
1678279607670 0.044160284634147375 1
1678279608258 0.04412951160754476 1
1678279608828 0.044098799249955585 1
1678279609379 0.044068174702780585 1
1678279609921 0.0440376986350332 1
1678279610461 0.04400767918143954 1
1678279611002 0.043977824704987664 1
1678279611543 0.043948378413915634 1
1678279612084 0.043918994920594354 1
1678279612642 0.04388976948601859 1
1678279613231 0.0438607106251376 1
1678279613805 0.04383172999535288 1
1678279614375 0.043802856866802485 1
1678279614938 0.04377404653600284 1
1678279615502 0.043745611395154683 1
1678279616068 0.04371720179915428 1
1678279616638 0.04368889491472926 1
1678279617291 0.04366081314427512 1
1678279617872 0.04363285217966352 1
1678279618475 0.04360525842223849 1
1678279619043 0.04357785412243435 1
1678279619603 0.04355102404952049 1
1678279620168 0.04352452978491783 1
1678279620738 0.04349822657448905 1
1678279621300 0.04347200798136847 1
1678279621859 0.0434458889067173 1
1678279622417 0.04341989915285792 1
1678279623005 0.04339402009333883 1
1678279623586 0.04336822511894362 1
1678279624149 0.04334253338830812 1
1678279624708 0.04331747389265469 1
1678279625268 0.04329204985073635 1
1678279625826 0.043266775352614265 1
1678279626384 0.043241840920278 1
1678279626942 0.04321718482034547 1
1678279627502 0.043192709663084576 1
