1678279514723 13577.4599609375 1
1678279515304 12533.532784598214 1
1678279515863 11447.765066964286 1
1678279516515 10306.549246651786 1
1678279517076 9106.498325892857 1
1678279517659 7851.700474330357 1
1678279518248 6554.985002790178 1
1678279518808 5239.7080078125 1
1678279519367 3941.922537667411 1
1678279519926 2713.69832938058 1
1678279520485 1626.7212611607142 1
1678279521045 771.2773829868862 1
1678279521603 235.01229313441686 1
1678279522161 35.61104120526995 1
1678279522746 39.68648910522461 1
1678279523329 54.34125028337751 1
1678279523889 34.21877915518625 1
1678279524448 20.38132122584752 1
1678279525008 19.723995208740234 1
1678279525566 20.861324310302734 1
1678279526124 20.13844244820731 1
1678279526682 19.25714956011091 1
1678279527241 19.054867608206614 1
1678279527831 19.064960615975515 1
1678279528415 19.004038946969168 1
1678279528980 18.950232369559153 1
1678279529538 18.941402162824357 1
1678279530097 18.93583529336112 1
1678279530654 18.91672761099679 1
1678279531213 18.893598284040177 1
1678279531771 18.871954100472585 1
1678279532334 18.851697649274552 1
1678279532925 18.83271026611328 1
1678279533505 18.814595903669083 1
1678279534075 18.796268190656388 1
1678279534644 18.7771600995745 1
1678279535214 18.757444654192245 1
1678279535784 18.737462180001394 1
1678279536350 18.71744360242571 1
1678279536913 18.697414534432546 1
1678279537484 18.677305221557617 1
1678279538074 18.657041822160995 1
1678279538649 18.63658251081194 1
1678279539219 18.61593873160226 1
1678279539788 18.595181465148926 1
1678279540358 18.574317114693777 1
1678279540993 18.55335317339216 1
1678279541554 18.53227342878069 1
1678279542113 18.511095319475448 1
1678279542692 18.48982116154262 1
1678279543280 18.468441826956614 1
1678279543842 18.44698715209961 1
1678279544406 18.42544310433524 1
1678279544966 18.40384074619838 1
1678279545525 18.38215936933245 1
1678279546083 18.360517774309432 1
1678279546642 18.338874544416154 1
1678279547200 18.31723322187151 1
1678279547783 18.295548030308314 1
1678279548369 18.27380629948207 1
1678279548935 18.252035685947963 1
1678279549493 18.230223655700684 1
1678279550051 18.208399636404856 1
1678279550609 18.186527797154017 1
1678279551167 18.164711271013534 1
1678279551725 18.14300319126674 1
1678279552284 18.121299607413157 1
1678279552873 18.09956877572196 1
1678279553455 18.07784230368478 1
1678279554025 18.05610806601388 1
1678279554590 18.034403800964355 1
1678279555151 18.012710435049875 1
1678279555710 17.991306032453263 1
1678279556270 17.970111846923828 1
1678279556830 17.949127469744003 1
1678279557394 17.92821148463658 1
1678279557983 17.90729604448591 1
1678279558561 17.886404718671525 1
1678279559131 17.865576607840403 1
1678279559693 17.844802583966935 1
1678279560251 17.824080875941686 1
1678279560813 17.803389276776993 1
1678279561371 17.782747268676758 1
1678279561929 17.762156350272043 1
1678279562496 17.74162987300328 1
1678279563084 17.721148082188197 1
1678279563661 17.700737271990096 1
1678279564230 17.680391447884695 1
1678279564792 17.660106250217982 1
1678279565350 17.64003849029541 1
1678279565908 17.620232445853098 1
1678279566466 17.60052408490862 1
1678279567116 17.580855778285436 1
1678279567695 17.561209269932338 1
1678279568284 17.541660172598704 1
1678279568849 17.522218023027694 1
1678279569408 17.502859660557338 1
1678279569967 17.483561515808105 1
1678279570526 17.46435328892299 1
1678279571084 17.445247105189733 1
1678279571643 17.42624623434884 1
1678279572201 17.407648631504603 1
1678279572782 17.389157022748673 1
1678279573368 17.37067781175886 1
1678279573934 17.35227026258196 1
1678279574493 17.33408682686942 1
1678279575051 17.31617001124791 1
1678279575609 17.298322677612305 1
1678279576168 17.280470166887557 1
1678279576726 17.26270498548235 1
1678279577285 17.24507004874093 1
1678279577868 17.227556501116073 1
1678279578451 17.210100991385325 1
1678279579010 17.192728451320104 1
1678279579568 17.17547348567418 1
1678279580127 17.158313478742325 1
1678279580686 17.141259465898788 1
1678279581244 17.124286651611328 1
1678279581802 17.107414518083846 1
1678279582360 17.090667860848562 1
1678279582948 17.074000358581543 1
1678279583529 17.057453291756765 1
1678279584097 17.041035515921457 1
1678279584667 17.024695532662527 1
1678279585231 17.008487973894393 1
1678279585790 16.992417063031876 1
1678279586353 16.97646631513323 1
1678279586919 16.96074390411377 1
1678279587484 16.944999967302596 1
1678279588074 16.92944880894252 1
1678279588646 16.914130483354842 1
1678279589204 16.898917606898717 1
1678279589762 16.88375977107457 1
1678279590321 16.86874989100865 1
1678279590879 16.8538943699428 1
1678279591438 16.83914647783552 1
1678279591997 16.824487277439662 1
1678279592636 16.809975624084473 1
1678279593227 16.795586722237722 1
1678279593794 16.781304495675222 1
1678279594357 16.767135620117188 1
1678279594917 16.753096171787806 1
1678279595476 16.7391813823155 1
1678279596034 16.72536427634103 1
1678279596592 16.71167700631278 1
1678279597151 16.69810540335519 1
1678279597726 16.68465260096959 1
1678279598316 16.67131233215332 1
1678279598881 16.658085550580704 1
1678279599432 16.644972937447683 1
1678279599975 16.631966727120535 1
1678279600516 16.61907536642892 1
1678279601060 16.60630226135254 1
1678279601600 16.59364209856306 1
1678279602142 16.581081799098424 1
1678279602706 16.56862449645996 1
1678279603295 16.5562835420881 1
1678279603856 16.544051034109934 1
1678279604396 16.53192697252546 1
1678279604939 16.519900185721262 1
1678279605482 16.507981300354004 1
1678279606024 16.496153150285995 1
1678279606564 16.484443255833217 1
1678279607106 16.47281605856759 1
1678279607666 16.461291585649764 1
1678279608255 16.449890000479563 1
1678279608825 16.4385563986642 1
1678279609375 16.427327156066895 1
1678279609918 16.416177204677037 1
1678279610458 16.405129977634974 1
1678279610999 16.39416926247733 1
1678279611540 16.383298056466238 1
1678279612081 16.372504370553152 1
1678279612638 16.36182417188372 1
1678279613227 16.351212092808314 1
1678279613802 16.340681893484934 1
1678279614372 16.33024529048375 1
1678279614935 16.31986713409424 1
1678279615499 16.30971840449742 1
1678279616065 16.29953806740897 1
1678279616634 16.289521081107004 1
1678279617287 16.27963583809989 1
1678279617869 16.269790513174875 1
1678279618455 16.259993961879186 1
1678279619040 16.25030517578125 1
1678279619600 16.24068764277867 1
1678279620165 16.23113019125802 1
1678279620735 16.221648352486746 1
1678279621297 16.212214878627233 1
1678279621856 16.20285361153739 1
1678279622414 16.19355365208217 1
1678279623001 16.184330122811453 1
1678279623583 16.17514760153634 1
1678279624146 16.166033472333634 1
1678279624705 16.15726934160505 1
1678279625264 16.148258345467703 1
1678279625823 16.13950184413365 1
1678279626381 16.13093444279262 1
1678279626939 16.12227167401995 1
1678279627499 16.113700321742467 1
