1678280768406 33.49484349889733 1
1678280769026 33.12041984213022 1
1678280769643 32.66857478998118 1
1678280770283 32.03014452578436 1
1678280770917 31.06886272390786 1
1678280771618 29.591000353102654 1
1678280772241 27.361257469198286 1
1678280772860 24.158746593519002 1
1678280773478 20.129117041932933 1
1678280774094 16.483739594008064 1
1678280774710 15.335724788273573 1
1678280775351 15.555505052687824 1
1678280775983 15.08479747174394 1
1678280776598 14.773038592035457 1
1678280777218 14.67182767980255 1
1678280777834 14.503528935999585 1
1678280778448 14.326244472713855 1
1678280779063 14.17099115953568 1
1678280779678 14.003056095308999 1
1678280780318 13.825867687402853 1
1678280780955 13.639064663994436 1
1678280781572 13.434817835383917 1
1678280782189 13.223807880056063 1
1678280782807 13.02633012695636 1
1678280783423 12.847831939276741 1
1678280784037 12.677933674973225 1
1678280784653 12.507653296730403 1
1678280785293 12.338531439541029 1
1678280785930 12.177084785308123 1
1678280786559 12.02547511857918 1
1678280787176 11.874529239817097 1
1678280787796 11.723916736750185 1
1678280788412 11.574626110786136 1
1678280789028 11.425239465558452 1
1678280789643 11.274124872310034 1
1678280790272 11.120288616641687 1
1678280790903 10.963460998618086 1
1678280791523 10.80148361551538 1
1678280792140 10.634313165757062 1
1678280792758 10.459999914224015 1
1678280793374 10.277205777871991 1
1678280793989 10.085763031283273 1
1678280794604 9.887480755773979 1
1678280795232 9.684234884573764 1
1678280795870 9.475730125343516 1
1678280796491 9.26309432003345 1
1678280797106 9.054179824934232 1
1678280797722 8.847771921547562 1
1678280798337 8.650142157573265 1
1678280798952 8.452944970965076 1
1678280799567 8.2685854413598 1
1678280800297 8.09235088461346 1
1678280800943 7.920544359674933 1
1678280801573 7.764628724447527 1
1678280802202 7.641571726251087 1
1678280802832 7.536986060968339 1
1678280803454 7.434340704708979 1
1678280804072 7.334090074079009 1
1678280804691 7.244467329564354 1
1678280805331 7.168846006008312 1
1678280805968 7.106745038533788 1
1678280806593 7.055457383512088 1
1678280807218 7.009452976536289 1
1678280807842 6.9544933852385284 1
1678280808464 6.8969815082710255 1
1678280809081 6.849007992320085 1
1678280809697 6.808693398505481 1
1678280810337 6.770643486742933 1
1678280810970 6.731166946661798 1
1678280811587 6.692435100152594 1
1678280812205 6.658603387779854 1
1678280812822 6.619199737991112 1
1678280813437 6.581769613812265 1
1678280814052 6.547230151298347 1
1678280814668 6.513413914327368 1
1678280815300 6.480944399967074 1
1678280815931 6.447687793681008 1
1678280816549 6.4070820231556205 1
1678280817172 6.362570862398217 1
1678280817801 6.3230675888574 1
1678280818421 6.276352611437402 1
1678280819039 6.22472067034983 1
1678280819656 6.163109911060256 1
1678280820285 6.100543361111262 1
1678280820917 6.0328294788016805 1
1678280821535 5.957151592388067 1
1678280822158 5.885422433238654 1
1678280822786 5.829279644598186 1
1678280823415 5.78900399444181 1
1678280824045 5.731835693631523 1
1678280824669 5.67101695999126 1
1678280825297 5.644503975697205 1
1678280825926 5.62754667246893 1
1678280826544 5.593400900162184 1
1678280827234 5.557922904904596 1
1678280827851 5.533782133087721 1
1678280828468 5.513631623339677 1
1678280829084 5.487020560118432 1
1678280829700 5.462870000384033 1
1678280830329 5.433189098863144 1
1678280830961 5.414768654989202 1
1678280831593 5.4002762920601874 1
1678280832213 5.394031782893061 1
1678280832830 5.384785460835791 1
1678280833448 5.360533017617042 1
1678280834063 5.324255674190365 1
1678280834680 5.298382814151414 1
1678280835308 5.3003626809867 1
1678280835943 5.297741278579742 1
1678280836568 5.267761314573445 1
1678280837187 5.239499418711101 1
1678280837803 5.217827760317705 1
1678280838422 5.205526497330963 1
1678280839039 5.197792990227268 1
1678280839657 5.185170397409414 1
1678280840288 5.163597704348608 1
1678280840924 5.141949925558633 1
1678280841545 5.128558395587772 1
1678280842163 5.1172979877487235 1
1678280842780 5.098686373920893 1
1678280843397 5.073770722910889 1
1678280844014 5.058785099843773 1
1678280844631 5.053780341030508 1
1678280845258 5.0349567233858705 1
1678280845890 5.00798127901869 1
1678280846511 4.906340829912683 1
1678280847127 4.905015007274952 1
1678280847742 4.900736799536095 1
1678280848357 4.89685750682223 1
