1678280768408 0.9608494298798698 1
1678280769028 0.9387546948024205 1
1678280769645 0.9125377024923053 1
1678280770285 0.8755114844867161 1
1678280770918 0.8195734790393284 1
1678280771620 0.7381824340139117 1
1678280772243 0.6551792110715594 1
1678280772862 0.5935429930686951 1
1678280773479 0.593234726360866 1
1678280774096 0.6988352877753121 1
1678280774712 0.8727594103131976 1
1678280775353 0.9502698949405125 1
1678280775984 0.8865476676395961 1
1678280776600 0.80511816910335 1
1678280777220 0.7675538659095764 1
1678280777835 0.7663435850824628 1
1678280778450 0.7768591472080776 1
1678280779065 0.7772210580962045 1
1678280779680 0.7617654459817069 1
1678280780320 0.7396866423743111 1
1678280780957 0.7202285783631461 1
1678280781574 0.7042435492788043 1
1678280782191 0.6880282929965428 1
1678280782809 0.6719982538904462 1
1678280783425 0.6617362158639091 1
1678280784039 0.65476541859763 1
1678280784654 0.6418260250772748 1
1678280785295 0.6268121600151062 1
1678280785932 0.6145930545670646 1
1678280786561 0.6039594411849976 1
1678280787178 0.5932419470378331 1
1678280787797 0.5823589307921273 1
1678280788414 0.5721162898199899 1
1678280789030 0.5615041085651943 1
1678280789645 0.550315431186131 1
1678280790274 0.5391874185630253 1
1678280790905 0.5276144870689937 1
1678280791525 0.5157383510044643 1
1678280792142 0.5036367220538003 1
1678280792760 0.4907376595905849 1
1678280793375 0.4775101159300123 1
1678280793990 0.4633179945605142 1
1678280794606 0.44919563617025104 1
1678280795234 0.43437622700418743 1
1678280795872 0.41933779205594746 1
1678280796493 0.4037215454237802 1
1678280797108 0.388630462544305 1
1678280797723 0.3736722895077297 1
1678280798339 0.35836566771779743 1
1678280798954 0.34307728920664105 1
1678280799569 0.32823183706828524 1
1678280800299 0.3130508874143873 1
1678280800945 0.2969742204461779 1
1678280801575 0.280546241572925 1
1678280802204 0.2665593091930662 1
1678280802833 0.2558432732309614 1
1678280803456 0.2471615288938795 1
1678280804074 0.24004367845399038 1
1678280804693 0.23388366826942988 1
1678280805333 0.22884503432682582 1
1678280805970 0.22456325803484237 1
1678280806595 0.22105737882001059 1
1678280807220 0.21780878518308913 1
1678280807844 0.21517256328037807 1
1678280808466 0.21276491454669408 1
1678280809083 0.21060085083757127 1
1678280809699 0.20831888488360814 1
1678280810338 0.20611520324434554 1
1678280810972 0.20428633902754104 1
1678280811589 0.20260575200830186 1
1678280812206 0.20099060663155147 1
1678280812824 0.19961921870708466 1
1678280813439 0.19786941366536276 1
1678280814054 0.196250747357096 1
1678280814670 0.19410552297319686 1
1678280815302 0.1920472809246608 1
1678280815933 0.19032715686729976 1
1678280816551 0.1893876109804426 1
1678280817174 0.1886122844048909 1
1678280817803 0.18765383533069066 1
1678280818423 0.18652386111872538 1
1678280819041 0.18517920161996568 1
1678280819658 0.1832124888896942 1
1678280820287 0.18103284069469996 1
1678280820919 0.17953899502754211 1
1678280821537 0.17730676914964402 1
1678280822160 0.1743538784129279 1
1678280822788 0.17209019192627498 1
1678280823417 0.16974591783114842 1
1678280824047 0.1659023655312402 1
1678280824670 0.16363075375556946 1
1678280825299 0.16236914907182967 1
1678280825928 0.1602072204862322 1
1678280826545 0.1574918351003102 1
1678280827236 0.155240532542978 1
1678280827853 0.15352010088307516 1
1678280828470 0.15203073088611876 1
1678280829086 0.1506898860846247 1
1678280829702 0.14928707161120006 1
1678280830331 0.14775642539773667 1
1678280830963 0.14648773946932384 1
1678280831595 0.14540552986519678 1
1678280832215 0.14468159420149668 1
1678280832832 0.1437173326100622 1
1678280833450 0.14259559235402516 1
1678280834065 0.1413764570440565 1
1678280834682 0.14070646571261541 1
1678280835310 0.14041822935853684 1
1678280835944 0.13957546332052775 1
1678280836569 0.13845851804528916 1
1678280837189 0.13761347212961741 1
1678280837805 0.136924432856696 1
1678280838424 0.13638425086225783 1
1678280839041 0.13578118171010697 1
1678280839659 0.13509174010583333 1
1678280840291 0.13420397681849344 1
1678280840928 0.1334428010242326 1
1678280841547 0.13310345368725912 1
1678280842165 0.132539764046669 1
1678280842781 0.1318974101117679 1
1678280843399 0.13106093342815126 1
1678280844016 0.13057588040828705 1
1678280844632 0.13008168552603042 1
1678280845260 0.12944478860923223 1
1678280845892 0.12885370211941855 1
1678280846512 0.12672513723373413 1
1678280847129 0.1268990614584514 1
1678280847744 0.12729603477886745 1
1678280848359 0.12709028167384012 1
