1678280768403 1121.904541015625 1
1678280769024 1096.9622105189733 1
1678280769641 1067.2357788085938 1
1678280770281 1025.9301583426338 1
1678280770915 965.2742309570312 1
1678280771616 875.6273018973214 1
1678280772239 748.638410295759 1
1678280772858 583.645036969866 1
1678280773476 405.1813528878348 1
1678280774092 271.7136710030692 1
1678280774708 235.18445478166853 1
1678280775349 241.97373744419642 1
1678280775981 227.55111476353235 1
1678280776596 218.24266924176897 1
1678280777216 215.2625274658203 1
1678280777832 210.35235159737724 1
1678280778447 205.24128069196428 1
1678280779061 200.8169904436384 1
1678280779676 196.08558000837053 1
1678280780316 191.1546173095703 1
1678280780953 186.02408490862166 1
1678280781570 180.49433026994978 1
1678280782187 174.8690948486328 1
1678280782805 169.6852765764509 1
1678280783421 165.06678553989954 1
1678280784036 160.7300022670201 1
1678280784651 156.44139099121094 1
1678280785291 152.2393580845424 1
1678280785928 148.2813938685826 1
1678280786557 144.61205182756697 1
1678280787174 141.0044446672712 1
1678280787793 137.4502236502511 1
1678280788410 133.9719696044922 1
1678280789026 130.53609684535436 1
1678280789641 127.10589163643974 1
1678280790270 123.66081891741071 1
1678280790901 120.19747706821987 1
1678280791521 116.67204829624721 1
1678280792138 113.08861650739398 1
1678280792756 109.4115982055664 1
1678280793372 105.62095860072544 1
1678280793987 101.72261592320034 1
1678280794602 97.76227569580078 1
1678280795230 93.78440529959542 1
1678280795868 89.78946140834263 1
1678280796489 85.80491638183594 1
1678280797104 81.9781723022461 1
1678280797720 78.28306797572544 1
1678280798335 74.82495934622628 1
1678280798950 71.45227868216378 1
1678280799565 68.36950520106724 1
1678280800294 65.48614283970424 1
1678280800941 62.7350229535784 1
1678280801571 60.289459228515625 1
1678280802200 58.39361844744001 1
1678280802830 56.80615888323103 1
1678280803453 55.2694217136928 1
1678280804070 53.78887721470424 1
1678280804688 52.482306889125276 1
1678280805329 51.39235305786133 1
1678280805966 50.50582504272461 1
1678280806591 49.77947889055525 1
1678280807216 49.13243103027344 1
1678280807841 48.36497824532645 1
1678280808462 47.568353925432476 1
1678280809079 46.9089104788644 1
1678280809695 46.35830579485212 1
1678280810334 45.841613224574495 1
1678280810968 45.30860846383231 1
1678280811585 44.788687569754465 1
1678280812203 44.33699907575335 1
1678280812820 43.8138051714216 1
1678280813435 43.31969124930246 1
1678280814051 42.86622265407017 1
1678280814666 42.424560819353374 1
1678280815298 42.00264031546457 1
1678280815929 41.57267788478306 1
1678280816547 41.05070005144392 1
1678280817170 40.48230797903879 1
1678280817799 39.98118373325893 1
1678280818419 39.3926021030971 1
1678280819037 38.74714742388044 1
1678280819654 37.98392377580915 1
1678280820283 37.21662930079869 1
1678280820915 36.39503152029855 1
1678280821533 35.48765509469168 1
1678280822156 34.638197217668804 1
1678280822784 33.98050117492676 1
1678280823413 33.51256724766323 1
1678280824043 32.85394041878836 1
1678280824667 32.16043336050851 1
1678280825295 31.86042513166155 1
1678280825924 31.669281550816127 1
1678280826542 31.28613362993513 1
1678280827232 30.890507016863143 1
1678280827849 30.622744696480886 1
1678280828466 30.400133677891322 1
1678280829083 30.10739462716239 1
1678280829698 29.84294864109584 1
1678280830327 29.5195437840053 1
1678280830959 29.319719587053573 1
1678280831591 29.16298403058733 1
1678280832211 29.09557887486049 1
1678280832828 28.995914459228516 1
1678280833446 28.735314232962473 1
1678280834062 28.3476984841483 1
1678280834678 28.07286044529506 1
1678280835306 28.09384454999651 1
1678280835940 28.066062654767716 1
1678280836566 27.749309267316544 1
1678280837185 27.452354158673966 1
1678280837801 27.225726536342076 1
1678280838420 27.09750611441476 1
1678280839037 27.01705196925572 1
1678280839655 26.8859920501709 1
1678280840286 26.662741252354213 1
1678280840922 26.439649036952428 1
1678280841543 26.302111216953822 1
1678280842161 26.18673869541713 1
1678280842778 25.996602739606583 1
1678280843395 25.74314934866769 1
1678280844012 25.591306686401367 1
1678280844629 25.54069573538644 1
1678280845255 25.35078920636858 1
1678280845888 25.079876491001674 1
1678280846509 24.072180339268275 1
1678280847125 24.059172221592494 1
1678280847740 24.017221178327286 1
1678280848355 23.97921344212123 1
