1678280364906 33.96338355190081 1
1678280365533 33.83409249162955 1
1678280366150 33.70140842083593 1
1678280366771 33.53347608815238 1
1678280367395 33.319865675910435 1
1678280368012 33.02282480357809 1
1678280368628 32.59530636350583 1
1678280369263 31.978909490541437 1
1678280369913 31.104504629025612 1
1678280370542 29.879669973652234 1
1678280371167 28.16831284799583 1
1678280371785 25.881467654574752 1
1678280372404 23.046200807330166 1
1678280373023 19.94324560610746 1
1678280373644 17.36340082866987 1
1678280374284 16.268990622984713 1
1678280375010 16.227326321953097 1
1678280375640 16.048011611119286 1
1678280376263 15.733999000242136 1
1678280376880 15.547124431550767 1
1678280377497 15.411397033833717 1
1678280378114 15.259365948916304 1
1678280378730 15.10641681816452 1
1678280379373 14.963708262287287 1
1678280380023 14.82441549488301 1
1678280380640 14.685995304287925 1
1678280381257 14.54982798890887 1
1678280381874 14.415216030110491 1
1678280382493 14.281028142447765 1
1678280383110 14.146997657616593 1
1678280383727 14.013004257834154 1
1678280384368 13.878883554749045 1
1678280385017 13.74455141387446 1
1678280385634 13.609929981149678 1
1678280386252 13.474909238006642 1
1678280386870 13.339348616883058 1
1678280387487 13.203012979633622 1
1678280388105 13.065540556951342 1
1678280388721 12.926459846787884 1
1678280389359 12.78519947084157 1
1678280390007 12.641033087206846 1
1678280390636 12.493044678360794 1
1678280391257 12.340301087034558 1
1678280391872 12.182286706215653 1
1678280392489 12.019435493083906 1
1678280393106 11.853305037976199 1
1678280393722 11.685783522464408 1
1678280394359 11.517785624031745 1
1678280395008 11.349035791789552 1
1678280395632 11.178738925781069 1
1678280396249 11.00586727266322 1
1678280396865 10.828910791260759 1
1678280397481 10.644967891191882 1
1678280398097 10.446495650265883 1
1678280398713 10.224983976926517 1
1678280399351 9.98928258693098 1
1678280400006 9.730144586559993 1
1678280400634 9.479882874871876 1
1678280401256 9.205704014244617 1
1678280401875 8.940065425390793 1
1678280402492 8.632512803106279 1
1678280403108 8.293098893789471 1
1678280403817 7.825454173625149 1
1678280404459 7.237092201985481 1
1678280405108 6.739836210983091 1
1678280405727 6.401559336616386 1
1678280406343 6.026595368785429 1
1678280406959 5.368036213746776 1
1678280407575 4.907363668016261 1
1678280408191 4.627345517709453 1
1678280408808 4.418939007616852 1
1678280409448 4.201591272645224 1
1678280410094 3.9524298756253087 1
1678280410713 3.688592116338088 1
1678280411331 3.451801818354503 1
1678280411949 3.2696302340033845 1
1678280412566 3.1443241244104496 1
1678280413182 3.0627072433771287 1
1678280413797 3.009513099624336 1
1678280414435 2.9697573910147637 1
1678280415081 2.9346003845284416 1
1678280415700 2.89880832889555 1
1678280416317 2.8603196143482656 1
1678280416934 2.81948496215017 1
1678280417549 2.7776067393491126 1
1678280418166 2.7373663285498147 1
1678280418782 2.70189471798867 1
1678280419419 2.672357271882763 1
1678280420068 2.6489039547631883 1
1678280420687 2.6307663803503116 1
1678280421304 2.6168656336304923 1
1678280421919 2.605832451791716 1
1678280422535 2.597146900691833 1
1678280423150 2.5891164470649497 1
1678280423765 2.5813372528308385 1
1678280424400 2.573712649605378 1
1678280425052 2.56659618321013 1
1678280425668 2.498249871876863 1
1678280426284 2.466503659622373 1
1678280426901 2.468992155867246 1
1678280427518 2.464937021340253 1
1678280428136 2.4603236948882614 1
1678280428753 2.456434410879642 1
1678280429391 2.4586151999029195 1
1678280430045 2.457188539064516 1
1678280430674 2.4552988377373777 1
1678280431294 2.455103485083959 1
1678280431909 2.4550678171885907 1
1678280432594 2.454958687690797 1
1678280433212 2.4548437815451254 1
