1678280364915 0.9894869582993644 1
1678280365535 0.9820686493601117 1
1678280366151 0.9742913927350726 1
1678280366773 0.9643738951001849 1
1678280367397 0.9517346365111214 1
1678280368013 0.9342238647597176 1
1678280368630 0.9088970252445766 1
1678280369265 0.8719466498919896 1
1678280369915 0.8184630019324166 1
1678280370544 0.7512764419828143 1
1678280371169 0.6838481766836983 1
1678280371787 0.6302298562867301 1
1678280372406 0.6137485504150391 1
1678280373025 0.649614759853908 1
1678280373646 0.7525373952729362 1
1678280374286 0.889376529625484 1
1678280375012 0.9722511683191571 1
1678280375642 0.9620669569287982 1
1678280376264 0.9053114567484174 1
1678280376882 0.85743362562997 1
1678280377499 0.8345283951078143 1
1678280378116 0.8301700779369899 1
1678280378732 0.8323506883212498 1
1678280379375 0.8318454793521336 1
1678280380025 0.8248201949255807 1
1678280380642 0.813371581690652 1
1678280381259 0.8014150772775922 1
1678280381876 0.7911798272814069 1
1678280382495 0.7826183693749564 1
1678280383112 0.7745908413614545 1
1678280383728 0.7661082914897374 1
1678280384370 0.7569748503821236 1
1678280385019 0.7474904315812247 1
1678280385636 0.7380230341638837 1
1678280386254 0.7287044695445469 1
1678280386872 0.7194251843861171 1
1678280387489 0.7100266899381366 1
1678280388107 0.7004250713757106 1
1678280388723 0.6905906541006905 1
1678280389361 0.680534405367715 1
1678280390009 0.6702177950314113 1
1678280390638 0.6595389928136554 1
1678280391259 0.6483725479670933 1
1678280391874 0.6366827487945557 1
1678280392491 0.6246142557689122 1
1678280393108 0.6125637633459908 1
1678280393724 0.600983270577022 1
1678280394361 0.5899952905518668 1
1678280395010 0.5791610394205365 1
1678280395634 0.5679993374007088 1
1678280396251 0.5564137526920864 1
1678280396867 0.5444142818450928 1
1678280397483 0.531671187707356 1
1678280398099 0.5170198593820844 1
1678280398714 0.4982509400163378 1
1678280399353 0.48239629183496746 1
1678280400008 0.46816068461963106 1
1678280400636 0.4514949321746826 1
1678280401258 0.4317787545067923 1
1678280401877 0.41587180750710623 1
1678280402494 0.3951426659311567 1
1678280403110 0.37304372021130155 1
1678280403819 0.3319533509867532 1
1678280404461 0.3027599219764982 1
1678280405110 0.2805849803345544 1
1678280405728 0.2616931349039078 1
1678280406345 0.2314116039446422 1
1678280406961 0.2012933428798403 1
1678280407577 0.18634371033736638 1
1678280408193 0.17338853861604417 1
1678280408810 0.15959707434688294 1
1678280409450 0.14467317717415945 1
1678280410096 0.12924770265817642 1
1678280410715 0.11587508129222053 1
1678280411333 0.10630069034440177 1
1678280411951 0.10022930162293571 1
1678280412567 0.096649988421372 1
1678280413183 0.09473273796694619 1
1678280413799 0.09399521989481789 1
1678280414437 0.09350484609603882 1
1678280415083 0.09302300214767456 1
1678280415702 0.09249277519328254 1
1678280416319 0.09185962378978729 1
1678280416935 0.09106320568493434 1
1678280417551 0.09019003063440323 1
1678280418168 0.08931742714984077 1
1678280418784 0.08855899104050227 1
1678280419421 0.08791837096214294 1
1678280420070 0.08739981374570302 1
1678280420689 0.08700235507317952 1
1678280421305 0.08669068877186094 1
1678280421921 0.08643006107636861 1
1678280422536 0.086222163268498 1
1678280423152 0.08602418750524521 1
1678280423767 0.0858236455491611 1
1678280424402 0.08562091312238149 1
1678280425054 0.08475425732987267 1
1678280425670 0.08343484678438731 1
1678280426286 0.08249292096921376 1
1678280426903 0.08257518070084709 1
1678280427520 0.08268016363893237 1
1678280428138 0.08244996517896652 1
1678280428755 0.08230265229940414 1
1678280429393 0.08243009341614586 1
1678280430047 0.08239383144038064 1
1678280430676 0.08231495852981295 1
1678280431296 0.08231062974248614 1
1678280431911 0.08231289152588163 1
1678280432596 0.08231215711150851 1
1678280433214 0.08231024763413838 1
