1678280364903 1153.5114222935267 1
1678280365531 1144.745814732143 1
1678280366148 1135.7849295479912 1
1678280366769 1124.4940185546875 1
1678280367393 1110.2134486607142 1
1678280368010 1090.5069580078125 1
1678280368626 1062.4539969308037 1
1678280369261 1022.650652204241 1
1678280369911 967.4902082170759 1
1678280370540 892.794677734375 1
1678280371165 793.4538487025669 1
1678280371783 669.8503679547991 1
1678280372402 531.1273716517857 1
1678280373021 397.73304530552457 1
1678280373642 301.48768833705356 1
1678280374282 264.6800558907645 1
1678280375008 263.3261195591518 1
1678280375638 257.5386766706194 1
1678280376261 247.55872453962053 1
1678280376878 241.71307809012276 1
1678280377495 237.5111585344587 1
1678280378112 232.84824916294642 1
1678280378728 228.2038290841239 1
1678280379371 223.91256495884485 1
1678280380021 219.76329476492745 1
1678280380638 215.67845807756697 1
1678280381256 211.69749450683594 1
1678280381872 207.79845319475447 1
1678280382491 203.94776480538505 1
1678280383108 200.13754272460938 1
1678280383725 196.36428833007812 1
1678280384366 192.6234087262835 1
1678280385016 188.9126935686384 1
1678280385632 185.23019409179688 1
1678280386250 181.57317897251673 1
1678280386868 177.93822152273995 1
1678280387485 174.3195517403739 1
1678280388103 170.7083500453404 1
1678280388719 167.09336417061942 1
1678280389357 163.4613255092076 1
1678280390005 159.79571751185827 1
1678280390634 156.07616533551897 1
1678280391255 152.2830309186663 1
1678280391871 148.4081093924386 1
1678280392487 144.46682957240515 1
1678280393104 140.50084032331193 1
1678280393720 136.55753653390067 1
1678280394357 132.65938568115234 1
1678280395006 128.8006134033203 1
1678280395630 124.96420397077289 1
1678280396247 121.12911442347935 1
1678280396863 117.2653089250837 1
1678280397479 113.31534140450614 1
1678280398095 109.12927137102399 1
1678280398711 104.55029732840401 1
1678280399349 99.7857666015625 1
1678280400004 94.67571367536273 1
1678280400632 89.86817932128906 1
1678280401254 84.74498639787946 1
1678280401873 79.92476981026786 1
1678280402490 74.5202772957938 1
1678280403106 68.77548926217216 1
1678280403815 61.23773302350725 1
1678280404457 52.37550354003906 1
1678280405106 45.425392150878906 1
1678280405725 40.97996194022043 1
1678280406341 36.31985173906599 1
1678280406957 28.815812792096818 1
1678280407573 24.082218170166016 1
1678280408190 21.412326540265763 1
1678280408806 19.527021953037806 1
1678280409446 17.653369222368514 1
1678280410092 15.621701921735491 1
1678280410711 13.605711800711495 1
1678280411330 11.914935793195452 1
1678280411947 10.690481867109026 1
1678280412564 9.88677419934954 1
1678280413180 9.38017565863473 1
1678280413795 9.057169096810478 1
1678280414433 8.819458961486816 1
1678280415079 8.611879416874476 1
1678280415698 8.403089727674212 1
1678280416315 8.18142829622541 1
1678280416932 7.949495451790946 1
1678280417548 7.715099198477609 1
1678280418164 7.4931744166782925 1
1678280418780 7.300235067095075 1
1678280419417 7.141493388584682 1
1678280420066 7.016692161560059 1
1678280420685 6.92093174798148 1
1678280421302 6.847985744476318 1
1678280421917 6.7903627668108255 1
1678280422533 6.745172023773193 1
1678280423148 6.703523976462228 1
1678280423763 6.66330201285226 1
1678280424398 6.623996802738735 1
1678280425050 6.5874159676688055 1
1678280425667 6.241252422332764 1
1678280426282 6.08364030293056 1
1678280426899 6.095922265733991 1
1678280427516 6.075914519173758 1
1678280428134 6.053192683628628 1
1678280428751 6.034070014953613 1
1678280429389 6.044788701193673 1
1678280430043 6.03777551651001 1
1678280430672 6.028492382594517 1
1678280431292 6.027533122471401 1
1678280431907 6.027357986995152 1
1678280432592 6.02682215826852 1
1678280433210 6.0262579917907715 1
