1678279971917 0.9999999914850507 1
1678279972497 0.9999999914850507 1
1678279973058 0.9999999914850507 1
1678279973643 0.9999999914850507 1
1678279974228 0.9999999914850507 1
1678279974864 0.9999999914850507 1
1678279975427 0.9999999914850507 1
1678279975991 0.9999999914850507 1
1678279976555 0.9999999914850507 1
1678279977117 0.9999999914850507 1
1678279977679 0.9999999914850507 1
1678279978244 0.9999999914850507 1
1678279978835 0.9999999914850507 1
1678279979418 0.9999999914850507 1
1678279979983 0.9999999914850507 1
1678279980544 0.9999999914850507 1
1678279981106 0.9999999914850507 1
1678279981667 0.9999999914850507 1
1678279982228 0.9999999914850507 1
