1678225632958 1.708794064260101 1
1678225633530 1.5775576250063075 1
1678225634080 1.4243974394062848 1
1678225634627 1.2456801907393766 1
1678225635175 1.0412867143779183 1
1678225635723 0.8120560271455852 1
1678225636271 0.5661154521986153 1
1678225636820 0.32392935303819664 1
1678225637372 0.12611165518208112 1
1678225637959 0.08351124320909618 1
1678225638533 0.12188072741328816 1
1678225639099 0.11122719054042451 1
1678225639661 0.07936826804271212 1
1678225640224 0.062415873691579804 1
1678225640782 0.06315036157898214 1
1678225641339 0.06409184209858922 1
1678225641895 0.06194309695538717 1
1678225642457 0.060056675017451995 1
1678225643044 0.05949198712697255 1
1678225643619 0.05925676113501439 1
1678225644182 0.058855149768374054 1
1678225644741 0.05843046859577763 1
1678225645365 0.058063900929130184 1
1678225645916 0.05769938904480459 1
1678225646465 0.05731355124442444 1
1678225647015 0.05692375146405243 1
1678225647579 0.056537611719595475 1
1678225648168 0.056150948761855356 1
1678225648742 0.05576134250428995 1
1678225649307 0.055368650767679016 1
1678225649867 0.054972829363005786 1
1678225650426 0.05457412483424282 1
1678225650985 0.054173372554643065 1
1678225651543 0.05377121150525152 1
1678225652106 0.05336791897054721 1
1678225652675 0.052963642119430956 1
1678225653262 0.05255853068908968 1
1678225653828 0.05215280535210268 1
1678225654384 0.051746756826528545 1
1678225654938 0.05134070007877891 1
1678225655474 0.050934897753544976 1
1678225656010 0.050529617309712824 1
1678225656545 0.05012504493025625 1
1678225657083 0.04972140644737094 1
1678225657641 0.04931895544189298 1
1678225658226 0.04891787676024114 1
1678225658786 0.04851844094883888 1
1678225659338 0.048120836146254196 1
1678225659892 0.047725257609032144 1
1678225660444 0.04733188491656279 1
1678225660996 0.04694091541898609 1
1678225661549 0.04655257578597029 1
1678225662101 0.046166973088073125 1
1678225662669 0.045784346112198344 1
1678225663253 0.04540480634931889 1
1678225663818 0.045028495575800576 1
1678225664374 0.044655642716852316 1
1678225664928 0.04428636224245369 1
1678225665481 0.043920807591085874 1
1678225666034 0.04355910740498465 1
1678225666585 0.043201376302295716 1
1678225667137 0.04284777443884171 1
1678225667706 0.04249842904938697 1
1678225668289 0.0421534130170661 1
1678225668852 0.04181287666738048 1
1678225669407 0.04147685676156529 1
1678225669962 0.04114549174053449 1
1678225670616 0.04081886329102409 1
1678225671179 0.04049705132011078 1
1678225671740 0.04018014320424148 1
1678225672300 0.03986815795968471 1
1678225672884 0.03956119565912336 1
1678225673465 0.0392593156647786 1
1678225674034 0.03896255799741573 1
1678225674603 0.03867096564433387 1
1678225675171 0.038384552662988604 1
1678225675739 0.03810341511724695 1
1678225676307 0.037827519171232005 1
1678225676872 0.03755690373357127 1
1678225677429 0.03729161764774049 1
1678225678015 0.03703164004603468 1
1678225678599 0.036776978142037245 1
1678225679162 0.036527627584567485 1
1678225679713 0.036283558078366994 1
1678225680270 0.03604476789818167 1
1678225680828 0.035811283239497546 1
1678225681376 0.0355829958844331 1
1678225681916 0.03535994735224838 1
1678225682468 0.0351420759018619 1
1678225683055 0.03492934545117206 1
1678225683633 0.034721672314757784 1
1678225684180 0.03451906634823084 1
1678225684726 0.0343214782206618 1
1678225685272 0.03412882002392651 1
1678225685819 0.03394104806646492 1
1678225686364 0.033758071704756545 1
1678225686910 0.03357983202145612 1
1678225687457 0.03340627527331567 1
1678225688041 0.03323733984647868 1
1678225688616 0.03307291779417108 1
1678225689182 0.03291296041410552 1
1678225689746 0.03275735395774057 1
1678225690317 0.03260605175737093 1
1678225690889 0.03245892833646741 1
1678225691463 0.03231593057351661 1
1678225692030 0.03217694284710941 1
1678225692599 0.03204194045857085 1
1678225693187 0.031910736208319766 1
1678225693761 0.03178329485171658 1
1678225694322 0.03165953451035114 1
1678225694878 0.03153932463946337 1
1678225695491 0.03142259649612258 1
1678225696033 0.03130926426229948 1
1678225696574 0.031199224153485902 1
1678225697116 0.031092369981609184 1
1678225697678 0.030988632333371947 1
1678225698265 0.0308879189069775 1
1678225698836 0.030790105711153735 1
1678225699393 0.030695107979443862 1
1678225699950 0.03060287564617358 1
1678225700507 0.030513284653684965 1
1678225701064 0.03042624320856726 1
1678225701620 0.030341673015917153 1
1678225702175 0.03025952410312461 1
1678225702746 0.030179644725656637 1
1678225703334 0.030101989484841222 1
1678225703900 0.03002645447810773 1
1678225704464 0.02995298655044289 1
1678225705023 0.029881482749781356 1
1678225705585 0.02981189117276508 1
1678225706151 0.029744105518267887 1
1678225706716 0.029678074348330422 1
1678225707278 0.029613724037601073 1
1678225707860 0.02955098375247088 1
1678225708444 0.02948976493691288 1
1678225709025 0.029430032160550637 1
1678225709579 0.029371693349374672 1
1678225710133 0.02931469598089441 1
1678225710690 0.02925898956278567 1
1678225711249 0.029204501259939345 1
1678225711815 0.02915119953680818 1
1678225712372 0.029098989968694085 1
1678225712952 0.02904782519932345 1
1678225713534 0.0289976941987682 1
1678225714088 0.02894841785308577 1
1678225714645 0.02890001405727898 1
1678225715198 0.028852471855969185 1
1678225715757 0.028805772493711017 1
1678225716313 0.0287598101340076 1
1678225716869 0.028714564135386006 1
1678225717427 0.02867002237245123 1
1678225718011 0.028626128438507124 1
1678225718589 0.02858282917017877 1
1678225719149 0.028540111176526592 1
1678225719703 0.028497936439945384 1
1678225720262 0.02845626595429137 1
1678225720824 0.028415061041608493 1
1678225721471 0.02837431552451625 1
1678225722026 0.028333992792682595 1
1678225722586 0.028294069011675572 1
1678225723171 0.02825447192908231 1
1678225723738 0.02821524587471494 1
1678225724297 0.028176318397056043 1
1678225724857 0.02813768910993048 1
1678225725411 0.028099318479063804 1
1678225725977 0.02806119578638493 1
1678225726532 0.028023300159874885 1
1678225727086 0.02798563296764691 1
1678225727648 0.027948132429150042 1
1678225728233 0.02791081761310976 1
1678225728795 0.027873665175768742 1
1678225729333 0.027836660756587903 1
1678225729870 0.027799790289937776 1
1678225730408 0.027763021063600905 1
1678225730951 0.027726366151504023 1
1678225731496 0.02768979875497449 1
1678225732042 0.027653332151330246 1
1678225732594 0.027616917661023834 1
1678225733179 0.02758055616883247 1
1678225733748 0.02754427150766278 1
1678225734302 0.027507985310770654 1
1678225734857 0.027471754250523818 1
1678225735411 0.027435566270315095 1
1678225735965 0.02739936099502934 1
1678225736519 0.027363161907468694 1
1678225737073 0.02732700493866449 1
1678225737634 0.02729083411603061 1
1678225738221 0.02725464038397202 1
1678225738797 0.027218422352698498 1
1678225739356 0.027182196826763663 1
1678225739897 0.02714591147179358 1
1678225740455 0.027109629771114956 1
1678225741007 0.027073288007251187 1
1678225741547 0.0270369185390086 1
1678225742100 0.027000502853155268 1
1678225742659 0.026964064354089996 1
1678225743247 0.026927533004762447 1
1678225743814 0.02689098604248762 1
1678225744354 0.0268543561327193 1
1678225744901 0.026817647354081407 1
1678225745447 0.026780912710084967 1
1678225745990 0.026744088976642096 1
1678225746528 0.026707219296899707 1
1678225747137 0.026670286020383138 1
1678225747699 0.026633280452641933 1
1678225748292 0.02659618720641388 1
1678225748864 0.02655903479694399 1
1678225749432 0.02652181717529964 1
1678225749995 0.026484487520294153 1
1678225750552 0.02644710258121751 1
1678225751109 0.02640964716737774 1
1678225751665 0.026372112071001482 1
1678225752221 0.026334490399348983 1
1678225752791 0.026296791978703916 1
1678225753377 0.02625901592434682 1
1678225753936 0.026221152862686198 1
1678225754489 0.026183213849303635 1
1678225755041 0.026145181299550842 1
1678225755593 0.026107087053842022 1
1678225756145 0.02606888004462987 1
1678225756695 0.026030596990910537 1
1678225757245 0.02599225227289001 1
1678225757818 0.02595380476736375 1
1678225758409 0.025915257225530983 1
1678225758998 0.02587667483544489 1
1678225759560 0.025837960570937624 1
1678225760118 0.02579917813962394 1
1678225760673 0.025760321100465132 1
1678225761230 0.025721369314022132 1
1678225761792 0.02568233950943906 1
1678225762351 0.025643218197461168 1
1678225762932 0.025604009830166266 1
1678225763513 0.025564756698379126 1
1678225764078 0.02552539678101112 1
1678225764643 0.025485955032620383 1
1678225765207 0.025446439732358512 1
1678225765767 0.025406834008944848 1
1678225766322 0.025367132275975576 1
1678225766877 0.025327389977764868 1
1678225767438 0.02528753425102745 1
1678225768022 0.02524761157379397 1
1678225768603 0.02520758641371667 1
1678225769172 0.02516750528149318 1
1678225769730 0.02512733043151535 1
1678225770284 0.02508709257084545 1
1678225770842 0.0250467708951748 1
1678225771489 0.025006378050879678 1
1678225772046 0.02496586548069275 1
1678225772607 0.024925322425941903 1
1678225773209 0.02488468842245447 1
1678225773780 0.024843969550703896 1
1678225774335 0.02480317603704794 1
1678225774890 0.024762306757022644 1
1678225775446 0.02472135771894274 1
1678225776003 0.024680337538509234 1
1678225776558 0.024639231011050085 1
1678225777114 0.024598056803522454 1
1678225777676 0.024556788078615503 1
1678225778262 0.024515480325245136 1
1678225778820 0.024474080342866057 1
1678225779357 0.02443262263252543 1
1678225779897 0.024391085677674295 1
1678225780433 0.02434945302219525 1
1678225780974 0.02430778395415932 1
1678225781512 0.02426603793596316 1
1678225782050 0.024224201182350608 1
1678225782592 0.024182322652591775 1
1678225783178 0.02414041435756152 1
1678225783750 0.02409839686468696 1
1678225784306 0.02405633164834355 1
1678225784860 0.02401422624879452 1
1678225785397 0.023972000238700004 1
1678225785933 0.023929735595826614 1
1678225786472 0.023887419235153404 1
1678225787019 0.023844983577199615 1
1678225787605 0.023802378376142196 1
1678225788191 0.023759775784280724 1
1678225788759 0.02371708237903776 1
1678225789307 0.023674289678373824 1
1678225789854 0.02363148124167161 1
1678225790400 0.023588620497819193 1
1678225790945 0.02354563855991917 1
1678225791492 0.023502644443206988 1
1678225792031 0.02345959058373841 1
1678225792612 0.023416436702288466 1
1678225793232 0.02337325935696727 1
1678225793801 0.023330017161447923 1
1678225794357 0.02328669957747995 1
1678225794915 0.023243364407919548 1
1678225795470 0.02319992929637036 1
1678225796027 0.02315647313040654 1
1678225796587 0.023112957565595813 1
1678225797217 0.02306936640596161 1
1678225797786 0.023025741204042754 1
1678225798371 0.022982052096708384 1
1678225798933 0.022938309231618517 1
1678225799489 0.0228945247403763 1
1678225800043 0.022850672637727134 1
1678225800602 0.022806790269909734 1
1678225801160 0.02276281636463911 1
1678225801721 0.022718818834891893 1
1678225802278 0.0226747761814959 1
1678225802849 0.02263068327244218 1
1678225803436 0.022586546532261068 1
1678225803997 0.0225422663829069 1
1678225804563 0.022497976237276965 1
1678225805134 0.02245364576131851 1
1678225805707 0.022409254770733977 1
1678225806275 0.02236484371091553 1
1678225806845 0.022320351364441767 1
1678225807412 0.02227581718650047 1
1678225807997 0.022231254110614954 1
1678225808582 0.022186673206408807 1
1678225809177 0.022141997472901114 1
1678225809744 0.022097312133153576 1
1678225810304 0.022052560756735035 1
1678225810861 0.022007806606554065 1
1678225811421 0.02196297782472224 1
1678225811984 0.021918138638291867 1
1678225812551 0.021873260566193174 1
1678225813138 0.021828352796950865 1
1678225813717 0.021783404840189008 1
1678225814260 0.021738402771527478 1
1678225814798 0.021693396085070166 1
1678225815336 0.021648331552593745 1
1678225815873 0.021603230655961238 1
1678225816415 0.021558114863663626 1
1678225816953 0.02151293344670097 1
1678225817490 0.021467764040408777 1
1678225818065 0.021422504440588512 1
1678225818648 0.021377247235936783 1
1678225819235 0.021331964375507616 1
1678225819785 0.02128663714024834 1
1678225820333 0.021241281394333292 1
1678225820879 0.021195898425903668 1
1678225821426 0.021150511059168365 1
1678225821968 0.02110505858993295 1
1678225822604 0.021059604661141568 1
1678225823193 0.02101412532322549 1
1678225823773 0.020968592254857685 1
1678225824348 0.020923073065262966 1
1678225824898 0.020877503222151334 1
1678225825438 0.020831900056198414 1
1678225825992 0.0207862996518699 1
1678225826539 0.02074066454124642 1
1678225827086 0.020695009361562003 1
1678225827682 0.02064932939904576 1
1678225828295 0.02060364154045608 1
1678225828868 0.020557944772496575 1
1678225829427 0.02051219986513686 1
1678225829983 0.020466429146468026 1
1678225830542 0.020420450065253056 1
1678225831107 0.020374601232656206 1
1678225831665 0.02032862117853349 1
1678225832224 0.020282689604908963 1
1678225832790 0.0202367286672995 1
1678225833378 0.020190760198676327 1
1678225833944 0.020144752363337567 1
1678225834500 0.020098687462676564 1
1678225835060 0.020052631348301323 1
1678225835625 0.020006593796291012 1
1678225836188 0.01996048406613701 1
1678225836751 0.019914416902205977 1
1678225837317 0.0198682937242671 1
1678225837898 0.01982220192152595 1
1678225838491 0.01977606897098938 1
1678225839063 0.01972995785574265 1
1678225839631 0.019683845653088835 1
1678225840200 0.019637713882836312 1
1678225840774 0.01959157986171484 1
1678225841341 0.01954543219330829 1
1678225841901 0.01949931091988219 1
1678225842458 0.019453160659907955 1
1678225843035 0.019407038889773305 1
1678225843623 0.01936089384442759 1
1678225844199 0.019314753125584835 1
1678225844758 0.01926862571899548 1
1678225845318 0.01922250463690488 1
1678225845880 0.01917636526245487 1
1678225846442 0.01913023566266435 1
1678225847000 0.019084132248004003 1
1678225847631 0.019038011312591814 1
1678225848218 0.01899192986666947 1
1678225848800 0.01894581731564722 1
1678225849365 0.018899737338081188 1
1678225849934 0.018853662331639893 1
1678225850499 0.0188076094100793 1
1678225851060 0.01876158233713795 1
1678225851617 0.018715416799788887 1
1678225852177 0.018669375339424938 1
1678225852742 0.01862333240464463 1
1678225853336 0.01857729486648783 1
1678225853917 0.01853125603434827 1
1678225854492 0.018485262513116257 1
1678225855063 0.018439275126501665 1
1678225855629 0.01839331262563328 1
1678225856198 0.018347359221558147 1
1678225856758 0.018301399364263966 1
1678225857316 0.018255500020570355 1
1678225857892 0.01820959543419197 1
1678225858486 0.01816371681037149 1
1678225859065 0.018117885802719 1
1678225859642 0.018072057336350887 1
1678225860210 0.018026260895736123 1
1678225860780 0.01798047753320778 1
1678225861340 0.017934745194100023 1
1678225861896 0.017889013603147295 1
1678225862456 0.017843328319791983 1
1678225863035 0.017797660791573362 1
1678225863624 0.017752006588431846 1
1678225864179 0.01770639105585084 1
1678225864731 0.017660885354429084 1
1678225865279 0.017615435931572256 1
1678225865828 0.01756997761679539 1
1678225866375 0.017524589107724704 1
1678225866926 0.017479181927309705 1
1678225867481 0.017433881968549357 1
1678225868064 0.017388549655550985 1
1678225868654 0.017343262826637423 1
1678225869224 0.01729802880937934 1
1678225869791 0.01725282795709298 1
1678225870348 0.017207654973902593 1
1678225870908 0.01716252582638415 1
1678225871465 0.017117434728223316 1
1678225872027 0.017072374005193985 1
1678225872586 0.017027342006074232 1
1678225873173 0.016982390005165146 1
1678225873845 0.016937440394963633 1
1678225874402 0.01689253989699116 1
1678225874958 0.016847709325030377 1
1678225875514 0.01680287624437078 1
1678225876069 0.016758121329600112 1
1678225876625 0.01671340615278377 1
1678225877183 0.01666872510974664 1
1678225877750 0.01662411774144547 1
1678225878336 0.016579487593626995 1
1678225878908 0.016534987740118107 1
1678225879464 0.016490489706214723 1
1678225880019 0.016446053106227352 1
1678225880574 0.016401661709015858 1
1678225881128 0.01635732941764046 1
1678225881681 0.016313065698103063 1
1678225882235 0.01626880721971426 1
1678225882800 0.01622465005818954 1
1678225883388 0.01618051577210398 1
1678225883958 0.01613645517907232 1
1678225884517 0.01609244259599811 1
1678225885073 0.016048507045163533 1
1678225885627 0.016004590645384932 1
1678225886185 0.015960766167723392 1
1678225886742 0.015916976121490446 1
1678225887300 0.015873260605124038 1
1678225887867 0.015829623059610016 1
1678225888453 0.01578601685526868 1
1678225889024 0.015742496988635057 1
1678225889583 0.01569903822369878 1
1678225890138 0.015655623807150996 1
1678225890692 0.015612282071424743 1
1678225891246 0.015569030981694274 1
1678225891800 0.015525801000187587 1
1678225892353 0.015482680787282689 1
1678225892921 0.015439604748841984 1
1678225893509 0.015396613559046828 1
1678225894071 0.015353676653914837 1
1678225894630 0.015310785528899366 1
1678225895188 0.015268028595408314 1
1678225895745 0.015225275292606595 1
1678225896304 0.015182649977223545 1
1678225896863 0.015140069560998842 1
1678225897425 0.015097600172731287 1
1678225898000 0.015055112540943388 1
1678225898593 0.015012817611788716 1
1678225899163 0.014970492409572336 1
1678225899792 0.014928346535369806 1
1678225900351 0.014886178882494426 1
1678225900917 0.014844154518999925 1
1678225901481 0.014802195737296532 1
1678225902046 0.014760300491122737 1
1678225902609 0.014718486978089815 1
1678225903193 0.014676803346754206 1
1678225903774 0.014635127128356944 1
1678225904333 0.014593573058587257 1
1678225904893 0.014552103112970506 1
1678225905452 0.014510699603485774 1
1678225906013 0.01446937868886998 1
1678225906571 0.014428144968987712 1
1678225907144 0.014387021879198781 1
1678225907728 0.014345937844466777 1
1678225908339 0.014304992965906491 1
1678225908908 0.014264094221432624 1
1678225909467 0.01422330025298683 1
1678225910034 0.014182585507505336 1
1678225910597 0.014141965442576027 1
1678225911162 0.014101424512685255 1
1678225911728 0.014061099640957444 1
1678225912292 0.014020754795774148 1
1678225912864 0.013980561548444919 1
1678225913457 0.013940457683909242 1
1678225914024 0.01390045362192385 1
1678225914589 0.013860527204244667 1
1678225915148 0.01382071084143359 1
1678225915706 0.013780962495498185 1
1678225916272 0.013741424509657667 1
1678225916832 0.013701891229981155 1
1678225917394 0.013662553731021388 1
1678225917971 0.013623255887933198 1
1678225918559 0.013584075366263252 1
1678225919135 0.013544990623003307 1
1678225919702 0.013506007799908754 1
1678225920264 0.013467134226765768 1
1678225920827 0.013428346779407815 1
1678225921390 0.013389696781393274 1
1678225921949 0.01335110979254685 1
1678225922510 0.013312657567881137 1
1678225923093 0.01327428329492686 1
1678225923676 0.01323602856576838 1
1678225924307 0.01319792631633803 1
1678225924868 0.01315984671813284 1
1678225925429 0.01312190134202143 1
1678225925995 0.013084084603235962 1
1678225926562 0.013046369456584866 1
1678225927122 0.01300876797192073 1
1678225927733 0.012971242593863399 1
1678225928321 0.012933866915750063 1
1678225928896 0.012896569702179535 1
1678225929458 0.012859425837692725 1
1678225930019 0.012822370548071145 1
1678225930579 0.01278542464328991 1
1678225931141 0.012748575336143994 1
1678225931698 0.012711877392683722 1
1678225932257 0.012675247294625552 1
1678225932823 0.012638777700720093 1
1678225933419 0.012602392103978179 1
1678225933992 0.012566149962596411 1
1678225934549 0.012529999803765037 1
1678225935113 0.012493991302363651 1
1678225935672 0.012458078254795992 1
1678225936236 0.012422279102341801 1
1678225936791 0.012386625251715423 1
1678225937350 0.012351061239866706 1
1678225937924 0.012315627934513892 1
1678225938516 0.012280332857482238 1
1678225939081 0.012245121222763597 1
1678225939643 0.012210072496176545 1
1678225940200 0.012175093278422283 1
1678225940759 0.012140304206654004 1
1678225941319 0.012105569797486695 1
1678225941876 0.012070980894745412 1
1678225942433 0.012036537112081086 1
1678225943007 0.01200217864404891 1
1678225943590 0.01196798113403529 1
1678225944157 0.011933903069918471 1
1678225944715 0.011899933249313367 1
1678225945273 0.0118661259477962 1
1678225945828 0.011832415620440325 1
1678225946384 0.011798831068756146 1
1678225946941 0.01176535331529637 1
1678225947498 0.011732058581819638 1
1678225948074 0.011698863003729212 1
1678225948657 0.011665769654986755 1
1678225949222 0.011632819080687173 1
1678225949781 0.011600057703292355 1
1678225950431 0.011567344660791809 1
1678225950992 0.011534767007573573 1
1678225951559 0.011502369992678266 1
1678225952129 0.01147010498858646 1
1678225952700 0.011437920223248214 1
1678225953297 0.011405871464420035 1
1678225953883 0.0113739696857992 1
1678225954443 0.011342215761033387 1
1678225955000 0.011310586812147071 1
1678225955557 0.011279059423372416 1
1678225956113 0.011247704173784264 1
1678225956675 0.011216456711909318 1
1678225957236 0.011185344378913544 1
1678225957800 0.01115437757744987 1
1678225958398 0.011123541030187197 1
1678225958971 0.011092846177473746 1
1678225959533 0.011062264648075507 1
1678225960088 0.011031832858429036 1
1678225960644 0.011001529659441976 1
1678225961199 0.010971370896004152 1
1678225961754 0.010941366834922023 1
1678225962309 0.010911469265113702 1
1678225962874 0.010881729594521144 1
1678225963463 0.010852130204651375 1
1678225964031 0.01082261063587343 1
1678225964589 0.01079330521185353 1
1678225965151 0.010764106854814598 1
1678225965712 0.010735028057441242 1
1678225966275 0.010706103386067131 1
1678225966836 0.010677294521023716 1
1678225967402 0.010648639299180336 1
1678225967980 0.010620133972702794 1
1678225968570 0.010591738289770053 1
1678225969147 0.010563495839222318 1
1678225969704 0.010535369375937978 1
1678225970267 0.010507413546557851 1
1678225970823 0.010479593414860724 1
1678225971380 0.010451902009118656 1
1678225971940 0.01042429972282626 1
1678225972503 0.010396903236556608 1
1678225973085 0.010369612691640896 1
1678225973669 0.010342494352543197 1
1678225974235 0.0103154813104409 1
1678225974796 0.010288636273492484 1
1678225975354 0.010261868184313589 1
1678225975986 0.010235323730915475 1
1678225976547 0.010208897344904735 1
1678225977108 0.01018255830117126 1
1678225977669 0.010156433159819346 1
1678225978254 0.010130426461475267 1
1678225978834 0.01010450764335466 1
1678225979395 0.010078774119717233 1
1678225979954 0.010053171481679207 1
1678225980518 0.010027706018178238 1
1678225981074 0.010002370463523091 1
1678225981622 0.009977163411223936 1
1678225982172 0.009952152263031764 1
1678225982721 0.009927212488733695 1
1678225983346 0.009902431330232418 1
1678225983960 0.009877800984318974 1
1678225984557 0.009853286029756747 1
1678225985153 0.00982896140882004 1
1678225985749 0.009804714946339995 1
1678225986342 0.009780623528367744 1
1678225986937 0.009756691712519572 1
1678225987531 0.009732898302633743 1
1678225988145 0.009709189450431456 1
1678225988762 0.009685662844294975 1
1678225989353 0.009662287381598298 1
1678225989942 0.00963899326057825 1
1678225990534 0.009615865062207572 1
1678225991126 0.009592936546692047 1
1678225991715 0.009570029506256298 1
1678225992309 0.009547306423164412 1
1678225992904 0.00952478629278873 1
1678225993528 0.009502286626343828 1
1678225994128 0.009479967980208013 1
1678225994705 0.009457867243666297 1
1678225995281 0.009435826166457984 1
1678225995867 0.009413897559041573 1
1678225996454 0.009392145622942969 1
1678225997040 0.009370524556535404 1
1678225997632 0.009349031821217189 1
1678225998246 0.009327642451285046 1
1678225998850 0.009306406581931069 1
1678225999430 0.009285276907053584 1
1678226000006 0.009264316927338385 1
1678226000580 0.009243504913817254 1
1678226001156 0.009222746804486346 1
1678226001822 0.009202198954535636 1
1678226002397 0.009181785004170336 1
1678226002965 0.009161459274898769 1
1678226003552 0.00914127505832713 1
1678226004122 0.009121230331042595 1
1678226004690 0.009101310711112299 1
1678226005252 0.009081545406503784 1
1678226005808 0.009061910249831117 1
1678226006362 0.009042370339474887 1
1678226006916 0.009022950946552337 1
1678226007470 0.009003698335904014 1
1678226008041 0.008984553768192736 1
1678226008626 0.008965506052143999 1
1678226009209 0.008946675820847232 1
1678226009765 0.00892792299662901 1
1678226010320 0.008909240543207932 1
1678226010876 0.008890788838587139 1
1678226011431 0.008872428389678891 1
1678226011988 0.008854170124168441 1
1678226012545 0.00883601617533778 1
1678226013124 0.008818048874832193 1
1678226013708 0.008800153083275176 1
1678226014283 0.008782402291421873 1
1678226014841 0.00876484389728517 1
1678226015397 0.00874737740373461 1
1678226015953 0.008730008511862357 1
1678226016512 0.008712797007396167 1
1678226017068 0.008695652591358674 1
1678226017623 0.008678667164221002 1
1678226018200 0.008661832301271717 1
1678226018778 0.008645100488632618 1
1678226019332 0.008628453804391006 1
1678226019887 0.008611948775220483 1
1678226020443 0.008595578024446103 1
1678226020999 0.00857930676193888 1
1678226021553 0.008563171544930182 1
1678226022107 0.00854713468461534 1
1678226022660 0.008531234992657757 1
1678226023240 0.008515396917292008 1
1678226023815 0.00849972643069091 1
1678226024369 0.008484211291380321 1
1678226024927 0.008468768739695686 1
1678226025484 0.008453422105287826 1
1678226026047 0.008438206371311924 1
1678226026611 0.008423098800912378 1
1678226027171 0.008408125659472009 1
1678226027801 0.008393286366114076 1
1678226028410 0.008378580081299167 1
1678226028984 0.00836393502393141 1
1678226029540 0.008349378001700915 1
1678226030102 0.008334964876822868 1
1678226030665 0.008320707827259534 1
1678226031222 0.008306550596257989 1
1678226031783 0.008292491783548038 1
1678226032343 0.008278513684843534 1
1678226032910 0.008264649849427978 1
1678226033497 0.008250890365705232 1
1678226034068 0.0082373096696271 1
1678226034631 0.008223825039298617 1
1678226035189 0.008210383460341513 1
1678226035750 0.00819706344654618 1
1678226036309 0.008183879244917902 1
1678226036869 0.008170840672095822 1
1678226037425 0.008157882012438163 1
1678226037992 0.008144984186098278 1
1678226038587 0.008132187169448612 1
1678226039159 0.008119566744039573 1
1678226039720 0.008107049916749603 1
1678226040279 0.008094586446534859 1
1678226040835 0.00808219358846577 1
1678226041390 0.008069982920558183 1
1678226041951 0.008057863911014025 1
1678226042510 0.008045795375492782 1
1678226043086 0.008033820334294995 1
1678226043674 0.008022015491553685 1
1678226044237 0.008010309615364806 1
1678226044803 0.007998662628566635 1
1678226045359 0.007987132016794159 1
1678226045914 0.007975713821205785 1
1678226046470 0.00796438242356844 1
1678226047031 0.00795316622856436 1
1678226047588 0.007942019394185812 1
1678226048168 0.007931005809084927 1
1678226048753 0.00792006264087423 1
1678226049330 0.007909214165878968 1
1678226049891 0.007898495285809519 1
1678226050462 0.007887883600242845 1
1678226051026 0.007877403524315589 1
1678226051583 0.007866994047261011 1
1678226052145 0.007856634017332505 1
1678226052707 0.007846427090776315 1
1678226053294 0.00783630263743969 1
1678226053973 0.007826276848432779 1
1678226054540 0.007816349338778407 1
1678226055100 0.007806523113092905 1
1678226055658 0.007796786389404422 1
1678226056220 0.007787132128702997 1
1678226056788 0.007777625455029565 1
1678226057345 0.007768198435904734 1
1678226057917 0.007758858696306479 1
1678226058504 0.007749603198652938 1
1678226059075 0.00774049240450056 1
1678226059633 0.007731478124544791 1
1678226060197 0.0077225620763633086 1
1678226060756 0.007713722030025344 1
1678226061314 0.007704956021225054 1
1678226061871 0.007696335578136678 1
1678226062427 0.007687811536939543 1
1678226062995 0.007679347470404683 1
1678226063590 0.007670980704314248 1
1678226064158 0.007662759067543857 1
1678226064721 0.007654707707358113 1
1678226065281 0.007646666764179628 1
1678226065841 0.007638749279822589 1
1678226066405 0.007630925910392634 1
1678226066969 0.007623186446695136 1
1678226067532 0.007615559772679881 1
1678226068108 0.007608095342807011 1
1678226068697 0.00760072963494599 1
1678226069261 0.007593464065671543 1
1678226069827 0.007586253262937576 1
1678226070386 0.007579200754126225 1
1678226070945 0.007572260242203844 1
1678226071506 0.007565389478415671 1
1678226072067 0.007558665523695661 1
1678226072627 0.007552039153035112 1
1678226073210 0.007545535281409337 1
1678226073794 0.007539140438846825 1
1678226074351 0.007532876670155063 1
1678226074894 0.007526759320632167 1
1678226075437 0.0075207032663091485 1
1678226075980 0.007514782032933886 1
1678226076530 0.007508983896580409 1
1678226077075 0.00750331703873919 1
1678226077618 0.0074977197195909935 1
1678226078259 0.007492301590077333 1
1678226078846 0.007486992166607343 1
1678226079416 0.007481807865581896 1
1678226079978 0.007476823705258929 1
1678226080542 0.007471914713771178 1
1678226081097 0.007467138007018342 1
1678226081636 0.007462491575623586 1
1678226082194 0.007457939914433792 1
1678226082750 0.0074534997921494525 1
1678226083337 0.007449177268701962 1
1678226083918 0.007445117397056162 1
1678226084474 0.007441152497280381 1
1678226085034 0.007437298304308386 1
1678226085586 0.007433614382239296 1
1678226086148 0.0074300425785913575 1
1678226086698 0.0074266695497399995 1
1678226087253 0.0074234377740109185 1
1678226087809 0.007420319350404133 1
1678226088395 0.007417367322517109 1
1678226088975 0.007414559213932815 1
1678226089545 0.0074119239367743004 1
1678226090116 0.007409449190241621 1
1678226090682 0.00740703981737379 1
1678226091248 0.007404868398914224 1
1678226091809 0.007402819237522356 1
1678226092366 0.007400899878361088 1
1678226092919 0.007399142873111948 1
1678226093507 0.007397493187448723 1
1678226094080 0.007396002716908083 1
1678226094631 0.007394661648015612 1
1678226095184 0.007393456284573591 1
1678226095737 0.007392434393790205 1
1678226096298 0.007391527638742852 1
1678226096862 0.007390721365064184 1
1678226097426 0.007390061352653938 1
1678226097994 0.007389493134293367 1
1678226098585 0.007389017118005507 1
1678226099162 0.007388740342072979 1
1678226099729 0.0073885509538373995 1
1678226100277 0.007388431726441437 1
1678226100833 0.0073883821005482075 1
1678226101389 0.007388395676481248 1
1678226101949 0.0073884987613144016 1
1678226102504 0.007388625654623725 1
1678226103073 0.00738883786544918 1
1678226103664 0.007389113160699627 1
1678226104320 0.00738945068934628 1
1678226104876 0.0073897666820844895 1
1678226105433 0.007390003650189539 1
1678226105998 0.007390235617690736 1
1678226106558 0.007390510896035867 1
1678226107116 0.0073906499201856135 1
1678226107672 0.0073907046641824735 1
1678226108246 0.007390772065193897 1
1678226108848 0.007390733459994955 1
1678226109440 0.0073906496389052 1
1678226110000 0.007390470179818597 1
1678226110549 0.007390140011533871 1
1678226111099 0.007389643957820637 1
1678226111649 0.007388921988438171 1
1678226112197 0.0073880698823754025 1
1678226112746 0.0073869384074067785 1
1678226113329 0.00738560258870928 1
1678226113913 0.007383992319318424 1
1678226114467 0.007382201545808574 1
1678226115008 0.007380081726441189 1
1678226115548 0.007377664523946761 1
1678226116090 0.007374899717890406 1
1678226116627 0.007371850120176701 1
1678226117170 0.0073684293284702424 1
1678226117725 0.007364606904426512 1
1678226118306 0.007360411348582081 1
1678226118889 0.007355773594856021 1
