1678225632961 0.5694528562682015 1
1678225633532 0.5256375755582537 1
1678225634082 0.47447241629873005 1
1678225634629 0.41472049270357403 1
1678225635177 0.3462992565972464 1
1678225635725 0.26939093853746143 1
1678225636273 0.1865426834140505 1
1678225636822 0.10410306389842715 1
1678225637374 0.03333035803266934 1
1678225637961 0.023547557847840444 1
1678225638535 0.03845598601869175 1
1678225639101 0.034604045163307874 1
1678225639663 0.022610185933964595 1
1678225640225 0.013912928157619067 1
1678225640784 0.011821550583200795 1
1678225641341 0.011713826762778419 1
1678225641897 0.011504194167043482 1
1678225642459 0.011930748554212707 1
1678225643046 0.012547716498374939 1
1678225643620 0.012744694282966 1
1678225644184 0.0125069652817079 1
1678225644743 0.012134527920612268 1
1678225645367 0.011847742301012789 1
1678225645917 0.0116882145937 1
1678225646467 0.011620410451931613 1
1678225647017 0.011580364512545722 1
1678225647581 0.011520315094717912 1
1678225648170 0.011424746231309004 1
1678225648744 0.011305906144636018 1
1678225649309 0.01118303888610431 1
1678225649869 0.011067457497119904 1
1678225650428 0.010960542862968785 1
1678225650987 0.0108568278540458 1
1678225651545 0.010751391095774514 1
1678225652108 0.010642374200480325 1
1678225652677 0.010530851382230009 1
1678225653264 0.010418484253542764 1
1678225653830 0.010307677622352327 1
1678225654386 0.01019758717822177 1
1678225654940 0.010088037300322737 1
1678225655476 0.009978130858923708 1
1678225656012 0.009868259275598186 1
1678225656547 0.009759304911962577 1
1678225657085 0.009650566482118197 1
1678225657643 0.00954206074987139 1
1678225658228 0.009434489533305168 1
1678225658787 0.00932740539844547 1
1678225659340 0.009220704502825226 1
1678225659894 0.00911413219624332 1
1678225660446 0.009008103116814579 1
1678225660998 0.008903199075055974 1
1678225661550 0.008799101359077863 1
1678225662103 0.008697742463222571 1
1678225662671 0.008598045179886478 1
1678225663255 0.008499755657144956 1
1678225663820 0.00840216429371919 1
1678225664376 0.008305414712854795 1
1678225664930 0.008209814317524433 1
1678225665483 0.008115477194743497 1
1678225666035 0.00802152989698308 1
1678225666587 0.007928140860583101 1
1678225667139 0.007835833156215293 1
1678225667708 0.0077447909861803055 1
1678225668291 0.007654691846775157 1
1678225668854 0.0075666108168661594 1
1678225669409 0.007479512930980751 1
1678225669964 0.007393374773008483 1
1678225670618 0.007308573062930789 1
1678225671181 0.007225368438022477 1
1678225671742 0.007144135223435504 1
1678225672302 0.0070654285539473805 1
1678225672886 0.006988882685878447 1
1678225673467 0.006915740469204528 1
1678225674036 0.006845506440315928 1
1678225674604 0.006776447008763041 1
1678225675172 0.006708495518458741 1
1678225675741 0.006642780067133052 1
1678225676309 0.0065783362037369186 1
1678225676873 0.006515522154846362 1
1678225677431 0.006454025129122394 1
1678225678017 0.006393365229346922 1
1678225678601 0.006334222387522459 1
1678225679164 0.006276201057646956 1
1678225679715 0.006219901610165834 1
1678225680272 0.006164812615939549 1
1678225680830 0.006112162888582263 1
1678225681378 0.006062144080975226 1
1678225681918 0.006014340623681035 1
1678225682470 0.005967884856675353 1
1678225683057 0.005923738037901265 1
1678225683635 0.005880965119493859 1
1678225684182 0.005839459465018341 1
1678225684728 0.0057990422605403835 1
1678225685274 0.0057596613519958085 1
1678225685820 0.005722212738224438 1
1678225686366 0.00568678043782711 1
1678225686912 0.005652801732399634 1
1678225687458 0.005620892492255994 1
1678225688043 0.005590000123317752 1
1678225688618 0.00556040761460151 1
1678225689183 0.005531650568757739 1
1678225689748 0.005504227176840816 1
1678225690318 0.005477769100772483 1
1678225690891 0.005452872453523534 1
1678225691465 0.005429428736014026 1
1678225692032 0.005407297784196479 1
1678225692601 0.005385887276913438 1
1678225693189 0.005365677577044282 1
1678225693762 0.005346338597259351 1
1678225694325 0.005327678219016109 1
1678225694879 0.005309946568948882 1
1678225695493 0.005293778276869229 1
1678225696035 0.005279404310775655 1
1678225696575 0.005266011559537479 1
1678225697117 0.005253436842135021 1
1678225697680 0.005241168130721364 1
1678225698268 0.00522988715342113 1
1678225698838 0.005219705336328063 1
1678225699395 0.0052101861552468366 1
1678225699952 0.005200995731034449 1
1678225700509 0.0051931810033108506 1
1678225701066 0.005186008888163737 1
1678225701622 0.005179026097591434 1
1678225702177 0.005173373302178723 1
1678225702747 0.005168144125491381 1
1678225703336 0.005163319941077914 1
1678225703902 0.00515878785933767 1
1678225704466 0.005154440445559365 1
1678225705025 0.005150383404855218 1
1678225705587 0.005146477770592485 1
1678225706153 0.005142735916056803 1
1678225706718 0.005139241992895093 1
1678225707279 0.0051358590301658425 1
1678225707862 0.005132585431316069 1
1678225708446 0.005129656554864985 1
1678225709027 0.005127227000359978 1
1678225709580 0.0051252031698822975 1
1678225710134 0.005123388155230454 1
1678225710692 0.0051218985047723565 1
1678225711251 0.005120486154087952 1
1678225711817 0.005119016793157373 1
1678225712374 0.005117454566061497 1
1678225712954 0.005115832534751722 1
1678225713535 0.005114179104566574 1
1678225714090 0.005112727837903159 1
1678225714646 0.005111233397786107 1
1678225715200 0.0051096293276974136 1
1678225715759 0.005108181187616927 1
1678225716315 0.005106702713029725 1
1678225716871 0.005105161507214818 1
1678225717428 0.005103614779987505 1
1678225718013 0.0051020172291568345 1
1678225718591 0.0051003554835915565 1
1678225719150 0.0050985861702689105 1
1678225719705 0.005096728248255593 1
1678225720264 0.005094881967774459 1
1678225720826 0.00509307999163866 1
1678225721473 0.005091219807841948 1
1678225722028 0.00508926748963339 1
1678225722588 0.00508725197453584 1
1678225723173 0.005085144591118608 1
1678225723740 0.005082941680614438 1
1678225724298 0.005080708701695714 1
1678225724859 0.0050784578280789515 1
1678225725413 0.005076213540243251 1
1678225725979 0.005073977900402886 1
1678225726534 0.005071701082800116 1
1678225727088 0.005069364860121693 1
1678225727650 0.005066947678902319 1
1678225728235 0.005064461446766343 1
1678225728797 0.005061886007232326 1
1678225729335 0.005059255020959037 1
1678225729872 0.005056709982454777 1
1678225730409 0.005054121371358633 1
1678225730953 0.005051565423075642 1
1678225731498 0.005048953528915133 1
1678225732043 0.005046285622354064 1
1678225732596 0.0050435431434639865 1
1678225733181 0.0050407179764338905 1
1678225733749 0.005037836530911071 1
1678225734304 0.005034877519522395 1
1678225734858 0.005031940992921591 1
1678225735413 0.005028959762837205 1
1678225735967 0.005025896376797131 1
1678225736521 0.0050228665848927835 1
1678225737075 0.005019816370414836 1
1678225737636 0.005016708680029426 1
1678225738223 0.005013516904520137 1
1678225738799 0.005010237119027546 1
1678225739357 0.0050068846238510946 1
1678225739899 0.00500344465087567 1
1678225740457 0.004999935094799314 1
1678225741009 0.004996350899870906 1
1678225741549 0.004992704505899123 1
1678225742102 0.00498897981430803 1
1678225742661 0.004985202436468431 1
1678225743249 0.004981321881392172 1
1678225743816 0.004977387376129627 1
1678225744356 0.004973387545240777 1
1678225744903 0.0049693045605506215 1
1678225745449 0.004965175541916064 1
1678225745991 0.0049609726827059475 1
1678225746530 0.004956712214542287 1
1678225747139 0.004952392607395138 1
1678225747701 0.004948017919170005 1
1678225748294 0.004943588349436011 1
1678225748866 0.004939100438995021 1
1678225749434 0.004934573546051979 1
1678225749997 0.004929985518434218 1
1678225750554 0.0049253553817314765 1
1678225751111 0.004920664576015302 1
1678225751667 0.004915924609771797 1
1678225752223 0.0049111318907567435 1
1678225752793 0.004906294268688985 1
1678225753379 0.004901414670582328 1
1678225753938 0.004896492830344609 1
1678225754490 0.004891539923846722 1
1678225755043 0.004886535262422902 1
1678225755595 0.004881510311471564 1
1678225756147 0.004876431942518268 1
1678225756696 0.004871304213468518 1
1678225757247 0.004866150873047965 1
1678225757820 0.004860950035176107 1
1678225758432 0.0048557026976985595 1
1678225759000 0.004850442787366254 1
1678225759562 0.004845115289624248 1
1678225760119 0.004839769098907709 1
1678225760675 0.004834407408322606 1
1678225761232 0.004829006602189371 1
1678225761794 0.0048235744637038025 1
1678225762353 0.00481812163655247 1
1678225762934 0.004812640470585653 1
1678225763515 0.004807135422847101 1
1678225764079 0.004801590860422168 1
1678225764645 0.004796025675854513 1
1678225765209 0.004790416586079768 1
1678225765769 0.004784786608070135 1
1678225766324 0.004779122570263488 1
1678225766879 0.004773453742797885 1
1678225767440 0.004767746797629765 1
1678225768024 0.0047620222238557676 1
1678225768605 0.004756260929363114 1
1678225769174 0.004750484135001898 1
1678225769732 0.00474468811548182 1
1678225770286 0.00473887479997107 1
1678225770843 0.004733036139181682 1
1678225771491 0.0047271814463394025 1
1678225772048 0.004721284843981266 1
1678225772625 0.004715387310300555 1
1678225773211 0.004709459375590086 1
1678225773782 0.004703507758677006 1
1678225774337 0.004697537781404597 1
1678225774892 0.0046915521712175435 1
1678225775448 0.0046855479345789975 1
1678225776005 0.004679528730256217 1
1678225776560 0.004673484446746963 1
1678225777116 0.004667421536786216 1
1678225777678 0.004661339135574443 1
1678225778264 0.004655238041388137 1
1678225778821 0.004649116591151271 1
1678225779359 0.004642983432859182 1
1678225779898 0.004636827656733138 1
1678225780435 0.004630656912922859 1
1678225780975 0.004624473662780864 1
1678225781513 0.004618276043662003 1
1678225782051 0.004612052214464971 1
1678225782594 0.004605811954076801 1
1678225783180 0.004599579543407474 1
1678225783751 0.004593307884143931 1
1678225784308 0.004587030104760613 1
1678225784862 0.0045807463383036 1
1678225785398 0.0045744433466877255 1
1678225785935 0.004568129977477449 1
1678225786474 0.004561813215592078 1
1678225787021 0.004555496520229748 1
1678225787607 0.004549102059432438 1
1678225788193 0.004542727023363113 1
1678225788761 0.004536330899489778 1
1678225789308 0.004529899119266442 1
1678225789856 0.00452347459005458 1
1678225790402 0.004517045404229846 1
1678225790947 0.004510578300271716 1
1678225791493 0.004504113258527858 1
1678225792032 0.004497638171804803 1
1678225792646 0.0044911278943930355 1
1678225793234 0.004484617616981268 1
1678225793803 0.004478097028498139 1
1678225794359 0.004471548633383853 1
1678225794917 0.004465014341154269 1
1678225795472 0.004458484639014516 1
1678225796029 0.004451955003397805 1
1678225796589 0.004445437608020646 1
1678225797219 0.0044389019188072 1
1678225797787 0.004432361439934799 1
1678225798373 0.004425805062055588 1
1678225798935 0.00441926923979606 1
1678225799490 0.004412729825292315 1
1678225800045 0.004406169189938477 1
1678225800604 0.004399612679013184 1
1678225801162 0.00439302423702819 1
1678225801723 0.004386437258550099 1
1678225802280 0.004379840700754097 1
1678225802851 0.004373242014220783 1
1678225803438 0.004366630887878793 1
1678225803999 0.004359997343271971 1
1678225804565 0.004353354884577649 1
1678225805136 0.004346722337816443 1
1678225805709 0.004340055132550853 1
1678225806277 0.004333407085921083 1
1678225806847 0.004326755047908851 1
1678225807414 0.00432009223316397 1
1678225807999 0.004313422899161067 1
1678225808584 0.004306748908545289 1
1678225809179 0.004300054827971118 1
1678225809745 0.004293351301125118 1
1678225810305 0.004286633006164006 1
1678225810863 0.00427992462313601 1
1678225811423 0.00427319821236389 1
1678225811986 0.004266468675008842 1
1678225812553 0.004259729924212609 1
1678225813140 0.004252982591944081 1
1678225813719 0.004246229073032737 1
1678225814262 0.004239480343780347 1
1678225814800 0.004232720438657063 1
1678225815338 0.004225952816861016 1
1678225815875 0.004219175449439457 1
1678225816416 0.004212386573531798 1
1678225816955 0.0042055965002094 1
1678225817492 0.004198811416115079 1
1678225818067 0.004192020145377943 1
1678225818650 0.004185226113934602 1
1678225819237 0.0041784244988645825 1
1678225819787 0.004171605022358043 1
1678225820335 0.004164778161793947 1
1678225820881 0.0041579430856342825 1
1678225821427 0.004151105049199292 1
1678225821970 0.004144257566492472 1
1678225822606 0.004137403697573713 1
1678225823195 0.004130563133263162 1
1678225823775 0.004123710029359374 1
1678225824350 0.004116873123816082 1
1678225824900 0.004110034954335008 1
1678225825440 0.004103193857840129 1
1678225825993 0.004096360877156258 1
1678225826541 0.004089526632534606 1
1678225827088 0.004082674659522516 1
1678225827708 0.004075811111501285 1
1678225828297 0.004068942141852209 1
1678225828870 0.004062072573495763 1
1678225829429 0.004055182017119867 1
1678225829985 0.0040483063951666865 1
1678225830544 0.004041353174086128 1
1678225831109 0.004034441197291017 1
1678225831667 0.004027492233685085 1
1678225832226 0.004020553647673556 1
1678225832792 0.004013616791261094 1
1678225833380 0.004006669923130955 1
1678225833946 0.00399971181260688 1
1678225834502 0.0039927400981209105 1
1678225835062 0.003985754846196089 1
1678225835627 0.003978775614606482 1
1678225836190 0.0039717646847878185 1
1678225836753 0.003964759542473725 1
1678225837319 0.003957734143893633 1
1678225837900 0.0039507202870611635 1
1678225838493 0.0039436852759016415 1
1678225839065 0.003936648002958724 1
1678225839633 0.003929618413427046 1
1678225840202 0.003922569997874754 1
1678225840776 0.00391551639352526 1
1678225841343 0.003908477524029357 1
1678225841903 0.003901442413085273 1
1678225842459 0.0038944019802979062 1
1678225843037 0.0038873930129089524 1
1678225843625 0.0038803729361721446 1
1678225844201 0.003873364567490561 1
1678225844760 0.0038663570303469896 1
1678225845320 0.00385933492465743 1
1678225845882 0.0038523091602006127 1
1678225846444 0.0038452711222427233 1
1678225847001 0.0038382408674806356 1
1678225847633 0.0038312049249985386 1
1678225848220 0.0038241706123309477 1
1678225848802 0.0038171240594238043 1
1678225849367 0.0038100642351699726 1
1678225849936 0.0038030110632202457 1
1678225850501 0.0037959485447832514 1
1678225851061 0.00378889570544873 1
1678225851619 0.003781804449058005 1
1678225852179 0.003774732617395265 1
1678225852744 0.003767663413392646 1
1678225853338 0.0037606170933161464 1
1678225853919 0.003753546392545104 1
1678225854494 0.0037464858032763004 1
1678225855065 0.0037394214554556777 1
1678225855631 0.003732348592685802 1
1678225856200 0.0037252831804965225 1
1678225856760 0.0037182048628372805 1
1678225857318 0.0037111283413001467 1
1678225857894 0.0037040404443229947 1
1678225858488 0.0036969506847006933 1
1678225859067 0.0036898570002189706 1
1678225859644 0.003682756729956184 1
1678225860212 0.0036756526678800583 1
1678225860781 0.0036685404899929252 1
1678225861342 0.003661429143643805 1
1678225861898 0.0036543045259479967 1
1678225862458 0.0036471925476299866 1
1678225863037 0.0036400773762060063 1
1678225863627 0.0036329511952187333 1
1678225864181 0.0036258219209100518 1
1678225864733 0.003618682235745447 1
1678225865281 0.0036115718872419427 1
1678225865829 0.0036044292750635316 1
1678225866377 0.0035973029942916973 1
1678225866928 0.0035901564905153854 1
1678225867483 0.0035830270498991013 1
1678225868066 0.003575873960341726 1
1678225868655 0.0035687291529029608 1
1678225869226 0.003561588203800576 1
1678225869793 0.0035544347151049544 1
1678225870350 0.003547287778928876 1
1678225870910 0.003540157972435866 1
1678225871467 0.003533031192741224 1
1678225872029 0.003525899723172188 1
1678225872588 0.0035187628652368274 1
1678225873174 0.0035116268055779593 1
1678225873847 0.0035044847588453975 1
1678225874404 0.003497339519006865 1
1678225874960 0.0034901987694736037 1
1678225875515 0.0034830372647515367 1
1678225876071 0.003475888931591596 1
1678225876627 0.003468726495546954 1
1678225877185 0.0034615687493767056 1
1678225877752 0.0034544135976050582 1
1678225878338 0.003447241149842739 1
1678225878910 0.0034401077843670335 1
1678225879466 0.003432963874989322 1
1678225880021 0.0034258179033973385 1
1678225880576 0.0034186741603272302 1
1678225881129 0.0034115269913205077 1
1678225881683 0.00340438012166747 1
1678225882237 0.003397220413067511 1
1678225882802 0.0033900790315653595 1
1678225883390 0.003382924711331725 1
1678225883960 0.003375774049865348 1
1678225884519 0.003368622490337917 1
1678225885074 0.003361475354592715 1
1678225885629 0.003354320103036506 1
1678225886187 0.0033471881678061827 1
1678225886744 0.0033400890616966145 1
1678225887302 0.003332994146538632 1
1678225887869 0.0033259053847619464 1
1678225888455 0.003318809505019869 1
1678225889026 0.003311709434326206 1
1678225889585 0.0033046726270445754 1
1678225890139 0.0032976442681891577 1
1678225890694 0.0032906466762402226 1
1678225891248 0.003283650414752109 1
1678225891801 0.0032766430439161403 1
1678225892355 0.003269645551751767 1
1678225892923 0.0032626378815621138 1
1678225893510 0.0032556415535509586 1
1678225894073 0.0032486298587173223 1
1678225894632 0.0032416382538420813 1
1678225895190 0.0032346627142812523 1
1678225895747 0.0032276903345648733 1
1678225896306 0.0032207597978413105 1
1678225896864 0.0032138378425900426 1
1678225897427 0.003206925666225808 1
1678225898002 0.003199991470734988 1
1678225898595 0.003193084549690996 1
1678225899165 0.0031861678497599705 1
1678225899794 0.003179303470200726 1
1678225900352 0.003172417437391622 1
1678225900919 0.0031655813633863416 1
1678225901483 0.0031587416638753246 1
1678225902047 0.003151894413999149 1
1678225902610 0.003145051621166723 1
1678225903195 0.0031382207359586444 1
1678225903776 0.0031313679314085414 1
1678225904335 0.0031245314250034945 1
1678225904895 0.003117704697485481 1
1678225905454 0.003110871384186404 1
1678225906015 0.0031040365408573833 1
1678225906573 0.0030972110772771494 1
1678225907146 0.003090382453852466 1
1678225907754 0.0030835608818701337 1
1678225908340 0.0030767701100558043 1
1678225908910 0.003070001457152622 1
1678225909469 0.0030633367132395506 1
1678225910036 0.0030566880346408914 1
1678225910599 0.0030500408860721757 1
1678225911164 0.0030434210784733295 1
1678225911730 0.003036844211497477 1
1678225912294 0.0030302678434444325 1
1678225912866 0.0030237086050744566 1
1678225913459 0.0030171546220247236 1
1678225914026 0.003010611349184598 1
1678225914591 0.003004063552777682 1
1678225915149 0.00299752749768751 1
1678225915708 0.002990981563925743 1
1678225916274 0.002984520546825869 1
1678225916834 0.0029780694749206305 1
1678225917396 0.002971633171130504 1
1678225917973 0.0029652153607457876 1
1678225918566 0.002958837929846985 1
1678225919137 0.002952466153406671 1
1678225919704 0.0029460888555539505 1
1678225920266 0.0029397238312023027 1
1678225920829 0.00293336040340364 1
1678225921391 0.0029270106460899115 1
1678225921951 0.0029206514757658753 1
1678225922512 0.002914304778512035 1
1678225923095 0.002907950198277831 1
1678225923678 0.002901614344279681 1
1678225924309 0.002895295453656997 1
1678225924870 0.00288895407824644 1
1678225925431 0.002882635220885277 1
1678225925997 0.00287631869183055 1
1678225926564 0.0028700143032308134 1
1678225927124 0.0028637099811541183 1
1678225927735 0.0028574136085808277 1
1678225928323 0.002851125817479832 1
1678225928898 0.0028449473902583122 1
1678225929460 0.002838831128818648 1
1678225930021 0.002832729070048247 1
1678225930581 0.0028266257806015866 1
1678225931143 0.002820580964908004 1
1678225931699 0.0028145498862223966 1
1678225932259 0.0028085197055978434 1
1678225932825 0.002802507585978934 1
1678225933421 0.00279649839337383 1
1678225933994 0.002790524757334164 1
1678225934551 0.0027845706125455244 1
1678225935115 0.0027786337304860353 1
1678225935674 0.002772700507193804 1
1678225936237 0.0027667788256491932 1
1678225936793 0.0027609162165650298 1
1678225937352 0.0027550432631479843 1
1678225937926 0.0027492028062364887 1
1678225938518 0.0027433547656983137 1
1678225939083 0.0027375215930598123 1
1678225939645 0.0027317110049937454 1
1678225940202 0.0027258925339473145 1
1678225940761 0.002720093188275184 1
1678225941321 0.0027142849950385945 1
1678225941878 0.0027085411961057355 1
1678225942435 0.0027027972308652742 1
1678225943008 0.0026970688652779374 1
1678225943602 0.0026913494137781008 1
1678225944159 0.0026856567045407636 1
1678225944717 0.002679965724902494 1
1678225945275 0.002674287783780268 1
1678225945830 0.002668614299701793 1
1678225946386 0.0026629401171313865 1
1678225946943 0.002657267398067883 1
1678225947500 0.002651611575856805 1
1678225948076 0.002645951828786305 1
1678225948659 0.002640300496880497 1
1678225949224 0.002634663733520678 1
1678225949783 0.0026290350859718664 1
1678225950432 0.002623399819380471 1
1678225950994 0.002617773034476808 1
1678225951560 0.0026121549640915225 1
1678225952131 0.0026065477037004064 1
1678225952702 0.002600929333961436 1
1678225953299 0.0025953294576278757 1
1678225953885 0.0025897331402770112 1
1678225954445 0.0025841485642428908 1
1678225955002 0.002578573234911476 1
1678225955559 0.002573004358315042 1
1678225956115 0.0025674410363925354 1
1678225956677 0.0025619201894317356 1
1678225957238 0.0025564220933509724 1
1678225957802 0.002550916014505284 1
1678225958400 0.0025454297262643066 1
1678225958973 0.00253993841553373 1
1678225959534 0.0025344633364251684 1
1678225960090 0.0025290496913450105 1
1678225960646 0.002523718002651419 1
1678225961201 0.0025184170143412693 1
1678225961756 0.0025132176067147937 1
1678225962310 0.002508040251476424 1
1678225962876 0.0025028763338923454 1
1678225963465 0.0024977280159613918 1
1678225964033 0.0024925973266363144 1
1678225964591 0.0024875354221356766 1
1678225965153 0.002482459048873612 1
1678225965714 0.0024773982420031515 1
1678225966277 0.0024723497751568046 1
1678225966838 0.002467313881165215 1
1678225967404 0.002462313443954502 1
1678225967982 0.002457362034225038 1
1678225968590 0.0024524644748972996 1
1678225969148 0.002447621530986258 1
1678225969706 0.0024427827780268024 1
1678225970269 0.002437971565606339 1
1678225970825 0.002433158191187041 1
1678225971382 0.0024283521343022585 1
1678225971942 0.002423540422958987 1
1678225972505 0.002418772816391928 1
1678225973087 0.0024140617211482356 1
1678225973671 0.0024093791310276303 1
1678225974237 0.0024047015966581447 1
1678225974797 0.0024000409258795635 1
1678225975356 0.0023953701768602642 1
1678225975988 0.0023907359822520186 1
1678225976549 0.002386087318882346 1
1678225977110 0.0023814494322453228 1
1678225977670 0.0023768361591334853 1
1678225978256 0.002372210579259055 1
1678225978836 0.0023675947450101376 1
1678225979397 0.0023629918827542235 1
1678225979956 0.0023583997639694382 1
1678225980519 0.002353809474568282 1
1678225981076 0.0023492229104574236 1
1678225981624 0.002344647655263543 1
1678225982174 0.0023400880662458284 1
1678225982723 0.0023355183989873956 1
1678225983348 0.0023309694203947273 1
1678225983962 0.0023264363408088684 1
1678225984559 0.002321932265268905 1
1678225985155 0.0023174378355698927 1
1678225985750 0.0023129474305148634 1
1678225986344 0.0023085039907268117 1
1678225986939 0.002304074154900653 1
1678225987533 0.0022996496741792987 1
1678225988147 0.002295223330812795 1
1678225988764 0.002290833175980619 1
1678225989355 0.0022865088456975563 1
1678225989944 0.00228220723303301 1
1678225990536 0.0022779521864971946 1
1678225991128 0.002273733927203076 1
1678225991717 0.002269532930638109 1
1678225992311 0.0022653890108423574 1
1678225992906 0.002261258628485458 1
1678225993530 0.0022571074244167122 1
1678225994130 0.002252996899187565 1
1678225994707 0.002248925988429359 1
1678225995283 0.002244835353589484 1
1678225995869 0.0022407726251653264 1
1678225996456 0.002236759423145226 1
1678225997042 0.002232759991394622 1
1678225997634 0.002228768076747656 1
1678225998248 0.0022247747651168276 1
1678225998852 0.002220797019877604 1
1678225999431 0.002216821370114173 1
1678226000008 0.002212864247017673 1
1678226000582 0.0022089251849268165 1
1678226001158 0.0022050809846924885 1
1678226001824 0.002201298750670893 1
1678226002398 0.0021975484809705187 1
1678226002967 0.0021938140437539133 1
1678226003554 0.002190087689086795 1
1678226004124 0.0021863795617329223 1
1678226004692 0.0021826711682868855 1
1678226005254 0.0021789806030158487 1
1678226005810 0.002175337901072843 1
1678226006364 0.0021717031818947624 1
1678226006918 0.002168081800586411 1
1678226007472 0.0021644776820072104 1
1678226008043 0.00216087100229093 1
1678226008650 0.0021572732034006287 1
1678226009211 0.002153723234576838 1
1678226009767 0.002150170737877488 1
1678226010322 0.002146613152165498 1
1678226010878 0.0021430934513253824 1
1678226011433 0.00213958033626633 1
1678226011990 0.0021361284224050386 1
1678226012547 0.002132698760500976 1
1678226013126 0.0021292985350425753 1
1678226013710 0.0021258870006671975 1
1678226014285 0.002122528318847929 1
1678226014843 0.0021192017011344433 1
1678226015399 0.002115893443780286 1
1678226015955 0.002112605276384524 1
1678226016514 0.0021093524659850766 1
1678226017070 0.002106104079367859 1
1678226017624 0.0021028712591422455 1
1678226018202 0.0020996802486479282 1
1678226018780 0.0020965508052280973 1
1678226019334 0.0020934330033404486 1
1678226019889 0.0020903377860252348 1
1678226020445 0.002087260164054377 1
1678226021001 0.0020841857019279686 1
1678226021555 0.002081142073231084 1
1678226022109 0.0020781176696930614 1
1678226022662 0.0020751356413321836 1
1678226023242 0.0020721641568733113 1
1678226023817 0.0020692232730133192 1
1678226024371 0.002066363613786442 1
1678226024929 0.0020635099416332586 1
1678226025485 0.0020606935889061007 1
1678226026049 0.0020579213742166758 1
1678226026613 0.0020551686507782768 1
1678226027172 0.0020524628260838135 1
1678226027820 0.00204977611013289 1
1678226028412 0.0020471353283418076 1
1678226028985 0.0020444899065686123 1
1678226029541 0.0020419109579441802 1
1678226030104 0.0020393754488655497 1
1678226030667 0.002036859480930226 1
1678226031224 0.002034360426478088 1
1678226031785 0.0020318677914994104 1
1678226032345 0.0020293749569516096 1
1678226032911 0.00202688792653914 1
1678226033499 0.00202441170612084 1
1678226034070 0.0020219822846619146 1
1678226034633 0.0020195567548008902 1
1678226035191 0.0020171203816841754 1
1678226035752 0.002014699508436024 1
1678226036311 0.0020123014858524713 1
1678226036870 0.0020099286256091936 1
1678226037427 0.00200755924119481 1
1678226037994 0.002005180759754564 1
1678226038589 0.0020028221188113093 1
1678226039160 0.0020005056534760763 1
1678226039722 0.0019982014450111558 1
1678226040280 0.0019958927296102047 1
1678226040836 0.0019936047860288192 1
1678226041392 0.0019913564070260952 1
1678226041952 0.001989120168478361 1
1678226042512 0.00198687390158219 1
1678226043088 0.0019846816347645862 1
1678226043676 0.001982560198354934 1
1678226044239 0.001980453247337469 1
1678226044805 0.0019783505205331104 1
1678226045361 0.0019763125871707287 1
1678226045916 0.001974297404688384 1
1678226046472 0.0019722940965688656 1
1678226047033 0.0019703103129618932 1
1678226047590 0.001968325864124511 1
1678226048170 0.001966354836310659 1
1678226048755 0.0019643913921234863 1
1678226049332 0.0019624571349205716 1
1678226049893 0.0019605350348034073 1
1678226050464 0.0019586296818618265 1
1678226051027 0.0019567450175860097 1
1678226051585 0.0019548639455544098 1
1678226052147 0.0019530428274135505 1
1678226052709 0.0019512568833306432 1
1678226053296 0.0019494720535086735 1
1678226053974 0.001947703937600766 1
1678226054542 0.0019459574915734784 1
1678226055102 0.0019442294557978 1
1678226055660 0.0019425158555220281 1
1678226056222 0.0019408024880768998 1
1678226056789 0.0019391231471672654 1
1678226057347 0.0019374387505065118 1
1678226057919 0.0019357694878375956 1
1678226058506 0.0019341087234871729 1
1678226059077 0.0019324966041105135 1
1678226059634 0.0019309009325557522 1
1678226060199 0.0019293118467820542 1
1678226060758 0.0019277293966817005 1
1678226061316 0.0019261516364557402 1
1678226061873 0.0019246026474450315 1
1678226062429 0.0019230589303853257 1
1678226062997 0.0019216245273128152 1
1678226063591 0.0019202137399198754 1
1678226064159 0.0019188595303733433 1
1678226064722 0.001917546964250505 1
1678226065283 0.0019162305896835668 1
1678226065842 0.001914953879479851 1
1678226066407 0.0019136891101620027 1
1678226066971 0.00191243170827095 1
1678226067533 0.0019111933652311563 1
1678226068110 0.0019100165892658488 1
1678226068699 0.0019088446694825376 1
1678226069262 0.0019076831439243896 1
1678226069828 0.0019065257926870669 1
1678226070388 0.001905402384831437 1
1678226070946 0.0019042915165690438 1
1678226071508 0.0019031865023342626 1
1678226072069 0.0019021542144141027 1
1678226072629 0.0019011754442804626 1
1678226073212 0.0019002320810354181 1
1678226073796 0.0018993449796523368 1
1678226074353 0.0018985013510765775 1
1678226074896 0.0018976871256849595 1
1678226075439 0.0018968766588451608 1
1678226075982 0.0018961375379668815 1
1678226076532 0.001895425990889115 1
1678226077077 0.0018947401050744312 1
1678226077620 0.0018940589423956616 1
1678226078261 0.001893420736970646 1
1678226078848 0.0018927958028923189 1
1678226079418 0.0018922175846195646 1
1678226079980 0.0018917192272575839 1
1678226080544 0.0018912150990217924 1
1678226081099 0.0018907397918935334 1
1678226081638 0.0018902889486136182 1
1678226082195 0.001889838038810662 1
1678226082752 0.001889404158906213 1
1678226083339 0.0018889884896842496 1
1678226083920 0.0018886313939999258 1
1678226084476 0.0018883082915895752 1
1678226085036 0.001888007324721132 1
1678226085588 0.0018877567324255193 1
1678226086150 0.0018875182972156576 1
1678226086699 0.0018873363068061216 1
1678226087255 0.0018871891744700925 1
1678226087810 0.0018870640778914094 1
1678226088397 0.0018869659564058696 1
1678226088977 0.001886941891695772 1
1678226089547 0.0018869550466271384 1
1678226090118 0.0018870026438630053 1
1678226090684 0.0018870486445458873 1
1678226091249 0.0018871536511661752 1
1678226091810 0.0018873099137895874 1
1678226092368 0.0018874950141512922 1
1678226092921 0.0018877075386366674 1
1678226093509 0.0018879370597590292 1
1678226094082 0.0018881730502471328 1
1678226094633 0.0018884118845952408 1
1678226095185 0.0018886637907209142 1
1678226095739 0.0018889744865841099 1
1678226096300 0.0018893420762781585 1
1678226096864 0.0018897154534767782 1
1678226097428 0.0018901015698377574 1
1678226097996 0.0018905354996344873 1
1678226098587 0.0018909696290003403 1
1678226099164 0.0018914307168285762 1
1678226099731 0.0018918973593307392 1
1678226100279 0.0018923487680565035 1
1678226100834 0.0018927743824731027 1
1678226101391 0.001893247145095042 1
1678226101951 0.001893709979153105 1
1678226102506 0.0018941816108833467 1
1678226103075 0.001894602518794792 1
1678226103666 0.0018950358997764333 1
1678226104322 0.001895526740034776 1
1678226104878 0.0018960088657747423 1
1678226105435 0.0018964907586840646 1
1678226106000 0.0018970787059515715 1
1678226106560 0.0018977040724296654 1
1678226107118 0.0018982765198286092 1
1678226107674 0.0018987843234624182 1
1678226108248 0.0018992897987897908 1
1678226108850 0.001899867202155292 1
1678226109442 0.0019005337796573127 1
1678226110002 0.0019011804834008217 1
1678226110551 0.0019017054666099803 1
1678226111101 0.0019020635934014405 1
1678226111651 0.0019022579404658505 1
1678226112199 0.001902377831616572 1
1678226112748 0.001902457675896585 1
1678226113331 0.0019024908376325453 1
1678226113915 0.001902540696651808 1
1678226114468 0.0019025343603321484 1
1678226115010 0.001902417279779911 1
1678226115550 0.001902197437760021 1
1678226116091 0.0019018951237999967 1
1678226116629 0.0019014472740569285 1
1678226117171 0.001900875525149916 1
1678226117727 0.0019002043741888233 1
1678226118308 0.0018992794877184288 1
1678226118891 0.0018981992366856762 1
