1678225632955 2.9199771540505544 1
1678225633528 2.4886880602155412 1
1678225634078 2.028908065387181 1
1678225634626 1.55171913760049 1
1678225635173 1.0842780215399606 1
1678225635721 0.6594349912234715 1
1678225636270 0.3204867052180426 1
1678225636819 0.10493022575974464 1
1678225637370 0.015904149572764124 1
1678225637957 0.006974127742328814 1
1678225638531 0.014854911714792252 1
1678225639097 0.0123714879155159 1
1678225639659 0.006299321972099798 1
1678225640222 0.0038957412886832443 1
1678225640780 0.003987968167556184 1
1678225641337 0.004107764223590493 1
1678225641893 0.0038369472604244947 1
1678225642455 0.0036068042141518424 1
1678225643042 0.003539296532315867 1
1678225643617 0.003511363740212151 1
1678225644180 0.0034639286542577402 1
1678225644739 0.003414119660322155 1
1678225645363 0.0033714165911078453 1
1678225645914 0.0033292194961437155 1
1678225646463 0.003284843156247267 1
1678225647013 0.0032403134807412115 1
1678225647577 0.0031965015389557394 1
1678225648166 0.0031529290468565057 1
1678225648740 0.003109327317880733 1
1678225649306 0.003065687487833202 1
1678225649865 0.003022011968174151 1
1678225650424 0.002978335101423519 1
1678225650983 0.0029347542939441545 1
1678225651541 0.002891343186742493 1
1678225652104 0.0028481347752468927 1
1678225652673 0.0028051473865551607 1
1678225653260 0.002762399148195982 1
1678225653826 0.0027199151060943094 1
1678225654382 0.0026777268420638783 1
1678225654937 0.002635867484579129 1
1678225655473 0.0025943638091640814 1
1678225656008 0.00255324222546603 1
1678225656543 0.002512520129260208 1
1678225657081 0.0024722182591046605 1
1678225657639 0.002432359365879425 1
1678225658224 0.00239295866673014 1
1678225658784 0.0023540391121059656 1
1678225659336 0.0023156148714146446 1
1678225659890 0.0022777002138484803 1
1678225660442 0.0022403073297547443 1
1678225660994 0.002203449540372406 1
1678225661547 0.002167142312308507 1
1678225662099 0.002131389404114868 1
1678225662667 0.0020962063489215715 1
1678225663251 0.0020615964396191494 1
1678225663815 0.0020275654138198923 1
1678225664372 0.0019941264264551656 1
1678225664926 0.001961281880669828 1
1678225665479 0.0019290373394531862 1
1678225666032 0.0018973958379189884 1
1678225666583 0.001866358914412558 1
1678225667135 0.0018359317743618573 1
1678225667704 0.0018061164716657782 1
1678225668287 0.0017769102289873575 1
1678225668850 0.0017483166552015714 1
1678225669405 0.0017203296468194043 1
1678225669960 0.0016929514905703919 1
1678225670614 0.001666179600371314 1
1678225671177 0.0016400111656236862 1
1678225671738 0.0016144439079133527 1
1678225672298 0.0015894700190983713 1
1678225672882 0.0015650882019794413 1
1678225673463 0.0015412938664667308 1
1678225674032 0.0015180809257019842 1
1678225674601 0.0014954435838652508 1
1678225675169 0.0014733738831377455 1
1678225675737 0.0014518702435972436 1
1678225676305 0.001430921206649925 1
1678225676870 0.0014105210180527397 1
1678225677427 0.0013906647467852703 1
1678225678012 0.0013713423644990794 1
1678225678597 0.0013525461212598852 1
1678225679160 0.0013342675769568554 1
1678225679711 0.0013164965868262307 1
1678225680268 0.001299225292833788 1
1678225680826 0.001282448007259518 1
1678225681374 0.0012661495961115829 1
1678225681914 0.0012503258767537773 1
1678225682466 0.001234965498692223 1
1678225683053 0.0012200591736473143 1
1678225683631 0.001205594528333417 1
1678225684178 0.0011915659415535629 1
1678225684724 0.001177963867251362 1
1678225685271 0.0011647763562255672 1
1678225685817 0.0011519947438500822 1
1678225686362 0.0011396074052234845 1
1678225686909 0.0011276051185892097 1
1678225687455 0.0011159792276365416 1
1678225688039 0.0011047207600703196 1
1678225688614 0.0010938178914199983 1
1678225689179 0.001083262963220477 1
1678225689744 0.001073044238312702 1
1678225690314 0.0010631546112043516 1
1678225690887 0.0010535820287519268 1
1678225691461 0.0010443193688323455 1
1678225692028 0.0010353556509861456 1
1678225692597 0.0010266859483506 1
1678225693185 0.00101829508535697 1
1678225693759 0.0010101778316311538 1
1678225694320 0.001002326125412115 1
1678225694876 0.0009947289987134614 1
1678225695489 0.000987379570558135 1
1678225696031 0.0009802700286465032 1
1678225696572 0.0009733915877794581 1
1678225697114 0.000966735471073272 1
1678225697675 0.0009602953338929053 1
1678225698263 0.0009540635344040181 1
1678225698834 0.0009480306097040219 1
1678225699391 0.0009421896538697183 1
1678225699948 0.0009365359978151641 1
1678225700505 0.0009310605403568063 1
1678225701062 0.0009257562757868852 1
1678225701618 0.0009206171214048352 1
1678225702173 0.0009156387989475791 1
1678225702743 0.0009108109557668545 1
1678225703332 0.0009061297709454916 1
1678225703898 0.0009015879685258758 1
1678225704462 0.0008971814032910126 1
1678225705021 0.0008929030113254807 1
1678225705583 0.0008887488552967884 1
1678225706149 0.0008847118130818542 1
1678225706713 0.0008807880970250283 1
1678225707275 0.0008769726513751916 1
1678225707858 0.000873260640738798 1
1678225708442 0.0008696462360343762 1
1678225709024 0.0008661267929710448 1
1678225709577 0.0008626963702097003 1
1678225710131 0.0008593514004522669 1
1678225710688 0.0008560884702352009 1
1678225711247 0.0008529028938417989 1
1678225711813 0.0008497924344348056 1
1678225712370 0.0008467512171981591 1
1678225712950 0.0008437761488104505 1
1678225713532 0.000840866268845275 1
1678225714086 0.0008380108961968549 1
1678225714643 0.0008352108125109226 1
1678225715196 0.0008324651321994939 1
1678225715755 0.0008297725289594382 1
1678225716312 0.0008271266789441663 1
1678225716867 0.0008245261934851962 1
1678225717425 0.000821970182836854 1
1678225718009 0.0008194552293779063 1
1678225718587 0.0008169781233716224 1
1678225719147 0.000814537945968498 1
1678225719701 0.0008121323813351669 1
1678225720260 0.000809759072061362 1
1678225720822 0.0008074156939983368 1
1678225721469 0.000805101781484804 1
1678225722024 0.0008028151475757893 1
1678225722584 0.0008005543412374598 1
1678225723169 0.0007983151839913002 1
1678225723736 0.0007961000997706183 1
1678225724294 0.0007939049184122789 1
1678225724855 0.0007917295484471001 1
1678225725409 0.0007895716989878565 1
1678225725975 0.0007874307089618274 1
1678225726530 0.0007853053518504437 1
1678225727084 0.0007831956525998456 1
1678225727646 0.0007810981062773083 1
1678225728231 0.0007790137398322779 1
1678225728793 0.000776941210330863 1
1678225729331 0.000774879682077361 1
1678225729868 0.0007728283401645188 1
1678225730406 0.0007707853385779474 1
1678225730949 0.0007687513799672681 1
1678225731494 0.0007667249550909869 1
1678225732040 0.0007647067790717951 1
1678225732592 0.0007626941410957702 1
1678225733177 0.0007606870785821229 1
1678225733746 0.0007586868928878435 1
1678225734300 0.0007566892558575741 1
1678225734855 0.0007546972816011735 1
1678225735409 0.0007527102965728513 1
1678225735963 0.0007507249829359353 1
1678225736517 0.0007487426295743457 1
1678225737071 0.0007467651989177934 1
1678225737632 0.0007447896267487002 1
1678225738219 0.0007428154224596385 1
1678225738795 0.0007408425153698772 1
1678225739354 0.0007388718243289207 1
1678225739895 0.0007369005096344543 1
1678225740453 0.0007349320263269224 1
1678225741005 0.0007329629235235709 1
1678225741545 0.0007309949640849871 1
1678225742098 0.0007290271543232458 1
1678225742657 0.0007270607664915067 1
1678225743245 0.000725092033722571 1
1678225743812 0.0007231251303372639 1
1678225744353 0.0007211564433029187 1
1678225744899 0.0007191862096078694 1
1678225745445 0.0007172172855851906 1
1678225745988 0.0007152462951905493 1
1678225746527 0.0007132755625726921 1
1678225747135 0.0007113041564090443 1
1678225747696 0.0007093316276690789 1
1678225748290 0.0007073571739186134 1
1678225748862 0.0007053823293452817 1
1678225749430 0.0007034067862800189 1
1678225749993 0.0007014280792126166 1
1678225750550 0.000699449234941442 1
1678225751107 0.0006974694635053831 1
1678225751664 0.0006954882950854621 1
1678225752219 0.0006935053845934037 1
1678225752789 0.0006915212683712266 1
1678225753375 0.0006895359173150999 1
1678225753934 0.0006875488574483565 1
1678225754486 0.0006855606874783657 1
1678225755039 0.0006835705051863832 1
1678225755591 0.0006815799944368857 1
1678225756143 0.0006795865067813013 1
1678225756693 0.0006775919797032007 1
1678225757243 0.0006755971782175558 1
1678225757816 0.0006735999819024333 1
1678225758407 0.0006716005570654358 1
1678225758996 0.0006696023005393467 1
1678225759558 0.0006676002064653273 1
1678225760116 0.0006655975926800498 1
1678225760671 0.0006635941431990691 1
1678225761228 0.0006615888393883194 1
1678225761790 0.0006595825626780945 1
1678225762349 0.0006575746395226036 1
1678225762930 0.0006555653193832508 1
1678225763511 0.0006535567850473204 1
1678225764076 0.0006515458808280528 1
1678225764641 0.0006495339039247483 1
1678225765205 0.000647521295052554 1
1678225765765 0.0006455072143580765 1
1678225766320 0.0006434913999068417 1
1678225766875 0.0006414766830857843 1
1678225767436 0.0006394593884968865 1
1678225768020 0.0006374418901811753 1
1678225768601 0.0006354224128049932 1
1678225769170 0.0006334033220939871 1
1678225769728 0.0006313827346145574 1
1678225770283 0.0006293622136581689 1
1678225770840 0.0006273407322753753 1
1678225771487 0.0006253189432235169 1
1678225772044 0.0006232944392000458 1
1678225772605 0.0006212716980371624 1
1678225773207 0.0006192477178826396 1
1678225773778 0.0006172228230363024 1
1678225774333 0.0006151975415247891 1
1678225774888 0.0006131718359288893 1
1678225775444 0.0006111455274679299 1
1678225776001 0.000609119061014748 1
1678225776556 0.0006070917048158922 1
1678225777112 0.0006050643985093172 1
1678225777674 0.0006030358407380325 1
1678225778260 0.0006010087755774814 1
1678225778818 0.0005989806086290628 1
1678225779356 0.0005969530487033938 1
1678225779895 0.0005949250605356481 1
1678225780431 0.0005928958624800933 1
1678225780972 0.0005908683607620853 1
1678225781510 0.0005888405971096031 1
1678225782048 0.0005868119229229965 1
1678225782589 0.0005847847288740533 1
1678225783176 0.0005827596053547625 1
1678225783748 0.0005807327314479542 1
1678225784304 0.0005787070923750954 1
1678225784858 0.0005766830623282918 1
1678225785395 0.000574656795444233 1
1678225785931 0.0005726322456861713 1
1678225786470 0.0005706087977159768 1
1678225787017 0.0005685832417969193 1
1678225787556 0.0005665532163610416 1
1678225788189 0.0005645269453192928 1
1678225788757 0.0005624999965740633 1
1678225789305 0.0005604719917755574 1
1678225789852 0.0005584469056754772 1
1678225790398 0.0005564230169901359 1
1678225790943 0.0005543970951943525 1
1678225791490 0.0005523742958238083 1
1678225792029 0.0005503523903566279 1
1678225792570 0.0005483295078322824 1
1678225793230 0.000546309252968058 1
1678225793799 0.0005442897007534546 1
1678225794355 0.000542270377211805 1
1678225794913 0.0005402539889993412 1
1678225795468 0.0005382367193565837 1
1678225796025 0.0005362222478392401 1
1678225796585 0.0005342088074290327 1
1678225797215 0.00053219566637251 1
1678225797783 0.0005301847579955522 1
1678225798369 0.0005281747185758182 1
1678225798931 0.0005261660304053553 1
1678225799487 0.0005241592630877026 1
1678225800042 0.0005221532399965716 1
1678225800600 0.0005201496824156493 1
1678225801158 0.000518145808850282 1
1678225801719 0.0005161447292526386 1
1678225802276 0.0005141454748809338 1
1678225802847 0.0005121478253775942 1
1678225803434 0.0005101520842539945 1
1678225803995 0.0005081537736779344 1
1678225804561 0.000506158934773079 1
1678225805132 0.0005041662079747766 1
1678225805705 0.0005021746993796634 1
1678225806273 0.0005001862342136779 1
1678225806843 0.0004981980850321374 1
1678225807410 0.0004962120313263897 1
1678225807995 0.0004942286593307342 1
1678225808580 0.0004922484679679785 1
1678225809175 0.0004902680520899594 1
1678225809741 0.0004882912035100162 1
1678225810301 0.00048631543592949 1
1678225810859 0.0004843435516314847 1
1678225811419 0.00048237239492924085 1
1678225811982 0.0004804048013673829 1
1678225812549 0.0004784395277965814 1
1678225813136 0.0004764769858281527 1
1678225813715 0.00047451672643156987 1
1678225814258 0.0004725581550571535 1
1678225814796 0.0004706034337037376 1
1678225815334 0.00046865025901102593 1
1678225815871 0.00046669957477466336 1
1678225816412 0.00046475231647491455 1
1678225816951 0.0004628063054821853 1
1678225817488 0.00046086489289466826 1
1678225818063 0.0004589236965070346 1
1678225818646 0.0004569866993863668 1
1678225819233 0.0004550527041179261 1
1678225819784 0.00045312092074060014 1
1678225820331 0.00045119203527324965 1
1678225820877 0.00044926611008122563 1
1678225821424 0.0004473441180640033 1
1678225821966 0.00044542349808450254 1
1678225822602 0.0004435069484835757 1
1678225823191 0.00044159346310022684 1
1678225823771 0.0004396818611504776 1
1678225824346 0.00043777498649433255 1
1678225824896 0.00043587014079093933 1
1678225825436 0.0004339680599514395 1
1678225825990 0.0004320702532173267 1
1678225826537 0.0004301751656125167 1
1678225827084 0.0004282834124751389 1
1678225827639 0.0004263948046302955 1
1678225828293 0.0004245100447276075 1
1678225828866 0.00042262909326901924 1
1678225829425 0.00042075034330732057 1
1678225829981 0.00041887472200739594 1
1678225830540 0.00041699478086749356 1
1678225831105 0.00041512437538975585 1
1678225831664 0.00041325283902032036 1
1678225832222 0.00041138749760908207 1
1678225832788 0.00040952518715390136 1
1678225833376 0.0004076667974004522 1
1678225833942 0.00040581104778019447 1
1678225834498 0.00040395723772235215 1
1678225835058 0.00040210802399087697 1
1678225835623 0.00040026379532979 1
1678225836186 0.0003984209241545094 1
1678225836749 0.0003965840005548671 1
1678225837315 0.0003947490955137515 1
1678225837896 0.00039291968901774714 1
1678225838489 0.0003910929039453289 1
1678225839061 0.00038927123698938103 1
1678225839628 0.00038745377969462425 1
1678225840198 0.0003856398065441421 1
1678225840772 0.0003838300014779504 1
1678225841339 0.0003820239196232121 1
1678225841899 0.0003802231263502368 1
1678225842456 0.00037842545966019055 1
1678225843033 0.0003766331584691735 1
1678225843621 0.0003748442104551941 1
1678225844197 0.00037305968830228915 1
1678225844756 0.0003712799370987341 1
1678225845316 0.0003695046845158296 1
1678225845878 0.0003677329846790859 1
1678225846440 0.00036596591650907485 1
1678225846998 0.00036420410365930626 1
1678225847629 0.00036244587473837394 1
1678225848216 0.0003606934000604919 1
1678225848798 0.00035894399375787804 1
1678225849363 0.0003572000714484602 1
1678225849932 0.000355460583315497 1
1678225850497 0.00035372617172210345 1
1678225851058 0.00035199697179320665 1
1678225851615 0.00035026682598982006 1
1678225852175 0.00034854557556432804 1
1678225852740 0.0003468285098538867 1
1678225853333 0.00034511588455643505 1
1678225853915 0.0003434074502105692 1
1678225854490 0.0003417049301788211 1
1678225855061 0.00034000686719082296 1
1678225855627 0.00033831394934428057 1
1678225856196 0.00033662559040489474 1
1678225856756 0.0003349412186902815 1
1678225857314 0.0003332632810010442 1
1678225857890 0.000331589365876945 1
1678225858484 0.00032992060836737176 1
1678225859063 0.0003282577859603667 1
1678225859640 0.00032659925636835396 1
1678225860208 0.00032494608188114526 1
1678225860777 0.0003232975723221898 1
1678225861338 0.00032165508517729383 1
1678225861894 0.00032001680769358894 1
1678225862454 0.0003183843655278906 1
1678225863033 0.0003167567296519077 1
1678225863622 0.0003151337379157277 1
1678225864177 0.0003135162842227146 1
1678225864729 0.0003119068715022877 1
1678225865277 0.0003103035830593269 1
1678225865826 0.000308704113454691 1
1678225866373 0.00030711122339458337 1
1678225866924 0.0003055218008479902 1
1678225867479 0.00030394024049331037 1
1678225868062 0.0003023616591235623 1
1678225868651 0.00030078876547382345 1
1678225869222 0.0002992218006901177 1
1678225869789 0.0002976600725170491 1
1678225870346 0.0002961033897008747 1
1678225870906 0.00029455229274130294 1
1678225871463 0.00029300657167498557 1
1678225872025 0.00029146595417322326 1
1678225872584 0.00028993037579182 1
1678225873170 0.0002884015702875331 1
1678225873843 0.00028687688713294586 1
1678225874400 0.0002853579041714381 1
1678225874956 0.00028384530950071555 1
1678225875512 0.0002823366500836398 1
1678225876067 0.00028083463049759824 1
1678225876624 0.0002793379452279104 1
1678225877181 0.0002778463967842981 1
1678225877748 0.000276361290681442 1
1678225878334 0.0002748794088672314 1
1678225878906 0.00027340581956585605 1
1678225879462 0.00027193625075077373 1
1678225880017 0.0002704726627728503 1
1678225880572 0.00026901450681699704 1
1678225881126 0.00026756222567720603 1
1678225881680 0.00026611611247062683 1
1678225882234 0.0002646740883522268 1
1678225882798 0.00026323926951070983 1
1678225883386 0.00026180909065130564 1
1678225883956 0.00026038518574620994 1
1678225884515 0.0002589667087054944 1
1678225885071 0.00025755457837866355 1
1678225885625 0.00025614692172634283 1
1678225886183 0.0002547460566607437 1
1678225886740 0.0002533501288520971 1
1678225887298 0.0002519604022381827 1
1678225887865 0.0002505769662093371 1
1678225888451 0.0002491983281548268 1
1678225889022 0.0002478262114371838 1
1678225889581 0.0002464598011491554 1
1678225890136 0.00024509855679103306 1
1678225890690 0.00024374335147773048 1
1678225891244 0.00024239472570895617 1
1678225891798 0.00024105049669742584 1
1678225892351 0.00023971340436089252 1
1678225892919 0.00023838139480046396 1
1678225893506 0.00023705570908662464 1
1678225894069 0.0002357353867929695 1
1678225894628 0.0002344201535119542 1
1678225895186 0.00023311269719020596 1
1678225895743 0.00023180900773565684 1
1678225896302 0.00023051286033088609 1
1678225896861 0.00022922170631188367 1
1678225897423 0.00022793753097565577 1
1678225897998 0.0002266564136204709 1
1678225898591 0.00022538469264483347 1
1678225899161 0.00022411564298506294 1
1678225899790 0.00022285553028008768 1
1678225900349 0.000221598321721623 1
1678225900915 0.00022034892338394587 1
1678225901479 0.00021910499864523963 1
1678225902044 0.0002178664705882381 1
1678225902606 0.00021663385892419944 1
1678225903191 0.00021540855647929545 1
1678225903772 0.0002141869460631694 1
1678225904331 0.00021297237461632385 1
1678225904891 0.00021176370501052588 1
1678225905450 0.00021056040298260217 1
1678225906011 0.00020936291964192475 1
1678225906569 0.00020817136724612543 1
1678225907142 0.00020698639855254441 1
1678225907708 0.00020580593263730407 1
1678225908337 0.00020463282375463417 1
1678225908906 0.00020346438395790756 1
1678225909465 0.00020230227008661522 1
1678225910032 0.00020114573167770037 1
1678225910595 0.00019999518657901457 1
1678225911160 0.00019885017328696058 1
1678225911726 0.00019771452311293354 1
1678225912290 0.00019658156504322375 1
1678225912862 0.00019545610120985657 1
1678225913455 0.0001943363604368642 1
1678225914022 0.00019322261089525585 1
1678225914587 0.0001921142143796065 1
1678225915146 0.00019101204816251993 1
1678225915704 0.00018991492730232755 1
1678225916270 0.00018882674755462046 1
1678225916830 0.00018774182327823446 1
1678225917392 0.00018666537445304648 1
1678225917969 0.00018559310098810653 1
1678225918557 0.00018452710355632007 1
1678225919133 0.0001834667709772475 1
1678225919700 0.0001824122466911961 1
1678225920262 0.00018136370428172604 1
1678225920825 0.00018032049722803225 1
1678225921388 0.00017928397989765341 1
1678225921947 0.00017825213269264038 1
1678225922508 0.0001772268515196629 1
1678225923091 0.0001762065969939743 1
1678225923674 0.00017519245219383656 1
1678225924305 0.0001741852590514879 1
1678225924866 0.0001731815656447517 1
1678225925427 0.0001721842948297438 1
1678225925993 0.0001711932699046364 1
1678225926560 0.00017020775599771047 1
1678225927120 0.0001692280441472706 1
1678225927684 0.00016825313442885608 1
1678225928319 0.00016728491339433406 1
1678225928894 0.00016632151008317514 1
1678225929456 0.00016536483287511925 1
1678225930017 0.00016441318647204234 1
1678225930577 0.0001634670833092449 1
1678225931139 0.00016252617310133895 1
1678225931696 0.00016159182684662352 1
1678225932255 0.00016066189397991235 1
1678225932821 0.00015973870176821947 1
1678225933417 0.00015882028674241155 1
1678225933990 0.00015790812488246177 1
1678225934547 0.00015700089508235187 1
1678225935111 0.00015609981866353856 1
1678225935670 0.00015520371380262077 1
1678225936233 0.00015431301809647785 1
1678225936789 0.00015342848512643416 1
1678225937348 0.00015254871375093768 1
1678225937922 0.00015167469142137894 1
1678225938514 0.00015080657509055788 1
1678225939079 0.00014994299376017546 1
1678225939641 0.00014908587036188692 1
1678225940198 0.00014823289633828348 1
1678225940757 0.0001473869862301009 1
1678225941317 0.00014654482012182207 1
1678225941874 0.00014570857976130874 1
1678225942431 0.00014487822565050528 1
1678225943004 0.00014405229220366373 1
1678225943588 0.00014323257242462466 1
1678225944155 0.0001424180424822095 1
1678225944713 0.0001416084113381138 1
1678225945271 0.0001408049450089623 1
1678225945827 0.00014000605941484018 1
1678225946382 0.0001392124145890453 1
1678225946939 0.0001384235386337553 1
1678225947496 0.00013764119856724783 1
1678225948072 0.00013686339558002407 1
1678225948655 0.0001360901816432098 1
1678225949220 0.00013532247976399958 1
1678225949779 0.0001345613387197123 1
1678225950429 0.00013380346250154877 1
1678225950990 0.00013305084991900782 1
1678225951556 0.0001323045154484654 1
1678225952127 0.00013156330844919597 1
1678225952698 0.0001308260190333905 1
1678225953295 0.00013009390386287123 1
1678225953881 0.00012936718641347916 1
1678225954441 0.00012864585836983418 1
1678225954998 0.00012792937403511523 1
1678225955555 0.00012721718147596612 1
1678225956111 0.00012651084918096394 1
1678225956673 0.0001258089011701356 1
1678225957234 0.00012511192887489284 1
1678225957798 0.0001244201391403164 1
1678225958396 0.00012373316505025805 1
1678225958969 0.00012305123631709388 1
1678225959531 0.00012237369914406111 1
1678225960086 0.00012170133621631456 1
1678225960642 0.00012103365484758147 1
1678225961197 0.00012037097933768694 1
1678225961752 0.00011971350821633158 1
1678225962307 0.00011906016152352095 1
1678225962872 0.0001184120389682773 1
1678225963461 0.00011776872997870669 1
1678225964029 0.00011712890097572069 1
1678225964587 0.00011649543739622459 1
1678225965149 0.00011586599638186661 1
1678225965710 0.00011524082739405068 1
1678225966273 0.00011462064971315808 1
1678225966834 0.00011400461828868304 1
1678225967400 0.0001133935189240479 1
1678225967978 0.000112787245598156 1
1678225968568 0.00011218491999898106 1
1678225969145 0.00011158744434526722 1
1678225969702 0.00011099400788745177 1
1678225970265 0.00011040573943838743 1
1678225970821 0.00010982187814079225 1
1678225971378 0.00010924225560821859 1
1678225971938 0.00010866602471131566 1
1678225972501 0.00010809559691032129 1
1678225973083 0.00010752886737463996 1
1678225973667 0.0001069671894323879 1
1678225974233 0.00010640915466605552 1
1678225974793 0.0001058560363682253 1
1678225975352 0.00010530593863222748 1
1678225975984 0.00010476185187664149 1
1678225976545 0.00010422158499880294 1
1678225977106 0.00010368449355675173 1
1678225977666 0.00010315313452987798 1
1678225978252 0.00010262554029135831 1
1678225978832 0.00010210107471461274 1
1678225979393 0.00010158168775628187 1
1678225979952 0.00010106625684004809 1
1678225980515 0.00010055488798700805 1
1678225981072 0.00010004741488955915 1
1678225981620 9.954378973426563e-05 1
1678225982170 9.904533466656826e-05 1
1678225982719 9.854954779647025e-05 1
1678225983344 9.805814624996856e-05 1
1678225983958 9.75709522858129e-05 1
1678225984554 9.708724558419948e-05 1
1678225985151 9.660848237607362e-05 1
1678225985746 9.613243517898289e-05 1
1678225986339 9.566059660366071e-05 1
1678225986934 9.519303317314812e-05 1
1678225987529 9.472930936941079e-05 1
1678225988143 9.426835978436949e-05 1
1678225988760 9.381206473335624e-05 1
1678225989351 9.335979744459369e-05 1
1678225989940 9.291019107747291e-05 1
1678225990532 9.246486089458423e-05 1
1678225991124 9.202443158885996e-05 1
1678225991713 9.158546475061615e-05 1
1678225992307 9.115105993779642e-05 1
1678225992902 9.072155392329608e-05 1
1678225993525 9.029345112919276e-05 1
1678225994126 8.986979290576918e-05 1
1678225994703 8.945125279881592e-05 1
1678225995279 8.903481544361316e-05 1
1678225995865 8.862146725212889e-05 1
1678225996452 8.821239940256678e-05 1
1678225997038 8.780673046463303e-05 1
1678225997629 8.740439599413159e-05 1
1678225998243 8.700491369901491e-05 1
1678225998848 8.660920346820993e-05 1
1678225999427 8.621636724066255e-05 1
1678226000004 8.582756813016854e-05 1
1678226000578 8.544238309176373e-05 1
1678226001154 8.505905861966312e-05 1
1678226001820 8.468046559885676e-05 1
1678226002395 8.430517586280725e-05 1
1678226002963 8.393233604562868e-05 1
1678226003550 8.356290969199367e-05 1
1678226004120 8.31968427519314e-05 1
1678226004688 8.283385666020746e-05 1
1678226005250 8.247446697038998e-05 1
1678226005806 8.211821737599426e-05 1
1678226006360 8.176446135621518e-05 1
1678226006914 8.141364378388971e-05 1
1678226007468 8.106658372396071e-05 1
1678226008039 8.072220641354631e-05 1
1678226008624 8.038029877103067e-05 1
1678226009207 8.004300824333248e-05 1
1678226009763 7.970780903373711e-05 1
1678226010318 7.937456705673997e-05 1
1678226010874 7.904612617234566e-05 1
1678226011429 7.871998552997996e-05 1
1678226011986 7.839632858771697e-05 1
1678226012543 7.807518185083089e-05 1
1678226013122 7.775798595892931e-05 1
1678226013706 7.74426942890776e-05 1
1678226014281 7.713059000837217e-05 1
1678226014839 7.682248854377707e-05 1
1678226015395 7.651661144336686e-05 1
1678226015951 7.621304861718922e-05 1
1678226016510 7.59128316920916e-05 1
1678226017066 7.561437398960282e-05 1
1678226017621 7.531926374732783e-05 1
1678226018198 7.502733881535408e-05 1
1678226018776 7.473776245855593e-05 1
1678226019330 7.445021505450963e-05 1
1678226019885 7.416566170702157e-05 1
1678226020441 7.388396157434077e-05 1
1678226020997 7.360450451545018e-05 1
1678226021551 7.332790690790196e-05 1
1678226022105 7.305351131695456e-05 1
1678226022658 7.27819704999482e-05 1
1678226023238 7.251198465902624e-05 1
1678226023813 7.224534939658562e-05 1
1678226024367 7.198184123678532e-05 1
1678226024925 7.172004396644687e-05 1
1678226025482 7.146034529016885e-05 1
1678226026045 7.120332676484915e-05 1
1678226026609 7.094859340993156e-05 1
1678226027169 7.06965771054716e-05 1
1678226027798 7.044725602359645e-05 1
1678226028408 7.020060417874317e-05 1
1678226028982 6.995540908454651e-05 1
1678226029538 6.971211301528715e-05 1
1678226030100 6.947163949787085e-05 1
1678226030663 6.923417874661806e-05 1
1678226031220 6.899878280819394e-05 1
1678226031781 6.876541998021171e-05 1
1678226032341 6.853378883014167e-05 1
1678226032907 6.830443713364989e-05 1
1678226033495 6.807719182688743e-05 1
1678226034066 6.785327059333213e-05 1
1678226034629 6.76312982769949e-05 1
1678226035187 6.741039656584949e-05 1
1678226035748 6.719184914670353e-05 1
1678226036307 6.6975879495398e-05 1
1678226036866 6.67626372887753e-05 1
1678226037423 6.655103892886213e-05 1
1678226037990 6.634076739179104e-05 1
1678226038585 6.613246815894464e-05 1
1678226039156 6.59273641109134e-05 1
1678226039718 6.572425835266975e-05 1
1678226040277 6.552232974042584e-05 1
1678226040833 6.532185320143722e-05 1
1678226041388 6.51246243381008e-05 1
1678226041949 6.492917080842224e-05 1
1678226042508 6.473482322430105e-05 1
1678226043084 6.454226916373176e-05 1
1678226043672 6.435273254672731e-05 1
1678226044235 6.416506013400587e-05 1
1678226044801 6.39786038456285e-05 1
1678226045357 6.379427785369833e-05 1
1678226045913 6.361201095777298e-05 1
1678226046469 6.34313873888459e-05 1
1678226047029 6.325285305917663e-05 1
1678226047586 6.307567205762357e-05 1
1678226048166 6.290085314373885e-05 1
1678226048751 6.272739223537169e-05 1
1678226049328 6.255566872174054e-05 1
1678226049889 6.23862277799552e-05 1
1678226050460 6.221870769098002e-05 1
1678226051024 6.205348628489966e-05 1
1678226051581 6.188959533964018e-05 1
1678226052143 6.172669808230629e-05 1
1678226052705 6.156641809086847e-05 1
1678226053292 6.140763902554422e-05 1
1678226053970 6.125060930831491e-05 1
1678226054538 6.109531698582162e-05 1
1678226055098 6.0941803115253735e-05 1
1678226055656 6.078987800200204e-05 1
1678226056218 6.063942678987847e-05 1
1678226056785 6.049145771872385e-05 1
1678226057343 6.0344906939592746e-05 1
1678226057904 6.019988826925068e-05 1
1678226058502 6.0056349736571845e-05 1
1678226059073 5.991522266413085e-05 1
1678226059631 5.977575399031464e-05 1
1678226060195 5.963796502328478e-05 1
1678226060754 5.9501507556498314e-05 1
1678226061312 5.936634728901221e-05 1
1678226061869 5.923358133129243e-05 1
1678226062426 5.910244622750075e-05 1
1678226062993 5.89723775712108e-05 1
1678226063587 5.8843944965961524e-05 1
1678226064156 5.87178765272256e-05 1
1678226064719 5.8594550085087705e-05 1
1678226065279 5.847151260240935e-05 1
1678226065838 5.835049055999012e-05 1
1678226066403 5.823103024990165e-05 1
1678226066967 5.8112971601076424e-05 1
1678226067529 5.799675065126004e-05 1
1678226068106 5.7883114745241725e-05 1
1678226068695 5.7771090983546204e-05 1
1678226069259 5.7660696516645006e-05 1
1678226069824 5.755123856943101e-05 1
1678226070384 5.744428407134754e-05 1
1678226070943 5.733912517566101e-05 1
1678226071504 5.723511796012255e-05 1
1678226072065 5.71334244991054e-05 1
1678226072625 5.703329536897529e-05 1
1678226073207 5.693510268299308e-05 1
1678226073792 5.6838638556655496e-05 1
1678226074349 5.6744230927766436e-05 1
1678226074892 5.665210587072319e-05 1
1678226075435 5.6560977619873097e-05 1
1678226075979 5.647194900250595e-05 1
1678226076528 5.638483915910391e-05 1
1678226077073 5.6299766583833843e-05 1
1678226077616 5.621580099354365e-05 1
1678226078257 5.613458311667533e-05 1
1678226078844 5.605505170283972e-05 1
1678226079414 5.597744893748313e-05 1
1678226079976 5.5902892719521855e-05 1
1678226080540 5.582950948987023e-05 1
1678226081095 5.575815001585787e-05 1
1678226081634 5.568878051625299e-05 1
1678226082192 5.5620867767304715e-05 1
1678226082748 5.555465915157194e-05 1
1678226083334 5.549024198054602e-05 1
1678226083916 5.542977305594832e-05 1
1678226084472 5.537075048778206e-05 1
1678226085032 5.531340606726839e-05 1
1678226085584 5.525862278383491e-05 1
1678226086146 5.5205532719680506e-05 1
1678226086696 5.515542060103533e-05 1
1678226087251 5.510742838461218e-05 1
1678226087807 5.5061139261982006e-05 1
1678226088393 5.501733799714462e-05 1
1678226088973 5.4975688336916005e-05 1
1678226089543 5.493661644452784e-05 1
1678226090114 5.489993730277222e-05 1
1678226090680 5.486423885616075e-05 1
1678226091245 5.4832076005238507e-05 1
1678226091807 5.480173266343107e-05 1
1678226092364 5.477331900952517e-05 1
1678226092917 5.474731525672334e-05 1
1678226093505 5.472290545835027e-05 1
1678226094078 5.470085618851174e-05 1
1678226094629 5.468102088863296e-05 1
1678226095182 5.4663195831900726e-05 1
1678226095735 5.464808626649236e-05 1
1678226096296 5.4634680834299487e-05 1
1678226096860 5.462276229601619e-05 1
1678226097424 5.461300679598935e-05 1
1678226097992 5.4604608781768805e-05 1
1678226098582 5.4597573970178405e-05 1
1678226099160 5.459348384257672e-05 1
1678226099727 5.459068519745155e-05 1
1678226100275 5.45889233762864e-05 1
1678226100831 5.4588190063701146e-05 1
1678226101387 5.458839067224679e-05 1
1678226101947 5.458991394594445e-05 1
1678226102502 5.4591789064163875e-05 1
1678226103071 5.459492500189559e-05 1
1678226103662 5.459899330162443e-05 1
1678226104318 5.4603981490280216e-05 1
1678226104874 5.4608651615646e-05 1
1678226105431 5.4612153949814714e-05 1
1678226105996 5.461558248498477e-05 1
1678226106556 5.4619651304424875e-05 1
1678226107114 5.462170624273962e-05 1
1678226107670 5.462251543316857e-05 1
1678226108244 5.4623511719650454e-05 1
1678226108846 5.4622941076689e-05 1
1678226109438 5.462170208504956e-05 1
1678226109998 5.461904947878793e-05 1
1678226110547 5.461416939007384e-05 1
1678226111097 5.460683782335504e-05 1
1678226111647 5.45961681512251e-05 1
1678226112195 5.458357658686249e-05 1
1678226112744 5.456685903482139e-05 1
1678226113327 5.454712559834921e-05 1
1678226113911 5.4523342571753475e-05 1
1678226114465 5.44968996629385e-05 1
1678226115006 5.4465606288951153e-05 1
1678226115546 5.442993382790259e-05 1
1678226116088 5.438914584893999e-05 1
1678226116625 5.434417419434924e-05 1
1678226117168 5.429375076866043e-05 1
1678226117723 5.423743485672665e-05 1
1678226118304 5.417565522033588e-05 1
1678226118887 5.4107405178781066e-05 1
