1678279628622 2.934285175823821 1
1678279629191 2.5316703487730496 1
1678279629749 1.8219603114962653 1
1678279630307 1.289129042456112 1
1678279630866 1.3926106416471107 1
1678279631423 1.3186644315238725 1
1678279631981 1.254589592358078 1
1678279632543 1.2530564134811373 1
1678279633131 1.221278449802426 1
1678279633708 1.2170784005051625 1
1678279634268 1.2071002617735027 1
1678279634828 1.1938975745822045 1
1678279635387 1.1803405311228448 1
1678279635946 1.16766851496721 1
1678279636505 1.1551925286276536 1
1678279637065 1.1404898427177792 1
1678279637630 1.1245560375552843 1
1678279638219 1.1080311286034803 1
1678279638796 1.0904437638675333 1
1678279639363 1.071005484515686 1
1678279639923 1.0490166975879793 1
1678279640482 1.0242613219182066 1
1678279641041 0.9947472455176921 1
1678279641600 0.9576229612899363 1
1678279642159 0.9084846915640784 1
1678279642806 0.8390116476006837 1
1678279643395 0.7400201314181688 1
1678279643968 0.6149684339878086 1
1678279644528 0.5075729832294122 1
1678279645086 0.4589364580459598 1
1678279645644 0.4525621681705114 1
1678279646202 0.4503903104090712 1
1678279646761 0.4436035756092284 1
1678279647319 0.4361409370388487 1
1678279647897 0.4305386868970003 1
1678279648484 0.42647687900058967 1
1678279649047 0.42303500826190754 1
1678279649605 0.4196946299133633 1
1678279650163 0.416560812969101 1
1678279650721 0.41353886131953943 1
1678279651278 0.41076215767121627 1
1678279651836 0.4081511135171781 1
1678279652394 0.40562228816774 1
1678279652975 0.40329742498650684 1
1678279653560 0.4009414326719465 1
1678279654130 0.3987362767214271 1
1678279654700 0.3965958848526908 1
1678279655263 0.39448246661015257 1
1678279655820 0.3925260185251358 1
1678279656378 0.39047399326869575 1
1678279656936 0.38860199102164855 1
1678279657494 0.38665660617560604 1
1678279658080 0.3847839608363667 1
1678279658662 0.3829826263330185 1
1678279659225 0.3811601198949597 1
1678279659783 0.379403329008355 1
1678279660343 0.37771082751320006 1
1678279660905 0.37590621686487025 1
1678279661464 0.3742572092282369 1
1678279662022 0.3725553739916059 1
1678279662581 0.3708950830306611 1
1678279663170 0.36930505286688137 1
1678279663749 0.36766016316700945 1
1678279664309 0.366058041580335 1
1678279664867 0.36449739779829815 1
1678279665426 0.362953984975035 1
1678279665984 0.36137065858038503 1
1678279666542 0.35987124329802217 1
1678279667171 0.35835090877408826 1
1678279667740 0.3567963843930093 1
1678279668328 0.3553420339523002 1
1678279668900 0.353848987374976 1
1678279669460 0.35240605437521066 1
1678279670022 0.3510127583168615 1
1678279670580 0.3496110600996393 1
1678279671139 0.34821520030596725 1
1678279671697 0.3468330151692266 1
1678279672255 0.34546213317083074 1
1678279672826 0.3441048561635021 1
1678279673414 0.34276241242839794 1
1678279673985 0.3414257463622915 1
1678279674545 0.3400891612755561 1
1678279675104 0.338783260048896 1
1678279675663 0.3374718166118779 1
1678279676222 0.33615491491521315 1
1678279676783 0.3348426689495159 1
1678279677340 0.3335316648424914 1
1678279677916 0.33223769717989277 1
1678279678504 0.33092067496142297 1
1678279679072 0.3296593519112689 1
1678279679630 0.32840992111639733 1
1678279680188 0.327137920479002 1
1678279680746 0.32589497490883435 1
1678279681305 0.3246321808029031 1
1678279681863 0.32338608332418106 1
1678279682421 0.3221464803836747 1
1678279682999 0.32089358134468127 1
1678279683586 0.3196798400137 1
1678279684152 0.3184605837933929 1
1678279684712 0.31723066267147 1
1678279685270 0.3160485646054027 1
1678279685828 0.3148517350026382 1
1678279686385 0.3136671698094688 1
1678279686943 0.312494691735551 1
1678279687501 0.3113266117669769 1
1678279688083 0.3101793155007105 1
1678279688667 0.30903338766457383 1
1678279689226 0.307910898344352 1
1678279689783 0.3067867982386236 1
1678279690342 0.3056822057133444 1
1678279690900 0.30458838908415503 1
1678279691458 0.30348415257170824 1
1678279692017 0.30240141317657454 1
1678279692575 0.3013295976908064 1
1678279693258 0.3002645711729942 1
1678279693837 0.2991910257126899 1
1678279694406 0.2981424898596503 1
1678279694967 0.29711333545790597 1
1678279695527 0.29607077350179145 1
1678279696086 0.2950612733912237 1
1678279696645 0.29406006414905395 1
1678279697205 0.2930565911258017 1
1678279697771 0.2920773049934768 1
1678279698359 0.29109787990044017 1
1678279698934 0.29011697534613823 1
1678279699493 0.2891503535615335 1
1678279700052 0.2881788330305382 1
1678279700611 0.28720850479741894 1
1678279701171 0.2862492570373641 1
1678279701730 0.28529824679852533 1
1678279702288 0.2843634863578225 1
1678279702858 0.28342252979889565 1
1678279703446 0.2825037678655378 1
1678279704021 0.2815705376374949 1
1678279704592 0.280653160384819 1
1678279705156 0.2797485999128087 1
1678279705717 0.2788452284706506 1
1678279706277 0.2779427082147054 1
1678279706837 0.27704927096461146 1
1678279707397 0.2761760456990458 1
1678279707972 0.2752956460424245 1
1678279708561 0.27441892537170354 1
1678279709125 0.27355049387195735 1
1678279709683 0.27268156151974976 1
1678279710241 0.27181325909850934 1
1678279710800 0.2709553750572211 1
1678279711358 0.27010360508671355 1
1678279711916 0.269255061244149 1
1678279712473 0.26841680380655203 1
1678279713052 0.2675923621136161 1
1678279713640 0.26676296855660625 1
1678279714221 0.2659446842179923 1
1678279714781 0.26513580847997653 1
1678279715341 0.26433180517347243 1
1678279715899 0.2635280529731773 1
1678279716457 0.2627244366967985 1
1678279717016 0.26192467179252155 1
1678279717574 0.26113303777858415 1
1678279718158 0.2603547865145012 1
1678279718743 0.2595700717183948 1
1678279719378 0.25878785536656745 1
1678279719940 0.25800876351172264 1
1678279720500 0.2572318842352167 1
1678279721062 0.2564518017612411 1
1678279721621 0.25567349490707286 1
1678279722182 0.25489956675952957 1
1678279722752 0.25413220380946727 1
1678279723341 0.25336345041024616 1
1678279723921 0.25260486354553846 1
1678279724491 0.251856034287268 1
1678279725053 0.2511131748153503 1
1678279725613 0.2503878775442271 1
1678279726172 0.24967622226431793 1
1678279726731 0.24897641932166506 1
1678279727291 0.2482804763556913 1
1678279727858 0.2475900390895646 1
1678279728448 0.24690453726023587 1
1678279729023 0.24622299407595727 1
1678279729582 0.24556181632673796 1
1678279730141 0.2449101750118719 1
1678279730699 0.24426681200258057 1
1678279731258 0.24363454627587883 1
1678279731816 0.24301252167961818 1
1678279732377 0.24239409881413201 1
1678279732949 0.24177837754470402 1
1678279733538 0.24116883095158262 1
1678279734112 0.24056439653914843 1
1678279734682 0.23997328079806496 1
1678279735246 0.2393985467841933 1
1678279735804 0.2388269119788078 1
1678279736363 0.23825758564134894 1
1678279736921 0.23769261622497687 1
1678279737479 0.23713127070146994 1
1678279738054 0.2365710924747381 1
1678279738642 0.23601579350540208 1
1678279739210 0.23546517325930397 1
1678279739768 0.23491710230836024 1
1678279740326 0.23437383515204746 1
1678279740884 0.23384421167375238 1
1678279741443 0.2333243287173218 1
