1678279628631 0.9778684973716736 1
1678279629193 0.8388518265315464 1
1678279629750 0.5724648833274841 1
1678279630309 0.35126197763851713 1
1678279630867 0.3967230873448508 1
1678279631425 0.3752482661179134 1
1678279631983 0.347543294940676 1
1678279632544 0.34207008140427725 1
1678279633133 0.33648022583552767 1
1678279633710 0.33986341101782663 1
1678279634269 0.3365541824272701 1
1678279634829 0.33010504926954 1
1678279635389 0.3256829721587045 1
1678279635948 0.3231962834085737 1
1678279636507 0.3198896476200649 1
1678279637066 0.31502179162842886 1
1678279637632 0.3104063315050943 1
1678279638220 0.30616237010274616 1
1678279638797 0.3014129400253296 1
1678279639364 0.2960473299026489 1
1678279639925 0.29037460684776306 1
1678279640483 0.2841748297214508 1
1678279641043 0.27667507316385 1
1678279641602 0.26732239765780313 1
1678279642161 0.25485540287835257 1
1678279642808 0.2361358446734292 1
1678279643396 0.20716992020606995 1
1678279643969 0.16859622512544906 1
1678279644529 0.13709997598614013 1
1678279645088 0.12061195181948799 1
1678279645646 0.11585485190153122 1
1678279646203 0.11445538593190056 1
1678279646762 0.11326502582856587 1
1678279647321 0.11219244131020137 1
1678279647898 0.11151631389345441 1
1678279648486 0.1109573170542717 1
1678279649048 0.11032512890441078 1
1678279649606 0.10950115003756114 1
1678279650164 0.10872714008603777 1
1678279650722 0.10797717954431262 1
1678279651280 0.10727669617959432 1
1678279651838 0.10663647736821856 1
1678279652396 0.10601090214082173 1
1678279652977 0.10544421204498836 1
1678279653562 0.10488336426871163 1
1678279654132 0.10432855465582438 1
1678279654702 0.10381307559353965 1
1678279655264 0.1032765018088477 1
1678279655822 0.10280834351267133 1
1678279656379 0.1022958755493164 1
1678279656938 0.10183832155806678 1
1678279657496 0.10138396812336785 1
1678279658081 0.10091735422611237 1
1678279658663 0.10049030610493251 1
1678279659227 0.10004703913416181 1
1678279659785 0.09960163810423442 1
1678279660345 0.09920278191566467 1
1678279660907 0.09874522473130908 1
1678279661465 0.09832776231425149 1
1678279662023 0.09789609802620751 1
1678279662583 0.0974671681012426 1
1678279663171 0.09707255129303251 1
1678279663751 0.09666009140866143 1
1678279664310 0.09624796147857394 1
1678279664869 0.09585426854235786 1
1678279665428 0.09546965786388942 1
1678279665985 0.09507125509636742 1
1678279666543 0.09469406413180488 1
1678279667173 0.09431488386222295 1
1678279667741 0.09391213208436966 1
1678279668330 0.09354268014431 1
1678279668902 0.09316607671124595 1
1678279669461 0.09279331671340126 1
1678279670024 0.09245360642671585 1
1678279670582 0.09210786542722157 1
1678279671140 0.09175389685801097 1
1678279671698 0.09140439331531525 1
1678279672256 0.09105223097971507 1
1678279672828 0.09070893377065659 1
1678279673415 0.09036710751908165 1
1678279673986 0.09002670965024404 1
1678279674546 0.08968421710389 1
1678279675105 0.08934562121118818 1
1678279675664 0.08901647904089519 1
1678279676224 0.08868059303079333 1
1678279676784 0.08834506039108549 1
1678279677342 0.08800823241472244 1
1678279677918 0.08767787686416081 1
1678279678505 0.08733283621924263 1
1678279679074 0.08700623150382723 1
1678279679631 0.08668603215898786 1
1678279680190 0.08636141887732915 1
1678279680748 0.0860473747764315 1
1678279681306 0.08572694872106824 1
1678279681865 0.08540541359356471 1
1678279682422 0.08508834881441933 1
1678279683001 0.0847607074039323 1
1678279683587 0.08443993223564965 1
1678279684154 0.08412921215806689 1
1678279684713 0.08380810277802604 1
1678279685271 0.0834970697760582 1
1678279685829 0.08318968117237091 1
1678279686387 0.08287894406488963 1
1678279686945 0.08257112545626503 1
1678279687503 0.08225992109094347 1
1678279688085 0.08195834500449044 1
1678279688668 0.08165948199374336 1
1678279689227 0.08136307448148727 1
1678279689785 0.08106439986399241 1
1678279690343 0.08076971982206617 1
1678279690901 0.0804812375988279 1
1678279691459 0.08019505121878215 1
1678279692019 0.07990788668394089 1
1678279692577 0.07962184718676976 1
1678279693260 0.07934288999864034 1
1678279693839 0.07905771370444979 1
1678279694408 0.07877498545816966 1
1678279694969 0.07849610596895218 1
1678279695528 0.07821682627711977 1
1678279696087 0.07793833421809333 1
1678279696647 0.07766659025635038 1
1678279697207 0.07739050260611943 1
1678279697772 0.07711982088429588 1
1678279698361 0.07685485162905284 1
1678279698936 0.07659209732498441 1
1678279699495 0.07633115989821297 1
1678279700054 0.07607444588627134 1
1678279700612 0.07580768742731639 1
1678279701173 0.07554962592465538 1
1678279701731 0.07528368596519742 1
1678279702290 0.07502729552132743 1
1678279702859 0.07476430386304855 1
1678279703448 0.07450480226959501 1
1678279704023 0.07424753797905785 1
1678279704593 0.07398914971521922 1
1678279705157 0.07373737118073873 1
1678279705719 0.07348874743495669 1
1678279706279 0.07323892095259257 1
1678279706838 0.0729850104876927 1
1678279707398 0.07273693702050618 1
1678279707974 0.07249512842723302 1
1678279708562 0.07224543711968831 1
1678279709127 0.07199977551187788 1
1678279709685 0.07175401598215103 1
1678279710243 0.07150743688855853 1
1678279710801 0.07126088653291975 1
1678279711359 0.07101783688579287 1
1678279711917 0.07077818789652415 1
1678279712475 0.0705371584211077 1
1678279713054 0.07029761480433601 1
1678279713658 0.07006277143955231 1
1678279714222 0.06982196122407913 1
1678279714782 0.06958413017647606 1
1678279715342 0.0693437818969999 1
1678279715901 0.06910762297255653 1
1678279716459 0.0688674162541117 1
1678279717018 0.06862779706716537 1
1678279717576 0.0683861066188131 1
1678279718159 0.06814836604254586 1
1678279718744 0.06791259561266218 1
1678279719379 0.06767386410917554 1
1678279719941 0.06742905452847481 1
1678279720502 0.06718624542866435 1
1678279721063 0.06694028952292033 1
1678279721623 0.06669402228934425 1
1678279722184 0.06644868744271142 1
1678279722753 0.06620428232210022 1
1678279723342 0.06596028698342186 1
1678279723923 0.06571360996791295 1
1678279724492 0.0654728322156838 1
1678279725055 0.06523510600839343 1
1678279725615 0.06499950481312615 1
1678279726174 0.06476679391094617 1
1678279726733 0.06454673781991005 1
1678279727292 0.06432489465389933 1
1678279727859 0.06409993980612073 1
1678279728449 0.06387870120150703 1
1678279729025 0.06366272057805743 1
1678279729583 0.06344589058841978 1
1678279730142 0.06323043735963958 1
1678279730701 0.06302013940044812 1
1678279731260 0.06281377800873347 1
1678279731817 0.06261048944933074 1
1678279732378 0.06240983839545931 1
1678279732950 0.06221061199903488 1
1678279733539 0.062006080257041116 1
1678279734113 0.06180438558970179 1
1678279734683 0.06160886638930866 1
1678279735247 0.06141772174409458 1
1678279735806 0.06122687725084169 1
1678279736364 0.06103929930499622 1
1678279736922 0.060855011854852946 1
1678279737480 0.060672063912664144 1
1678279738056 0.06048854972634997 1
1678279738644 0.06030855806810515 1
1678279739211 0.060129769678626745 1
1678279739769 0.059949230934892385 1
1678279740328 0.059773076857839315 1
1678279740886 0.05960353996072497 1
1678279741444 0.059437556458371024 1
