1678279628619 8.61002949305943 1
1678279629189 6.409354754856655 1
1678279629747 3.3195393766675676 1
1678279630306 1.6618536881038122 1
1678279630864 1.9393643992287772 1
1678279631422 1.738875882966178 1
1678279631979 1.5739950452532088 1
1678279632541 1.570150375366211 1
1678279633130 1.4915210519518172 1
1678279633706 1.481279832976205 1
1678279634266 1.457091041973659 1
1678279634826 1.4253914185932703 1
1678279635386 1.3932037694113595 1
1678279635944 1.3634497608457292 1
1678279636503 1.3344697781971522 1
1678279637063 1.3007170813424247 1
1678279637628 1.2646262816020422 1
1678279638217 1.2277329819543021 1
1678279638794 1.1890676021575928 1
1678279639361 1.1470527478626795 1
1678279639921 1.10043603181839 1
1678279640480 1.0491112555776323 1
1678279641040 0.9895220824650356 1
1678279641599 0.9170417359897068 1
1678279642157 0.8253444348062787 1
1678279642804 0.7039405448096139 1
1678279643393 0.5476297949041639 1
1678279643966 0.37818617480141775 1
1678279644526 0.2576303333044052 1
1678279645085 0.210622672523771 1
1678279645642 0.2048125160591943 1
1678279646200 0.20285143171037948 1
1678279646759 0.19678413229329245 1
1678279647318 0.19021891696112497 1
1678279647895 0.1853635609149933 1
1678279648482 0.1818825283220836 1
1678279649045 0.1789586182151522 1
1678279649603 0.17614358237811498 1
1678279650161 0.17352291090147837 1
1678279650719 0.17101438982146128 1
1678279651277 0.16872555017471313 1
1678279651835 0.1665873314653124 1
1678279652393 0.16452944065843308 1
1678279652973 0.16264881300074713 1
1678279653558 0.160754032433033 1
1678279654129 0.1589906183736665 1
1678279654698 0.15728829588208879 1
1678279655261 0.15561641646283014 1
1678279655819 0.15407667521919524 1
1678279656376 0.15246993941920145 1
1678279656934 0.15101150742598943 1
1678279657492 0.14950333109923772 1
1678279658078 0.14805869651692255 1
1678279658660 0.14667569207293646 1
1678279659224 0.14528303699834005 1
1678279659781 0.14394688606262207 1
1678279660341 0.1426654692207064 1
1678279660902 0.14130548387765884 1
1678279661462 0.1400684586593083 1
1678279662020 0.13879750669002533 1
1678279662579 0.137563162616321 1
1678279663168 0.13638622207301004 1
1678279663748 0.13517399557999202 1
1678279664307 0.13399848980563028 1
1678279664866 0.1328583530017308 1
1678279665424 0.13173559520925796 1
1678279665982 0.1305887528828212 1
1678279666540 0.12950731175286428 1
1678279667169 0.12841537381921495 1
1678279667738 0.12730365991592407 1
1678279668326 0.12626796109335764 1
1678279668898 0.12520910586629594 1
1678279669458 0.12419002716030393 1
1678279670020 0.12320995650121144 1
1678279670579 0.1222278933439936 1
1678279671137 0.12125382572412491 1
1678279671695 0.12029314041137695 1
1678279672253 0.1193440854549408 1
1678279672824 0.11840815203530448 1
1678279673412 0.11748607137373515 1
1678279673983 0.11657154027904783 1
1678279674543 0.1156606376171112 1
1678279675102 0.11477409728935786 1
1678279675661 0.11388722700732094 1
1678279676221 0.11300012682165418 1
1678279676781 0.1121196129492351 1
1678279677339 0.11124337145260402 1
1678279677914 0.11038188742739814 1
1678279678502 0.10950849311692375 1
1678279679070 0.10867528830255781 1
1678279679628 0.1078530762876783 1
1678279680187 0.10701921901532582 1
1678279680745 0.10620753467082977 1
1678279681303 0.10538605281284877 1
1678279681861 0.10457855888775416 1
1678279682419 0.10377835482358932 1
1678279682997 0.10297269054821559 1
1678279683584 0.1021952001111848 1
1678279684151 0.10141714343002864 1
1678279684710 0.10063529333898 1
1678279685268 0.09988669518913541 1
1678279685826 0.09913161503417152 1
1678279686384 0.09838709341628211 1
1678279686942 0.09765293236289706 1
1678279687500 0.09692425919430596 1
1678279688082 0.09621120776448931 1
1678279688665 0.09550163469144277 1
1678279689224 0.09480912131922585 1
1678279689782 0.09411813957350594 1
1678279690340 0.09344161088977541 1
1678279690898 0.0927740867648806 1
1678279691456 0.0921026308621679 1
1678279692015 0.09144661469118935 1
1678279692574 0.09079952644450325 1
1678279693256 0.09015881270170212 1
1678279693835 0.08951526986701148 1
1678279694404 0.08888894425971168 1
1678279694965 0.08827633410692215 1
1678279695525 0.08765790292194911 1
1678279696084 0.08706115505525044 1
1678279696643 0.08647132132734571 1
1678279697203 0.08588216560227531 1
1678279697769 0.08530915209225245 1
1678279698358 0.08473797568253108 1
1678279698933 0.08416785938399178 1
1678279699492 0.08360792696475983 1
1678279700050 0.0830470398068428 1
1678279700609 0.08248872522796903 1
1678279701169 0.08193863715444293 1
1678279701728 0.08139508962631226 1
1678279702287 0.08086259237357549 1
1678279702856 0.0803283303976059 1
1678279703445 0.07980837885822568 1
1678279704020 0.07928196766546794 1
1678279704590 0.07876619643398694 1
1678279705154 0.07825927915317672 1
1678279705716 0.0777546614408493 1
1678279706275 0.07725214904972486 1
1678279706835 0.0767562985420227 1
1678279707395 0.07627320821796145 1
1678279707970 0.0757876927299159 1
1678279708559 0.07530574660216059 1
1678279709124 0.07482987269759178 1
1678279709682 0.07435523399284907 1
1678279710240 0.07388244782175336 1
1678279710798 0.07341681527239936 1
1678279711356 0.07295595748083931 1
1678279711914 0.07249828800559044 1
1678279712472 0.07204758056572505 1
1678279713050 0.07160567226154464 1
1678279713638 0.07116248139313289 1
1678279714219 0.07072657506380763 1
1678279714779 0.07029699693833079 1
1678279715339 0.06987130322626658 1
1678279715898 0.06944703470383372 1
1678279716456 0.06902412963765008 1
1678279717015 0.06860453369362014 1
1678279717573 0.06819046341947146 1
1678279718156 0.0677846148610115 1
1678279718741 0.06737662213189262 1
1678279719376 0.06697115408522743 1
1678279719938 0.06656852204884801 1
1678279720498 0.06616824226719993 1
1678279721060 0.06576752662658691 1
1678279721620 0.06536893599799701 1
1678279722180 0.06497378913419587 1
1678279722743 0.06458317701305662 1
1678279723339 0.06419303800378527 1
1678279723919 0.06380921708686012 1
1678279724489 0.06343146200690951 1
1678279725052 0.06305782656584467 1
1678279725611 0.06269408922110285 1
1678279726171 0.062338215964181085 1
1678279726729 0.061989257378237586 1
1678279727289 0.061643194939408986 1
1678279727856 0.06130082745637212 1
1678279728446 0.0609618505196912 1
1678279729021 0.060625762811728885 1
1678279729580 0.06030060563768659 1
1678279730139 0.05998099382434573 1
1678279730698 0.05966627544590405 1
1678279731256 0.059357792139053345 1
1678279731814 0.059055085693086894 1
1678279732375 0.0587548991399152 1
1678279732947 0.05845678384814944 1
1678279733536 0.058162405022553036 1
1678279734110 0.057871228882244656 1
1678279734680 0.057587175496986935 1
1678279735244 0.05731166420238359 1
1678279735802 0.0570382938853332 1
1678279736361 0.056766677115644724 1
1678279736919 0.056497779807874134 1
1678279737477 0.05623123954449381 1
1678279738052 0.055965881794691086 1
1678279738641 0.05570345478398459 1
1678279739208 0.055443847818034034 1
1678279739766 0.055186044956956594 1
1678279740325 0.05493109460387911 1
1678279740883 0.05468311533331871 1
1678279741441 0.05444024237138884 1
