1677592036345 30.29486011181329 1
1677592037950 24.47174885785618 1
1677592039753 20.130388740018777 1
1677592041570 17.611672532500563 1
1677592043352 16.26044280576756 1
1677592045075 15.616709906952588 1
1677592046622 15.33998936004599 1
1677592048170 15.229277547960328 1
1677592049903 15.186552069488167 1
1677592051676 15.170092588567742 1
1677592053472 15.163613732039428 1
1677592055084 15.160959769102526 1
1677592056892 15.159637470784038 1
1677592058682 15.142979977347071 1
1677592060490 14.69676370234358 1
1677592062324 13.29896670270395 1
1677592064101 11.514525344483818 1
1677592065672 10.109875780690205 1
1677592067224 8.994992459923491 1
1677592068803 7.908965889158933 1
1677592070712 7.20449719175247 1
1677592072513 6.680918140286696 1
1677592074251 6.288718674861753 1
1677592075850 5.97650942899953 1
1677592077440 5.691512998544298 1
1677592079038 5.4653439905958 1
1677592080830 5.276454888592218 1
1677592082652 5.115219367479141 1
1677592084471 4.9707301648629505 1
1677592086269 4.830020123997117 1
1677592087981 4.7190566165723835 1
1677592089779 4.6304771245057035 1
1677592091643 4.553954978029816 1
1677592093740 4.482240780759122 1
1677592095598 4.406132522523128 1
1677592097371 4.322051353591977 1
1677592099191 4.2711141329010145 1
1677592101045 4.224720445145454 1
1677592102949 4.18641079692683 1
1677592104817 4.143328405098832 1
1677592106562 4.100519543277958 1
1677592108815 4.0582847496244865 1
1677592110749 4.018139293179175 1
1677592112553 3.976692802046108 1
1677592114400 3.9420386132198346 1
1677592116156 3.9019279349212144 1
1677592117974 3.870423709356215 1
1677592119553 3.836167016696129 1
1677592121141 3.802487635381105 1
1677592122739 3.7770936861085147 1
1677592124435 3.745377117448431 1
1677592126151 3.71778266765408 1
1677592127916 3.6927209817584368 1
1677592129605 3.65966230090455 1
1677592131184 3.647505920026964 1
1677592132773 3.626780652682995 1
