1677592036348 0.8149158275518261 1
1677592037953 0.6321195647364757 1
1677592039756 0.5900737621256562 1
1677592041572 0.6145155340677402 1
1677592043354 0.661880087657053 1
1677592045078 0.7038092758567607 1
1677592046625 0.7342113101335822 1
1677592048173 0.7546853820075754 1
1677592049905 0.7673717555208285 1
1677592051678 0.7748024994965459 1
1677592053474 0.7790779997823668 1
1677592055087 0.7815732081405452 1
1677592056894 0.7830403596162796 1
1677592058685 0.7819639494428869 1
1677592060492 0.7088613918081659 1
1677592062327 0.576404234913529 1
1677592064104 0.45825729250419334 1
1677592065675 0.3907050287015125 1
1677592067226 0.341866993757545 1
1677592068806 0.29524842600841994 1
1677592070715 0.26998485728609756 1
1677592072516 0.25319355646850633 1
1677592074254 0.2395403335695384 1
1677592075852 0.22929480421494264 1
1677592077442 0.21911982263697952 1
1677592079041 0.21206380576506012 1
1677592080833 0.20608295860593437 1
1677592082655 0.20102877774443784 1
1677592084474 0.19698002048936047 1
1677592086272 0.19333281410766429 1
1677592087984 0.19035368449375278 1
1677592089781 0.18688948849429848 1
1677592091646 0.1850455811888468 1
1677592093743 0.1824434626175732 1
1677592095600 0.18143796157397207 1
1677592097373 0.17884069717809803 1
1677592099194 0.17819151954084148 1
1677592101048 0.17626798421633047 1
1677592102951 0.17440731857033048 1
1677592104820 0.17303444069550664 1
1677592106564 0.17198609530192907 1
1677592108819 0.17093347507666368 1
1677592110751 0.16980902075034673 1
1677592112556 0.16854361972970064 1
1677592114402 0.16704247928545124 1
1677592116158 0.16697260077859535 1
1677592117977 0.16517988809185927 1
1677592119556 0.1643780162863311 1
1677592121144 0.16311247942999738 1
1677592122741 0.16206480977965182 1
1677592124439 0.16046015432745706 1
1677592126153 0.1600151142624558 1
1677592127919 0.15969406245429008 1
1677592129607 0.15835078622474044 1
1677592131186 0.15762544374485485 1
1677592132775 0.15635776750315897 1
