1677592036341 917.7785491943359 1
1677592037947 598.8664921619853 1
1677592039750 405.23255082427477 1
1677592041567 310.1710093920348 1
1677592043349 264.402000239638 1
1677592045072 243.88162831791112 1
1677592046619 235.3152735663242 1
1677592048167 231.9308946328085 1
1677592049900 230.63136375927533 1
1677592051673 230.13170914571793 1
1677592053469 229.93518141449474 1
1677592055081 229.8547011203453 1
1677592056889 229.81460824559946 1
1677592058679 229.30984259433433 1
1677592060487 215.99486332252377 1
1677592062321 176.8625153596284 1
1677592064098 132.5842939087602 1
1677592065669 102.20958830098637 1
1677592067221 80.90988935408045 1
1677592068800 62.55174143587956 1
1677592070708 51.90477978596922 1
1677592072510 44.63466719721185 1
1677592074249 39.54798257155497 1
1677592075847 35.718664954920285 1
1677592077437 32.39332021259871 1
1677592079035 29.869984935541623 1
1677592080827 27.840976191348716 1
1677592082649 26.165469177433703 1
1677592084468 24.70815837187845 1
1677592086266 23.329094398217123 1
1677592087978 22.26949535041559 1
1677592089776 21.441318400570605 1
1677592091640 20.738505941922547 1
1677592093737 20.090482416700144 1
1677592095595 19.41400380603603 1
1677592097368 18.68012790308624 1
1677592099188 18.242415936266788 1
1677592101042 17.848262839630003 1
1677592102945 17.52603536062553 1
1677592104814 17.167170272498833 1
1677592106558 16.814260524804475 1
1677592108812 16.46967510903468 1
1677592110746 16.145443379390436 1
1677592112550 15.814085641845328 1
1677592114397 15.539668428116157 1
1677592116153 15.22504160931853 1
1677592117971 14.980179689946722 1
1677592119550 14.716177379987279 1
1677592121138 14.458912217226185 1
1677592122736 14.266436713640807 1
1677592124432 14.027849751906317 1
1677592126148 13.821907963909087 1
1677592127913 13.636188249118993 1
1677592129602 13.393128156661987 1
1677592131181 13.30429943663175 1
1677592132770 13.15353790267569 1
