1678280991608 34.849084963536114 1
1678280992210 34.849084963536114 1
1678280992806 34.849084963536114 1
1678280993403 34.849084963536114 1
1678280993999 34.849084963536114 1
1678280994596 34.849084963536114 1
1678280995196 34.849084963536114 1
1678280995814 34.849084963536114 1
1678280996421 34.849084963536114 1
1678280997010 34.849084963536114 1
1678280997588 34.849084963536114 1
1678280998166 34.849084963536114 1
1678280998743 34.849084963536114 1
1678280999321 34.849084963536114 1
1678280999905 34.849084963536114 1
1678281000512 34.849084963536114 1
1678281001203 34.849084963536114 1
1678281001803 34.849084963536114 1
1678281002387 34.849084963536114 1
