1678280991610 0.9999999914850507 1
1678280992211 0.9999999914850507 1
1678280992808 0.9999999914850507 1
1678280993404 0.9999999914850507 1
1678280994001 0.9999999914850507 1
1678280994598 0.9999999914850507 1
1678280995197 0.9999999914850507 1
1678280995816 0.9999999914850507 1
1678280996422 0.9999999914850507 1
1678280997012 0.9999999914850507 1
1678280997590 0.9999999914850507 1
1678280998167 0.9999999914850507 1
1678280998745 0.9999999914850507 1
1678280999322 0.9999999914850507 1
1678280999906 0.9999999914850507 1
1678281000514 0.9999999914850507 1
1678281001205 0.9999999914850507 1
1678281001805 0.9999999914850507 1
1678281002389 0.9999999914850507 1
