1678280991605 1214.4587227957588 1
1678280992208 1214.4587227957588 1
1678280992805 1214.4587227957588 1
1678280993401 1214.4587227957588 1
1678280993997 1214.4587227957588 1
1678280994594 1214.4587227957588 1
1678280995194 1214.4587227957588 1
1678280995812 1214.4587227957588 1
1678280996419 1214.4587227957588 1
1678280997008 1214.4587227957588 1
1678280997586 1214.4587227957588 1
1678280998164 1214.4587227957588 1
1678280998742 1214.4587227957588 1
1678280999319 1214.4587227957588 1
1678280999903 1214.4587227957588 1
1678281000510 1214.4587227957588 1
1678281001201 1214.4587227957588 1
1678281001802 1214.4587227957588 1
1678281002386 1214.4587227957588 1
