1678281734828 158.53054907127296 1
1678281735391 158.51467548384912 1
1678281735946 158.37267975242537 1
1678281736513 158.08421710803617 1
1678281737074 157.7731077073181 1
1678281737628 157.45168352573842 1
1678281738183 157.09990991858834 1
1678281738737 156.6893626306749 1
1678281739291 156.19215179147128 1
1678281739845 155.58118735687486 1
1678281740398 154.8210372379302 1
1678281740956 153.8728430929833 1
1678281741523 152.69761146421052 1
1678281742098 151.25528049371414 1
1678281742664 149.5041189560389 1
1678281743223 147.4011056183094 1
1678281743777 144.90137020419638 1
1678281744332 141.9589931908784 1
1678281744886 138.52979680846514 1
1678281745441 134.57471454416265 1
1678281745996 130.0650281641429 1
1678281746566 124.98885720424526 1
1678281747144 119.35998818755776 1
1678281747810 113.22906495045153 1
1678281748370 106.69682699417541 1
1678281748927 99.92814661849354 1
1678281749483 93.16309443754308 1
1678281750039 86.71623870237627 1
1678281750595 80.94939153542389 1
1678281751151 76.20239246733357 1
1678281751729 72.68672292031805 1
1678281752305 70.3919214146512 1
1678281752868 69.08283778596895 1
1678281753423 68.41025529943539 1
1678281753978 68.05688635965491 1
1678281754536 67.82054012367794 1
1678281755091 67.61113046187432 1
1678281755646 67.40477327179009 1
1678281756200 67.20147617301714 1
1678281756779 67.00368777539212 1
1678281757353 66.81098300262305 1
1678281757914 66.62122503795645 1
1678281758469 66.4323640880399 1
1678281759024 66.24316792180885 1
1678281759578 66.05313705992766 1
1678281760132 65.86216895869887 1
1678281760687 65.67029553945102 1
1678281761243 65.47753973768751 1
1678281761813 65.28389079918158 1
1678281762382 65.08929574208722 1
1678281762937 64.89367806747434 1
1678281763491 64.6969390111365 1
1678281764046 64.49898611900396 1
1678281764600 64.29972790277215 1
1678281765155 64.09908716764573 1
1678281765708 63.897002583643214 1
1678281766265 63.69343275500286 1
1678281766844 63.48834938642286 1
1678281767418 63.2817534702194 1
1678281767978 63.073646179326836 1
1678281768533 62.86405522374537 1
1678281769087 62.653020824339976 1
1678281769644 62.44058978796722 1
1678281770207 62.22683244437457 1
1678281770773 62.011825629126115 1
1678281771337 61.79566043144521 1
1678281771918 61.57843679688706 1
1678281772494 61.36026625912427 1
1678281773057 61.14126845614457 1
1678281773709 60.921573868929315 1
1678281774269 60.70130277417564 1
1678281774828 60.48059448180687 1
1678281775387 60.25957759761766 1
1678281775945 60.03838580980772 1
1678281776516 59.81714836766532 1
1678281777097 59.595986782878256 1
1678281777668 59.375022321424375 1
1678281778225 59.154356539484446 1
1678281778780 58.93408481716338 1
1678281779337 58.71429504882399 1
1678281779894 58.495058850104876 1
1678281780452 58.276441418826906 1
1678281781008 58.05848578840487 1
1678281781581 57.84123049377047 1
1678281782172 57.62469223219254 1
1678281782737 57.40887942107848 1
1678281783292 57.193780758730036 1
1678281783845 56.97938290934635 1
1678281784398 56.76564681146606 1
1678281784952 56.55253587255015 1
1678281785505 56.33998878183683 1
1678281786059 56.1279479419885 1
1678281786633 55.91633210066195 1
1678281787219 55.70505656839374 1
1678281787778 55.4940237315864 1
1678281788332 55.283128803977284 1
1678281788887 55.07226285926276 1
1678281789442 54.86129654190583 1
1678281789997 54.65010424229945 1
1678281790551 54.43854110145187 1
1678281791105 54.226458064170735 1
1678281791683 54.01368564176252 1
1678281792265 53.80004840024127 1
1678281792828 53.58535407735944 1
1678281793382 53.36939190385721 1
1678281793935 53.15191774726527 1
1678281794488 52.93266786219006 1
1678281795042 52.71132664307752 1
1678281795596 52.48751014006213 1
1678281796149 52.260761104557965 1
1678281796729 52.03050192512424 1
1678281797311 51.79596799464445 1
1678281797876 51.55614070633342 1
1678281798437 51.30961662118028 1
1678281798998 51.0544184295839 1
1678281799655 50.78770529025262 1
1678281800222 50.50539152509045 1
1678281800785 50.20168204097651 1
1678281801344 49.86891123492367 1
1678281801930 49.49881838754732 1
1678281802497 49.08780021860156 1
1678281803036 48.647149080904796 1
1678281803574 48.203059157167345 1
1678281804112 47.7653873276717 1
1678281804650 47.32100669981256 1
1678281805191 46.86781269303555 1
1678281805730 46.41253151630745 1
1678281806268 45.95507666047937 1
1678281806852 45.483273100948296 1
1678281807426 44.986881535884 1
1678281807981 44.45315344117845 1
1678281808535 43.834361823878496 1
1678281809090 42.97541709639797 1
1678281809644 41.63007919763204 1
1678281810199 40.347499384877906 1
1678281810753 38.28492147116892 1
1678281811334 36.718384781618354 1
1678281811919 35.1395930281838 1
1678281812490 33.24494582626164 1
1678281813044 31.643900844530563 1
1678281813598 30.436146418182812 1
1678281814152 29.301320198480546 1
1678281814705 28.105008861210624 1
1678281815259 27.023344090564617 1
1678281815814 26.150717394151823 1
1678281816376 25.402732518484935 1
1678281816959 24.678599315199317 1
1678281817527 23.974665939979097 1
1678281818080 23.334013626665442 1
1678281818633 22.771412496497852 1
1678281819186 22.266623861523534 1
1678281819740 21.795633685212167 1
1678281820293 21.349530054754666 1
1678281820846 20.93216789363681 1
1678281821405 20.54556463519196 1
1678281821989 20.188294818117388 1
1678281822553 19.855700668859292 1
1678281823106 19.54330922355183 1
1678281823752 19.248790922394356 1
1678281824309 18.97058099504653 1
1678281824864 18.707371207068984 1
1678281825419 18.45856398350498 1
1678281825973 18.223274983275413 1
1678281826539 17.999765303761976 1
1678281827123 17.786863183772674 1
1678281827685 17.583953026914465 1
1678281828242 17.390282428879473 1
1678281828798 17.205260583150025 1
1678281829353 17.027852426712656 1
1678281829907 16.857422990295532 1
1678281830463 16.693644250225805 1
1678281831018 16.536109615921493 1
1678281831586 16.384160032972368 1
1678281832173 16.237468607775796 1
1678281832732 16.095620191375218 1
1678281833285 15.958258813050628 1
1678281833839 15.825003300388605 1
1678281834393 15.695690815322557 1
1678281834947 15.570076880026772 1
1678281835500 15.447963436109683 1
1678281836053 15.32921479476985 1
1678281836631 15.213834309421516 1
1678281837220 15.101795614517007 1
1678281837777 14.993101513700877 1
1678281838333 14.88788317022197 1
1678281838887 14.786176896739727 1
1678281839441 14.688086593648118 1
1678281839994 14.593572550733654 1
1678281840548 14.502494785308745 1
1678281841101 14.4145911875555 1
1678281841674 14.329482979759437 1
1678281842261 14.246685359621344 1
1678281842851 14.165729891367748 1
1678281843405 14.086258838864005 1
1678281843959 14.008138743237971 1
1678281844513 13.931348597852356 1
1678281845067 13.855952362023963 1
1678281845621 13.782073505142248 1
1678281846175 13.709722963352098 1
1678281846751 13.638865923486838 1
