1678281734833 0.9996457270213536 1
1678281735393 0.998664140701294 1
1678281735948 0.9964485934802464 1
1678281736515 0.9933802485466003 1
1678281737076 0.9900712881769452 1
1678281737630 0.9865805932453701 1
1678281738185 0.9827027491160801 1
1678281738738 0.9781732388905117 1
1678281739293 0.972721346787044 1
1678281739847 0.9660499095916748 1
1678281740400 0.9577957732336861 1
1678281740957 0.9475492494446891 1
1678281741525 0.9348713500159127 1
1678281742100 0.9192870429583958 1
1678281742666 0.9002799136298043 1
1678281743224 0.8772926415715899 1
1678281743778 0.8497242246355329 1
1678281744334 0.8169342364583697 1
1678281744888 0.778260852609362 1
1678281745443 0.7330459696905953 1
1678281745998 0.6813993539128985 1
1678281746568 0.6321213671139309 1
1678281747146 0.5907031553132194 1
1678281747812 0.5539870006697518 1
1678281748372 0.5264515706471035 1
1678281748928 0.5096082772527423 1
1678281749485 0.5059253403118679 1
1678281750041 0.5127212149756295 1
1678281750596 0.5297256452696664 1
1678281751152 0.5555733527456012 1
1678281751731 0.5851801037788391 1
1678281752307 0.6152280994824001 1
1678281752870 0.6419957280158997 1
1678281753425 0.6624811461993626 1
1678281753980 0.675531906741006 1
1678281754538 0.6817916631698608 1
1678281755093 0.6828986746924264 1
1678281755647 0.6808078033583504 1
1678281756202 0.677157827786037 1
1678281756781 0.6730684467724392 1
1678281757354 0.6691708820206779 1
1678281757916 0.6657305019242423 1
1678281758471 0.6627786755561829 1
1678281759026 0.6602254509925842 1
1678281759580 0.6579386591911316 1
1678281760134 0.6557923129626683 1
1678281760689 0.6536930884633746 1
1678281761245 0.65157721723829 1
1678281761815 0.6494103584970746 1
1678281762383 0.647182720048087 1
1678281762939 0.6448978100504194 1
1678281763493 0.6425665957587106 1
1678281764047 0.6402023690087455 1
1678281764601 0.6378106730324882 1
1678281765156 0.635397093636649 1
1678281765710 0.6329670037542071 1
1678281766267 0.6305214251790728 1
1678281766845 0.6280596256256104 1
1678281767420 0.6255831973893302 1
1678281767980 0.6230885556765965 1
1678281768534 0.620579583304269 1
1678281769089 0.6180569103785923 1
1678281769646 0.6155202899660382 1
1678281770209 0.6129703947475978 1
1678281770775 0.6104094982147217 1
1678281771339 0.6078397461346218 1
1678281771920 0.6052636248724801 1
1678281772496 0.6026856643812997 1
1678281773059 0.6001078230994088 1
1678281773711 0.5975329620497567 1
1678281774271 0.5949617539133344 1
1678281774830 0.5923955185072762 1
1678281775389 0.589836869921003 1
1678281775947 0.5872928159577506 1
1678281776518 0.5847608191626412 1
1678281777099 0.582240607057299 1
1678281777670 0.5797352705683027 1
1678281778227 0.5772520218576703 1
1678281778782 0.5747867822647095 1
1678281779339 0.5723379254341125 1
1678281779896 0.5699065327644348 1
1678281780453 0.5674982666969299 1
1678281781010 0.5651080736092159 1
1678281781583 0.5627384952136448 1
1678281782174 0.5603858785969871 1
1678281782739 0.5580462047031948 1
1678281783293 0.555719792842865 1
1678281783847 0.5534066430159977 1
1678281784400 0.5511062315532139 1
1678281784953 0.5488153951508659 1
1678281785507 0.5465332014220101 1
1678281786061 0.5442613363265991 1
1678281786635 0.5419922300747463 1
1678281787221 0.5397237539291382 1
1678281787780 0.5374624303409031 1
1678281788334 0.5352003914969308 1
1678281788889 0.5329349679606301 1
1678281789444 0.5306648143700191 1
1678281789999 0.5283845365047455 1
1678281790553 0.5260908603668213 1
1678281791106 0.5237813932555062 1
1678281791684 0.5214544492108482 1
1678281792267 0.5191096237727574 1
1678281792829 0.5167404413223267 1
1678281793383 0.5143428828035083 1
1678281793937 0.5119130526270185 1
1678281794490 0.5094461866787502 1
1678281795044 0.5069383680820465 1
1678281795597 0.5043831297329494 1
1678281796151 0.5017705815179008 1
1678281796730 0.4990908333233425 1
1678281797313 0.49632714901651653 1
1678281797878 0.4934594886643546 1
1678281798439 0.49046017442430767 1
1678281799000 0.4872864782810211 1
1678281799657 0.4838760793209076 1
1678281800225 0.4801288332257952 1
1678281800787 0.4758980742522648 1
1678281801346 0.4709740834576743 1
1678281801932 0.46510031819343567 1
1678281802499 0.4580991736480168 1
1678281803038 0.4502867673124586 1
1678281803576 0.44303578989846365 1
1678281804114 0.4380860115800585 1
1678281804652 0.4350173515932901 1
1678281805193 0.4312469022614615 1
1678281805731 0.425656259059906 1
1678281806270 0.4192699704851423 1
1678281806853 0.41286361643246244 1
1678281807428 0.4060121348925999 1
1678281807982 0.39802728380475727 1
1678281808537 0.3877931066921779 1
1678281809091 0.37068918347358704 1
1678281809646 0.33411143933023724 1
1678281810201 0.3137221208640507 1
1678281810755 0.28496916379247395 1
1678281811336 0.2695798171418054 1
1678281811921 0.24523391042436873 1
1678281812491 0.2234065511396953 1
1678281813046 0.20981474220752716 1
1678281813600 0.19892614441258566 1
1678281814154 0.18868908711842128 1
1678281814707 0.18001634095396316 1
1678281815261 0.17346609916005815 1
1678281815815 0.16854930562632425 1
1678281816378 0.16405914085251944 1
1678281816961 0.16013950748103006 1
1678281817529 0.156746364065579 1
1678281818082 0.15409305904592788 1
1678281818635 0.15190285657133376 1
1678281819188 0.14998518569128855 1
1678281819741 0.14811822026968002 1
1678281820294 0.1462910079530307 1
1678281820847 0.14466261118650436 1
1678281821406 0.14320521269525802 1
1678281821990 0.14181475341320038 1
1678281822554 0.14055052718945912 1
1678281823107 0.13940274928297317 1
1678281823754 0.13832976456199372 1
1678281824311 0.13723030579941614 1
1678281824866 0.13622030296495982 1
1678281825420 0.13529218307563237 1
1678281825974 0.13441950508526393 1
1678281826541 0.13359383812972478 1
1678281827125 0.13277348663125718 1
1678281827687 0.13202773673193796 1
1678281828244 0.13126973701374872 1
1678281828800 0.13049302569457463 1
1678281829355 0.12971319471086776 1
1678281829909 0.12893869302102498 1
1678281830464 0.1281764539224761 1
1678281831019 0.1274001630289214 1
1678281831588 0.12662378272839955 1
1678281832175 0.12584024029118673 1
1678281832734 0.12503351164715631 1
1678281833287 0.1242004366857665 1
1678281833841 0.12335314175912312 1
1678281834395 0.12250805326870509 1
1678281834948 0.12166569381952286 1
1678281835502 0.12081647770745414 1
1678281836055 0.11995867639780045 1
1678281836633 0.11909294873476028 1
1678281837222 0.11824052674429757 1
1678281837779 0.11738741610731397 1
1678281838334 0.11653141038758415 1
1678281838889 0.11568832503897804 1
1678281839443 0.11484771541186742 1
1678281839996 0.11401434242725372 1
1678281840550 0.11318759726626533 1
1678281841103 0.11236191753830228 1
1678281841676 0.11154362240007945 1
1678281842298 0.11072828407798495 1
1678281842853 0.1099169020141874 1
1678281843406 0.10910454605306898 1
1678281843960 0.1082908543092864 1
1678281844515 0.10747216109718595 1
1678281845069 0.10665990837982722 1
1678281845622 0.10586309858730861 1
1678281846177 0.1050782288823809 1
1678281846753 0.10429697483778 1
