1678281734825 25131.934988839286 1
1678281735389 25126.90234375 1
1678281735944 25081.905691964286 1
1678281736511 24990.619698660714 1
1678281737072 24892.353515625 1
1678281737627 24791.032645089286 1
1678281738181 24680.381696428572 1
1678281738735 24551.55636160714 1
1678281739289 24395.98828125 1
1678281739843 24205.505859375 1
1678281740397 23969.553571428572 1
1678281740954 23676.85184151786 1
1678281741521 23316.560546875 1
1678281742096 22878.15987723214 1
1678281742663 22351.481584821428 1
1678281743221 21727.0859375 1
1678281743775 20996.407087053572 1
1678281744330 20152.35574776786 1
1678281744884 19190.50460379464 1
1678281745439 18110.35379464286 1
1678281745994 16916.911551339286 1
1678281746564 15622.214425223214 1
1678281747142 14246.80678013393 1
1678281747808 12820.82114955357 1
1678281748368 11384.212890625 1
1678281748925 9985.634486607143 1
1678281749481 8679.36216517857 1
1678281750037 7519.7060546875 1
1678281750593 6552.803989955357 1
1678281751149 5806.804617745535 1
1678281751727 5283.35968889509 1
1678281752303 4955.022600446428 1
1678281752866 4772.4384765625 1
1678281753421 4679.963030133928 1
1678281753976 4631.739780970982 1
1678281754534 4599.62566266741 1
1678281755089 4571.26496233259 1
1678281755644 4543.403459821428 1
1678281756198 4516.03839983259 1
1678281756777 4489.494175502232 1
1678281757351 4463.707449776785 1
1678281757912 4438.387625558035 1
1678281758468 4413.258998325893 1
1678281759022 4388.157296316965 1
1678281759576 4363.01691545759 1
1678281760131 4337.825299944197 1
1678281760685 4312.58771623884 1
1678281761241 4287.308210100447 1
1678281761811 4261.986397879465 1
1678281762380 4236.616420200893 1
1678281762935 4211.189453125 1
1678281763490 4185.693917410715 1
1678281764044 4160.119210379465 1
1678281764598 4134.455008370535 1
1678281765153 4108.692975725447 1
1678281765707 4082.8269391741073 1
1678281766263 4056.8533761160716 1
1678281766842 4030.7705078125 1
1678281767416 4004.580322265625 1
1678281767976 3978.284842354911 1
1678281768531 3951.8894391741073 1
1678281769086 3925.4010184151784 1
1678281769641 3898.8272530691966 1
1678281770205 3872.1786760602677 1
1678281770771 3845.4665178571427 1
1678281771335 3818.7036481584823 1
1678281771916 3791.903878348214 1
1678281772492 3765.082275390625 1
1678281773055 3738.254708426339 1
1678281773707 3711.438162667411 1
1678281774267 3684.6481584821427 1
1678281774826 3657.9023088727677 1
1678281775385 3631.2166922433034 1
1678281775943 3604.6077706473216 1
1678281776515 3578.091238839286 1
1678281777095 3551.681640625 1
1678281777666 3525.3932756696427 1
1678281778223 3499.2378976004466 1
1678281778778 3473.2263532366073 1
1678281779335 3447.3684430803573 1
1678281779892 3421.6719098772323 1
1678281780450 3396.143624441964 1
1678281781006 3370.787772042411 1
1678281781579 3345.6079450334823 1
1678281782171 3320.605154854911 1
1678281782735 3295.7794363839284 1
1678281783290 3271.1285574776784 1
1678281783843 3246.650076729911 1
1678281784397 3222.3386579241073 1
1678281784950 3198.1893136160716 1
1678281785503 3174.1943359375 1
1678281786057 3150.3465401785716 1
1678281786631 3126.6361955915177 1
1678281787217 3103.0533272879466 1
1678281787776 3079.586669921875 1
1678281788331 3056.2243303571427 1
1678281788885 3032.9541364397323 1
1678281789440 3009.7618582589284 1
1678281789995 2986.6338936941966 1
1678281790549 2963.554757254464 1
1678281791103 2940.5087541852677 1
1678281791681 2917.4782366071427 1
1678281792263 2894.4452078683034 1
1678281792826 2871.3901715959823 1
1678281793380 2848.2919921875 1
1678281793933 2825.1263602120534 1
1678281794486 2801.8673270089284 1
1678281795040 2778.483956473214 1
1678281795594 2754.938720703125 1
1678281796148 2731.1871512276784 1
1678281796727 2707.1731305803573 1
1678281797310 2682.8223005022323 1
1678281797875 2658.03564453125 1
1678281798436 2632.6767578125 1
1678281798997 2606.553641183036 1
1678281799653 2579.3910086495534 1
1678281800219 2550.7945731026784 1
1678281800783 2520.2088797433034 1
1678281801342 2486.9083077566966 1
1678281801928 2450.1330217633927 1
1678281802495 2409.612130301339 1
1678281803034 2366.5451136997767 1
1678281803573 2323.534912109375 1
1678281804110 2281.5322265625 1
1678281804649 2239.277675083705 1
1678281805189 2196.591866629464 1
1678281805728 2154.1230817522323 1
1678281806267 2111.869070870536 1
1678281806850 2068.7281319754466 1
1678281807424 2023.8195103236608 1
1678281807979 1976.0828508649554 1
1678281808533 1921.4512765066963 1
1678281809088 1846.886474609375 1
1678281809642 1733.0634940011162 1
1678281810197 1627.9207066127233 1
1678281810751 1465.7352120535713 1
1678281811308 1348.239780970982 1
1678281811917 1234.7909981863838 1
1678281812488 1105.2264229910713 1
1678281813042 1001.3364606584821 1
1678281813596 926.3590087890625 1
1678281814150 858.567365373884 1
1678281814704 789.8915230887277 1
1678281815257 730.2611258370536 1
1678281815812 683.8600202287946 1
1678281816374 645.2988194056919 1
1678281816957 609.0332641601562 1
1678281817525 574.7846069335938 1
1678281818078 544.4761919294085 1
1678281818631 518.5372270856585 1
1678281819184 495.8025381905692 1
1678281819738 475.04964773995533 1
1678281820291 455.8024335588728 1
1678281820844 438.15565272739957 1
1678281821403 422.12022617885043 1
1678281821987 407.56724766322543 1
1678281822551 394.2488490513393 1
1678281823104 381.94093540736606 1
1678281823750 370.51595197405135 1
1678281824307 359.8829432896205 1
1678281824862 349.96573747907365 1
1678281825417 340.7185843331473 1
1678281825971 332.08775111607144 1
1678281826537 323.9915509905134 1
1678281827121 316.3725019182478 1
1678281827683 309.1954040527344 1
1678281828240 302.4219229561942 1
1678281828797 296.02099173409596 1
1678281829351 289.94775826590404 1
1678281829906 284.1727098737444 1
1678281830461 278.6777583530971 1
1678281831016 273.44292122977123 1
1678281831584 268.4406999860491 1
1678281832171 263.6553867885045 1
1678281832730 259.0689893450056 1
1678281833284 254.66602434430803 1
1678281833837 250.43072945731026 1
1678281834391 246.3547101702009 1
1678281834945 242.4272940499442 1
1678281835498 238.6395743233817 1
1678281836052 234.98482622419084 1
1678281836629 231.46075439453125 1
1678281837218 228.0642307826451 1
1678281837776 224.79309300013952 1
1678281838331 221.64906529017858 1
1678281838885 218.6310272216797 1
1678281839439 215.73988778250558 1
1678281839993 212.97235979352678 1
1678281840546 210.32235499790735 1
1678281841100 207.78043910435267 1
1678281841672 205.3340824672154 1
1678281842259 202.9680437360491 1
1678281842849 200.66790335518974 1
1678281843403 198.42268807547433 1
1678281843957 196.2279510498047 1
1678281844511 194.0824737548828 1
1678281845065 191.98741585867745 1
1678281845619 189.94555010114397 1
1678281846173 187.95650373186385 1
1678281846749 186.01866367885046 1
