1678282498664 2.9971704535997667 1
1678282499286 2.9253005193612016 1
1678282499898 2.886132786065338 1
1678282500511 2.874506037197651 1
1678282501123 2.864441099392628 1
1678282501733 2.8546777956370577 1
1678282502362 2.8451597112121907 1
1678282503018 2.835875551402115 1
1678282503739 2.8267987640936147 1
1678282504364 2.817914902984187 1
1678282504985 2.809205077952058 1
1678282505597 2.8006585446369234 1
1678282506209 2.792259786372903 1
1678282506820 2.7839886941554948 1
1678282507453 2.775829243326553 1
1678282508103 2.7677762560298085 1
1678282508726 2.7598295164864672 1
1678282509339 2.7519769003277252 1
1678282509951 2.7442149956559185 1
1678282510562 2.7365593853821397 1
1678282511173 2.7290190390203435 1
1678282511784 2.7215915982247827 1
1678282512415 2.714287564269848 1
1678282513066 2.7070729085956278 1
1678282513691 2.6999070207036824 1
1678282514312 2.6927625895382876 1
1678282514927 2.6856244027973393 1
1678282515537 2.6784894712716203 1
1678282516149 2.671356456794462 1
1678282516764 2.6642247739095253 1
1678282517389 2.657094305154481 1
1678282518033 2.6499648161246445 1
1678282518657 2.6428360956598502 1
1678282519281 2.6357080983064565 1
1678282519901 2.628580700372254 1
1678282520512 2.621453841782912 1
1678282521121 2.6143274487805406 1
1678282521731 2.6072015251829757 1
1678282522353 2.6000759438542635 1
1678282522996 2.5929506419384496 1
1678282523621 2.5858256612605093 1
1678282524244 2.5787010044831944 1
1678282524863 2.57157666105393 1
1678282525473 2.5644524609246635 1
1678282526082 2.5573286050706105 1
1678282526692 2.550205029598366 1
1678282527312 2.543081803829708 1
1678282527955 2.535958876988523 1
1678282528581 2.5288362111950646 1
1678282529197 2.5217139437274123 1
1678282529808 2.514591956066449 1
1678282530419 2.5074704271796766 1
1678282531030 2.5003492656330466 1
1678282531640 2.4932285702005963 1
1678282532256 2.486108399687629 1
1678282532972 2.478988717399004 1
1678282533600 2.4718696102271656 1
1678282534224 2.4647510831555595 1
1678282534849 2.4576331689425213 1
1678282535466 2.4505159146255817 1
1678282536077 2.4433993956688393 1
1678282536687 2.4362837023977346 1
1678282537306 2.4291687719623716 1
1678282537947 2.4220547095218756 1
1678282538575 2.414941536850979 1
1678282539194 2.4078293184170607 1
1678282539809 2.40071806270101 1
1678282540420 2.393607863660234 1
1678282541031 2.3864986736518503 1
1678282541641 2.3793906448653255 1
1678282542258 2.3722838451682478 1
1678282542900 2.3651783144410246 1
1678282543530 2.3580740641549287 1
1678282544153 2.350971120405356 1
1678282544775 2.3438695677276224 1
1678282545385 2.33676957913583 1
1678282545996 2.3296709934902413 1
1678282546606 2.3225739409719366 1
1678282547221 2.315478612193619 1
1678282547864 2.3083849787857207 1
1678282548494 2.301292967624231 1
1678282549109 2.2942027570598866 1
1678282549719 2.2871144085147277 1
1678282550329 2.280027954293498 1
1678282550939 2.272943457068902 1
1678282551549 2.2658609351973227 1
1678282552161 2.2587805128121268 1
1678282552804 2.2517021643399326 1
1678282553436 2.2446260763140002 1
1678282554059 2.2375521484045926 1
1678282554681 2.230480569135795 1
1678282555292 2.2234113149610892 1
1678282555902 2.2163444542315096 1
1678282556512 2.2092800253316103 1
1678282557122 2.202218159927298 1
1678282557763 2.1951588517272684 1
1678282558397 2.1881021410477746 1
1678282559020 2.1810481936476647 1
1678282559643 2.173996832755172 1
1678282560254 2.1669483036702806 1
1678282560864 2.1599027445005152 1
1678282561567 2.1528600578386006 1
1678282562181 2.1458203672034073 1
1678282562824 2.1387837021787144 1
1678282563456 2.1317501566356603 1
1678282564079 2.1247197294933757 1
1678282564702 2.1176925322269944 1
1678282565313 2.1106685809599046 1
1678282565923 2.10364792439751 1
1678282566534 2.096630611882202 1
1678282567144 2.089616758601448 1
1678282567785 2.082606415859943 1
1678282568419 2.0755996192282535 1
1678282569034 2.0685964047407697 1
1678282569646 2.0615969245504946 1
1678282570256 2.054601133936064 1
1678282570868 2.0476090873484463 1
1678282571480 2.040620973491681 1
1678282572091 2.0336367659145975 1
1678282572730 2.0266564209728064 1
1678282573362 2.0196800630357954 1
1678282573972 2.012707835096553 1
1678282574583 2.005739712299746 1
1678282575193 1.998775865381827 1
1678282575804 1.9918162536918145 1
1678282576414 1.9848609132003534 1
1678282577025 1.977909914796728 1
1678282577661 1.9709633217014635 1
1678282578297 1.9640212066710818 1
1678282578920 1.9570836782707006 1
1678282579544 1.9501507679849786 1
1678282580159 1.9432224638964097 1
1678282580771 1.9362988066544564 1
1678282581381 1.9293798727651612 1
1678282581991 1.9224657486598646 1
1678282582624 1.9155563886272775 1
1678282583262 1.9086520674673961 1
1678282583885 1.901752544551314 1
1678282584508 1.8948584924252965 1
1678282585122 1.8879693396049582 1
1678282585732 1.8810854386755127 1
1678282586342 1.8742065294810393 1
1678282586952 1.8673330502234475 1
1678282587587 1.8604646400210652 1
1678282588300 1.8536019799706949 1
1678282588920 1.8467446085466392 1
1678282589532 1.8398926866969383 1
1678282590147 1.8330462848235645 1
1678282590758 1.8262056142139673 1
1678282591370 1.8193706459120236 1
1678282591981 1.8125411625589969 1
1678282592615 1.8057177733931737 1
1678282593254 1.7989000176189736 1
1678282593865 1.7920882731240246 1
1678282594477 1.785282332083977 1
1678282595088 1.7784826345706304 1
1678282595699 1.7716887526350293 1
1678282596310 1.7649013709867016 1
1678282596921 1.7581197125050874 1
1678282597551 1.7513445632436646 1
1678282598191 1.7445755207193523 1
1678282598814 1.7378130678760058 1
1678282599434 1.7310568884278503 1
1678282600053 1.7243071548798536 1
1678282600672 1.7175640126319103 1
1678282601283 1.7108273106755396 1
1678282601893 1.7040973652348024 1
1678282602520 1.6973738954856776 1
1678282603161 1.690657482333792 1
1678282603771 1.683947664108417 1
1678282604381 1.6772449057914538 1
1678282604991 1.6705487928470542 1
1678282605601 1.6638597023272146 1
1678282606211 1.6571778425859793 1
1678282606822 1.6505028268138853 1
1678282607446 1.6438351216983456 1
1678282608089 1.637174483697318 1
1678282608705 1.630521291862403 1
1678282609317 1.6238751343314353 1
1678282609929 1.6172365190383726 1
1678282610541 1.6106054335103044 1
1678282611154 1.6039817481719951 1
1678282611765 1.5973655657422539 1
1678282612386 1.5907567871384718 1
1678282613029 1.5841558275267391 1
1678282613648 1.5775624288202392 1
1678282614260 1.570977163192717 1
1678282614872 1.5643994910835197 1
1678282615482 1.5578298257021985 1
1678282616092 1.55126815899443 1
1678282616795 1.5447141739551578 1
1678282617419 1.538168356281012 1
1678282618062 1.5316302325102222 1
1678282618691 1.5251005939119695 1
1678282619303 1.5185791574380667 1
1678282619913 1.512066175628791 1
1678282620524 1.5055615093582915 1
1678282621135 1.499065141909836 1
1678282621746 1.4925773641996756 1
1678282622369 1.4860976813750355 1
