1678282498667 0.9990522861480713 1
1678282499288 0.9750644479479108 1
1678282499900 0.9620389682906014 1
1678282500513 0.9581628612109593 1
1678282501125 0.9548086609159198 1
1678282501735 0.9515548859323774 1
1678282502364 0.9483828289168221 1
1678282503021 0.9452885985374451 1
1678282503741 0.942263492516109 1
1678282504366 0.9393026488167899 1
1678282504987 0.9363997493471418 1
1678282505599 0.9335512093135289 1
1678282506211 0.9307519112314496 1
1678282506822 0.927995102746146 1
1678282507455 0.925275479044233 1
1678282508105 0.9225912945611137 1
1678282508728 0.9199424982070923 1
1678282509342 0.917325096470969 1
1678282509953 0.9147378972598484 1
1678282510564 0.9121860691479274 1
1678282511176 0.909672669001988 1
1678282511786 0.9071968793869019 1
1678282512417 0.90476222549166 1
1678282513068 0.9023573654038566 1
1678282513693 0.8999687348093305 1
1678282514314 0.8975872567721775 1
1678282514929 0.8952078819274902 1
1678282515539 0.8928295459066119 1
1678282516151 0.8904518570218768 1
1678282516766 0.8880746364593506 1
1678282517391 0.8856977990695408 1
1678282518035 0.8833213022777012 1
1678282518659 0.880945086479187 1
1678282519283 0.8785690580095563 1
1678282519903 0.8761932594435555 1
1678282520514 0.8738176567213876 1
1678282521124 0.8714421817234584 1
1678282521733 0.8690668599946159 1
1678282522356 0.866691631930215 1
1678282522998 0.86431656564985 1
1678282523623 0.8619415504591805 1
1678282524247 0.8595666459628514 1
1678282524865 0.8571918521608625 1
1678282525475 0.8548171349934169 1
1678282526085 0.8524425029754639 1
1678282526694 0.8500679475920541 1
1678282527314 0.8476935539926801 1
1678282527957 0.8453192029680524 1
1678282528584 0.8429449711527143 1
1678282529199 0.8405708500317165 1
1678282529810 0.8381968566349575 1
1678282530421 0.835822982447488 1
1678282531032 0.8334492785590035 1
1678282531642 0.8310757194246564 1
1678282532258 0.8287022539547512 1
1678282532974 0.8263290269034249 1
1678282533602 0.8239559616361346 1
1678282534226 0.8215831007276263 1
1678282534851 0.8192104441779 1
1678282535468 0.8168380090168544 1
1678282536079 0.8144658122743879 1
1678282536689 0.8120938624654498 1
1678282537308 0.8097222106797355 1
1678282537950 0.8073508313723973 1
1678282538577 0.8049797330583844 1
1678282539196 0.8026089753423419 1
1678282539811 0.8002384986196246 1
1678282540422 0.7978684050696236 1
1678282541033 0.7954986265727452 1
1678282541643 0.7931292567934308 1
1678282542260 0.7907602872167315 1
1678282542902 0.788391751902444 1
1678282543532 0.7860235912459237 1
1678282544155 0.7836558989116124 1
1678282544777 0.7812886834144592 1
1678282545388 0.7789219532694135 1
1678282545998 0.7765557510512215 1
1678282546608 0.7741899916103908 1
1678282547223 0.7718248452459063 1
1678282547866 0.7694602353232247 1
1678282548497 0.7670961618423462 1
1678282549111 0.7647326929228646 1
1678282549721 0.7623698455946786 1
1678282550331 0.7600076028278896 1
1678282550941 0.7576460582869393 1
1678282551551 0.7552851353372846 1
1678282552163 0.7529249276433673 1
1678282552807 0.7505653841154916 1
1678282553438 0.7482066324778965 1
1678282554061 0.7458485450063433 1
1678282554683 0.7434912664549691 1
1678282555294 0.7411347457340786 1
1678282555904 0.7387790509632656 1
1678282556514 0.7364241565976825 1
1678282557124 0.7340700966971261 1
1678282557766 0.731716879776546 1
1678282558399 0.7293645484106881 1
1678282559022 0.727013111114502 1
1678282559645 0.7246625593730381 1
1678282560256 0.7223129442759922 1
1678282560866 0.7199642743383136 1
1678282561569 0.7176166091646466 1
1678282562183 0.7152698891503471 1
1678282562827 0.7129242079598563 1
1678282563458 0.7105795741081238 1
1678282564081 0.7082359620503017 1
1678282564704 0.7058934228760856 1
1678282565315 0.7035519565854754 1
1678282565925 0.7012115972382682 1
1678282566536 0.6988723363195147 1
1678282567147 0.6965341908591134 1
1678282567787 0.6941972715514046 1
1678282568421 0.6918615017618451 1
1678282569036 0.6895269240651812 1
1678282569648 0.687193581036159 1
1678282570259 0.68486145564488 1
1678282570870 0.6825305989810398 1
1678282571483 0.6802010110446385 1
1678282572094 0.67787275995527 1
1678282572732 0.6755457861082894 1
1678282573364 0.673220123563494 1
1678282573974 0.6708957723208836 1
1678282574585 0.6685728941644941 1
1678282575196 0.6662513613700867 1
1678282575806 0.6639312761170524 1
1678282576416 0.6616125958306449 1
1678282577027 0.6592953205108643 1
1678282577663 0.6569795608520508 1
1678282578299 0.6546652742794582 1
1678282578923 0.6523525033678327 1
1678282579546 0.6500412566321236 1
1678282580161 0.6477315170424325 1
1678282580773 0.6454233527183533 1
1678282581383 0.6431167721748352 1
1678282581993 0.6408117668969291 1
1678282582626 0.6385083624294826 1
1678282583264 0.6362065843173436 1
1678282583887 0.633906432560512 1
1678282584510 0.6316081030028207 1
1678282585124 0.629311374255589 1
1678282585734 0.6270163825580052 1
1678282586344 0.6247230853353228 1
1678282586955 0.6224315677370343 1
1678282587589 0.6201417360986982 1
1678282588302 0.6178538118089948 1
1678282588922 0.6155676586287362 1
1678282589534 0.6132832850728717 1
1678282590149 0.6110007507460458 1
1678282590760 0.6087201152529035 1
1678282591372 0.6064413785934448 1
1678282591983 0.6041644641331264 1
1678282592617 0.6018895592008319 1
1678282593256 0.5996165445872715 1
1678282593867 0.5973455224718366 1
1678282594479 0.5950764077050346 1
1678282595090 0.592809396130698 1
1678282595701 0.5905442833900452 1
1678282596312 0.5882813164166042 1
1678282596923 0.5860202993665423 1
1678282597553 0.5837613940238953 1
1678282598193 0.5815045322690692 1
1678282598816 0.5792498673711505 1
1678282599436 0.5769972545760018 1
1678282600055 0.5747467875480652 1
1678282600674 0.5724985088620868 1
1678282601285 0.5702523759433201 1
1678282601895 0.5680084909711566 1
1678282602522 0.5657667517662048 1
1678282603163 0.5635273201125008 1
1678282603773 0.5612901193755013 1
1678282604383 0.5590552261897496 1
1678282604993 0.556822555405753 1
1678282605603 0.5545922006879535 1
1678282606213 0.5523642557007926 1
1678282606824 0.5501385756901332 1
1678282607448 0.5479153309549604 1
1678282608092 0.5456944193158831 1
1678282608707 0.5434759599821908 1
1678282609319 0.5412598592894418 1
1678282609931 0.5390462534768241 1
1678282610543 0.5368351425443377 1
1678282611157 0.5346264924321856 1
1678282611767 0.5324203201702663 1
1678282612388 0.5302165831838336 1
1678282613031 0.5280154602868217 1
1678282613650 0.525816832269941 1
1678282614262 0.5236209120069232 1
1678282614874 0.5214275206838336 1
1678282615484 0.5192367604800633 1
1678282616094 0.5170486569404602 1
1678282616797 0.514863099370684 1
1678282617422 0.5126802495547703 1
1678282618065 0.5104999371937343 1
1678282618693 0.5083224517958504 1
1678282619305 0.5061476911817279 1
1678282619916 0.5039757149560111 1
1678282620526 0.5018064890589032 1
1678282621137 0.4996400475502014 1
1678282621748 0.4974764244897025 1
1678282622371 0.4953154878956931 1
