1678282498661 8.983030727931432 1
1678282499283 8.557383128574916 1
1678282499896 8.32976245880127 1
1678282500508 8.262784957885742 1
1678282501120 8.205022811889648 1
1678282501731 8.149185316903251 1
1678282502359 8.094933782305036 1
1678282503016 8.042190143040248 1
1678282503737 7.990791252681187 1
1678282504362 7.940644400460379 1
1678282504983 7.891633169991629 1
1678282505595 7.8436882836478095 1
1678282506206 7.796714714595249 1
1678282506818 7.750593049185617 1
1678282507450 7.705227988106864 1
1678282508100 7.660585403442383 1
1678282508724 7.616658960069929 1
1678282509337 7.573376859937396 1
1678282509949 7.5307159423828125 1
1678282510560 7.488757269723075 1
1678282511171 7.447544915335519 1
1678282511782 7.407060827527728 1
1678282512412 7.3673569815499445 1
1678282513063 7.328243732452393 1
1678282513689 7.289497920445034 1
1678282514310 7.250970363616943 1
1678282514924 7.212578432900565 1
1678282515535 7.174305847712925 1
1678282516146 7.136145319257464 1
1678282516761 7.09809364591326 1
1678282517387 7.060150146484375 1
1678282518030 7.022313526698521 1
1678282518655 6.984582628522601 1
1678282519278 6.946957179478237 1
1678282519899 6.909436498369489 1
1678282520510 6.872020244598389 1
1678282521119 6.83470800944737 1
1678282521729 6.797499792916434 1
1678282522351 6.76039491380964 1
1678282522993 6.723393031529018 1
1678282523619 6.68649435043335 1
1678282524242 6.649698870522635 1
1678282524860 6.613006523677281 1
1678282525471 6.576416424342564 1
1678282526080 6.539929594312396 1
1678282526690 6.503545692988804 1
1678282527310 6.467265060969761 1
1678282527952 6.43108742577689 1
1678282528579 6.395012583051409 1
1678282529194 6.359041213989258 1
1678282529806 6.32317270551409 1
1678282530416 6.28740794318063 1
1678282531028 6.251746450151716 1
1678282531638 6.216188703264509 1
1678282532254 6.180734974997384 1
1678282532969 6.1453850609915595 1
1678282533598 6.1101393699646 1
1678282534222 6.074997901916504 1
1678282534846 6.03996079308646 1
1678282535463 6.005028247833252 1
1678282536074 5.970200606754848 1
1678282536685 5.935478278568813 1
1678282537303 5.900860922677176 1
1678282537945 5.866349015917097 1
1678282538573 5.831942626408169 1
1678282539192 5.7976420266287665 1
1678282539807 5.763447216578892 1
1678282540418 5.729358604976109 1
1678282541029 5.695375919342041 1
1678282541639 5.6614998408726285 1
1678282542255 5.627730642046247 1
1678282542897 5.594068459102085 1
1678282543528 5.560513292040143 1
1678282544151 5.527065208980015 1
1678282544773 5.493724550519671 1
1678282545383 5.460492065974644 1
1678282545994 5.427366937909808 1
1678282546604 5.3943497112819125 1
1678282547219 5.3614412035260886 1
1678282547862 5.328641210283552 1
1678282548492 5.29594932283674 1
1678282549107 5.263366290501186 1
1678282549717 5.230892317635672 1
1678282550327 5.198527472359793 1
1678282550936 5.166271959032331 1
1678282551546 5.134125777653286 1
1678282552159 5.1020894050598145 1
1678282552802 5.070162636893136 1
1678282553433 5.0383462224687845 1
1678282554056 5.006639616830008 1
1678282554679 4.975043569292341 1
1678282555290 4.943557875497 1
1678282555899 4.912182739802769 1
1678282556509 4.880918230329241 1
1678282557120 4.849764823913574 1
1678282557761 4.8187223843165805 1
1678282558394 4.787790979657855 1
1678282559018 4.756971223013742 1
1678282559641 4.72626222882952 1
1678282560252 4.6956649507795065 1
1678282560862 4.665179865700858 1
1678282561565 4.634806428636823 1
1678282562178 4.604545048304966 1
1678282562822 4.574395724705288 1
1678282563453 4.544358730316162 1
1678282564077 4.514433928898403 1
1678282564699 4.484621661049979 1
1678282565311 4.454921858651297 1
1678282565921 4.425334589821952 1
1678282566532 4.395859922681536 1
1678282567142 4.366498197828021 1
1678282567783 4.337249483380999 1
1678282568416 4.308113779340472 1
1678282569032 4.279091085706439 1
1678282569643 4.250181879316058 1
1678282570254 4.221385819571359 1
1678282570865 4.192702974591937 1
1678282571478 4.164133957454136 1
1678282572089 4.135678495679583 1
1678282572727 4.107336248670306 1
1678282573360 4.079107557024274 1
1678282573970 4.050992829459054 1
1678282574581 4.022991793496268 1
1678282575191 3.995104960032872 1
1678282575801 3.967331988470895 1
1678282576412 3.9396728447505405 1
1678282577023 3.9121276310511996 1
1678282577659 3.8846964154924666 1
1678282578295 3.857379300253732 1
1678282578918 3.830176523753575 1
1678282579542 3.8030880178724016 1
1678282580157 3.776113544191633 1
1678282580768 3.749253068651472 1
1678282581379 3.7225066934313094 1
1678282581989 3.6958745547703336 1
1678282582621 3.669356278010777 1
1678282583259 3.6429527146475658 1
1678282583883 3.6166627407073975 1
1678282584506 3.590488706316267 1
1678282585120 3.5644282272883823 1
1678282585730 3.538482427597046 1
1678282586340 3.512650115149362 1
1678282586950 3.4869327204568044 1
1678282587585 3.4613286767687117 1
1678282588297 3.43584030015128 1
1678282588918 3.41046564919608 1
1678282589529 3.385205098560878 1
1678282590144 3.360058682305472 1
1678282590756 3.335026945386614 1
1678282591368 3.3101095472063338 1
1678282591979 3.2853054659707204 1
1678282592612 3.2606166771480014 1
1678282593252 3.2360412733895436 1
1678282593863 3.211580378668649 1
1678282594474 3.1872330052512035 1
1678282595086 3.1630004814692905 1
1678282595697 3.138881036213466 1
1678282596308 3.114876849310739 1
1678282596919 3.0909849234989712 1
1678282597548 3.0672077792031422 1
1678282598189 3.043543747493199 1
1678282598812 3.0199942588806152 1
1678282599432 2.9965579509735107 1
1678282600051 2.973235164369856 1
1678282600670 2.950026137488229 1
1678282601280 2.9269300869532993 1
1678282601890 2.9039478302001953 1
1678282602518 2.881078141076224 1
1678282603158 2.858322722571237 1
1678282603769 2.835679735456194 1
1678282604378 2.813150474003383 1
1678282604989 2.79073326928275 1
1678282605599 2.7684291090284074 1
1678282606208 2.7462384019579207 1
1678282606819 2.7241595813206265 1
1678282607443 2.7021939073290144 1
1678282608087 2.68034029006958 1
1678282608702 2.65859968321664 1
1678282609315 2.6369704518999373 1
1678282609927 2.6154539585113525 1
1678282610539 2.594049862452916 1
1678282611152 2.5727574484688893 1
1678282611763 2.5515767506190707 1
1678282612384 2.5305071558271135 1
1678282613027 2.509549685886928 1
1678282613646 2.4887032168252126 1
1678282614258 2.4679692472730363 1
1678282614870 2.4473457677023753 1
1678282615480 2.4268337658473422 1
1678282616090 2.406432901109968 1
1678282616792 2.3861418792179654 1
1678282617417 2.36596189226423 1
1678282618060 2.345891169139317 1
1678282618689 2.325931821550642 1
1678282619301 2.3060826574053084 1
1678282619911 2.286344119480678 1
1678282620522 2.2667154584612166 1
1678282621133 2.247196299689157 1
1678282621744 2.2277871881212508 1
1678282622367 2.208486318588257 1
