1678237811149 159.69034191628273 1
1678237860147 159.69034191628273 1
1678237909210 159.69034191628273 1
1678237958205 159.69034191628273 1
1678238007271 159.69034191628273 1
1678238056449 159.69034191628273 1
1678238105394 159.69034191628273 1
1678238154434 159.69034191628273 1
1678238203412 159.69034191628273 1
1678238252356 159.69034191628273 1
1678238301347 159.69034191628273 1
1678238350227 159.69034191628273 1
1678238399362 159.69034191628273 1
1678238448615 159.69034191628273 1
1678238497743 159.69034191628273 1
1678238546940 159.69034191628273 1
1678238596012 159.69034191628273 1
1678238645181 159.69034191628273 1
1678238694234 159.69034191628273 1
1678238743409 159.69034191628273 1
1678238792446 159.69034191628273 1
1678238841535 159.69034191628273 1
1678238890561 159.69034191628273 1
1678238939733 159.69034191628273 1
1678238988835 159.69034191628273 1
1678239037778 159.69034191628273 1
1678239086724 159.69034191628273 1
1678239135856 159.69034191628273 1
1678239184877 159.69034191628273 1
1678239234069 159.69034191628273 1
1678239283075 159.69034191628273 1
1678239332013 159.69034191628273 1
1678239380857 159.69034191628273 1
1678239429874 159.69034191628273 1
