1678237811168 0.9999999914850507 1
1678237860149 0.9999999914850507 1
1678237909212 0.9999999914850507 1
1678237958207 0.9999999914850507 1
1678238007273 0.9999999914850507 1
1678238056451 0.9999999914850507 1
1678238105396 0.9999999914850507 1
1678238154436 0.9999999914850507 1
1678238203414 0.9999999914850507 1
1678238252358 0.9999999914850507 1
1678238301349 0.9999999914850507 1
1678238350229 0.9999999914850507 1
1678238399364 0.9999999914850507 1
1678238448617 0.9999999914850507 1
1678238497745 0.9999999914850507 1
1678238546942 0.9999999914850507 1
1678238596014 0.9999999914850507 1
1678238645183 0.9999999914850507 1
1678238694236 0.9999999914850507 1
1678238743411 0.9999999914850507 1
1678238792448 0.9999999914850507 1
1678238841537 0.9999999914850507 1
1678238890563 0.9999999914850507 1
1678238939735 0.9999999914850507 1
1678238988837 0.9999999914850507 1
1678239037780 0.9999999914850507 1
1678239086726 0.9999999914850507 1
1678239135858 0.9999999914850507 1
1678239184879 0.9999999914850507 1
1678239234071 0.9999999914850507 1
1678239283077 0.9999999914850507 1
1678239332015 0.9999999914850507 1
1678239380859 0.9999999914850507 1
1678239429876 0.9999999914850507 1
