1678237811146 25501.005301339286 1
1678237860145 25501.005301339286 1
1678237909207 25501.005301339286 1
1678237958203 25501.005301339286 1
1678238007269 25501.005301339286 1
1678238056446 25501.005301339286 1
1678238105391 25501.005301339286 1
1678238154431 25501.005301339286 1
1678238203410 25501.005301339286 1
1678238252353 25501.005301339286 1
1678238301344 25501.005301339286 1
1678238350225 25501.005301339286 1
1678238399360 25501.005301339286 1
1678238448613 25501.005301339286 1
1678238497740 25501.005301339286 1
1678238546938 25501.005301339286 1
1678238596009 25501.005301339286 1
1678238645179 25501.005301339286 1
1678238694231 25501.005301339286 1
1678238743406 25501.005301339286 1
1678238792443 25501.005301339286 1
1678238841532 25501.005301339286 1
1678238890559 25501.005301339286 1
1678238939730 25501.005301339286 1
1678238988832 25501.005301339286 1
1678239037775 25501.005301339286 1
1678239086721 25501.005301339286 1
1678239135853 25501.005301339286 1
1678239184875 25501.005301339286 1
1678239234066 25501.005301339286 1
1678239283072 25501.005301339286 1
1678239332011 25501.005301339286 1
1678239380854 25501.005301339286 1
1678239429872 25501.005301339286 1
