1678279983309 33.81206664277846 1
1678279983904 33.74855953957285 1
1678279984482 33.658482457420675 1
1678279985046 33.562400499071046 1
1678279985609 33.4603590036214 1
1678279986172 33.34985279370221 1
1678279986735 33.22694392499657 1
1678279987297 33.086667352592585 1
1678279987860 32.92241872940716 1
1678279988434 32.7258785693975 1
1678279989027 32.48829523946993 1
1678279989604 32.206192019679726 1
1678279990167 31.864158312450957 1
1678279990731 31.4312603085125 1
1678279991295 30.88112902990806 1
1678279991857 30.18416243265005 1
1678279992419 29.309481365138744 1
1678279992981 28.227069407492152 1
1678279993562 26.913139173981595 1
1678279994154 25.35921572035953 1
1678279994727 23.586861965362136 1
1678279995294 21.664504013841086 1
1678279995860 19.72755367912977 1
1678279996425 17.985986189289466 1
1678279996989 16.678325026948002 1
1678279997552 15.932780069647853 1
1678279998114 15.63906753731828 1
1678279998701 15.539523665205763 1
1678279999292 15.455228422969565 1
1678279999859 15.353297069512966 1
1678280000421 15.256645237791641 1
1678280001080 15.174728558474504 1
1678280001646 15.101221915386553 1
1678280002211 15.029171651844193 1
1678280002774 14.956481657066785 1
1678280003343 14.883419150084372 1
1678280003932 14.810950531031862 1
1678280004509 14.739453625609773 1
1678280005070 14.668707998657837 1
1678280005629 14.598971912594235 1
1678280006186 14.530319385643256 1
1678280006745 14.462632309807335 1
1678280007304 14.395553168682545 1
1678280007863 14.32909772607526 1
1678280008431 14.263116751236488 1
1678280009019 14.197618087466694 1
1678280009594 14.132637823562204 1
1678280010163 14.040705379641587 1
1678280010728 13.954442695688911 1
1678280011289 13.892869594202756 1
1678280011847 13.817474396667684 1
1678280012404 13.743105975788248 1
1678280012961 13.674805648909064 1
1678280013536 13.612146316571462 1
1678280014128 13.548774811046231 1
1678280014699 13.483820024324773 1
1678280015259 13.4188816393815 1
1678280015818 13.355305369723101 1
1678280016376 13.292953499529474 1
1678280016936 13.231056758623488 1
1678280017494 13.169288369642716 1
1678280018053 13.10800569574239 1
1678280018634 13.047333951241228 1
1678280019228 12.987246115437499 1
1678280019797 12.927686508953268 1
1678280020366 12.868353579171975 1
1678280020931 12.809416141283737 1
1678280021491 12.75092429863214 1
1678280022049 12.692781684553669 1
1678280022608 12.634960944616592 1
1678280023166 12.57739467988477 1
1678280023750 12.520024940817578 1
1678280024338 12.462788764044918 1
1678280024907 12.405597945542155 1
1678280025465 12.348704530582777 1
1678280026025 12.291903479806445 1
1678280026654 12.235187661516024 1
1678280027216 12.178709511199829 1
1678280027776 12.121936034553029 1
1678280028340 12.064994006404705 1
1678280028936 12.007856113479793 1
1678280029519 11.951154524718628 1
1678280030090 11.892261871535517 1
1678280030661 11.833557827800947 1
1678280031229 11.775849220723336 1
1678280031793 11.717322969288485 1
1678280032353 11.656875155284185 1
1678280032913 11.594440097416198 1
1678280033484 11.530714825281885 1
1678280034082 11.464326057991238 1
1678280034657 11.393763135871522 1
1678280035228 11.318429309803355 1
1678280035798 11.237372392832805 1
1678280036369 11.148773997887435 1
1678280036934 11.051147547330219 1
1678280037494 10.943175245568245 1
1678280038054 10.827379114886892 1
1678280038635 10.705558797681672 1
1678280039230 10.594241664969498 1
1678280039802 10.491373527838373 1
1678280040373 10.391745888538457 1
1678280040941 10.29898641733931 1
1678280041499 10.21447888628965 1
1678280042058 10.13177408947345 1
1678280042616 10.048837696745059 1
1678280043175 9.969735697741063 1
1678280043759 9.8911423045328 1
1678280044348 9.813264103747944 1
1678280044915 9.735849361124359 1
1678280045474 9.658217654230368 1
1678280046032 9.581194956152752 1
1678280046591 9.503719777543557 1
1678280047150 9.425993083804588 1
1678280047708 9.348846110226848 1
1678280048268 9.271366906973883 1
1678280048859 9.193153295447766 1
1678280049442 9.113129242004264 1
1678280050003 9.029979063883951 1
1678280050561 8.940953398279229 1
1678280051121 8.84073029310806 1
1678280051752 8.719336830309597 1
1678280052313 8.581203744994049 1
1678280052873 8.463369797075888 1
1678280053442 8.36878241961382 1
1678280054043 8.270186065937116 1
1678280054616 8.172086994804674 1
1678280055175 8.071985285834542 1
1678280055735 7.9760260011243975 1
1678280056294 7.8767684715436355 1
1678280056853 7.778515788938578 1
1678280057411 7.678440511100711 1
1678280057970 7.579605447829617 1
1678280058541 7.481136760316743 1
1678280059133 7.3845040180643355 1
1678280059702 7.290196164867218 1
1678280060261 7.198831513365171 1
1678280060821 7.111279271801728 1
1678280061380 7.027826586299609 1
1678280061939 6.949858548174523 1
1678280062498 6.8771545997259915 1
1678280063056 6.810297098627055 1
1678280063633 6.7493930523588705 1
1678280064284 6.6940195164453575 1
1678280064873 6.64471840749055 1
1678280065433 6.600530466007027 1
1678280065991 6.561692812317183 1
1678280066551 6.527266648111037 1
1678280067110 6.496662603578949 1
1678280067669 6.469430659927972 1
1678280068227 6.445943704718666 1
1678280068813 6.425547345666846 1
1678280069396 6.407908771833634 1
1678280069967 6.392591402417085 1
1678280070537 6.3785404664092 1
1678280071105 6.366259655226753 1
1678280071664 6.355223275569605 1
1678280072225 6.345492999347467 1
1678280072785 6.336738077572921 1
1678280073344 6.32868949081286 1
1678280073932 6.321218380885734 1
1678280074512 6.31380819230044 1
1678280075080 6.306038621073577 1
1678280075640 6.299734002723817 1
1678280076199 6.294069245860199 1
1678280076758 6.288536200041857 1
1678280077317 6.283506702451567 1
1678280077968 6.278264424050042 1
1678280078538 6.27393922562277 1
1678280079128 6.269399519157361 1
1678280079694 6.264956665271922 1
1678280080253 6.2605879336826815 1
1678280080813 6.255501271507897 1
1678280081371 6.251181136649436 1
1678280081930 6.246746415272191 1
1678280082489 6.242415551027365 1
1678280083047 6.238693407957631 1
1678280083619 6.234875804701232 1
1678280084207 6.231340291847216 1
1678280084772 6.2279322324972455 1
1678280085331 6.2240201659322425 1
1678280085890 6.220694649334044 1
1678280086449 6.21733384941955 1
1678280087007 6.213929026722867 1
1678280087566 6.210807158686813 1
1678280088124 6.207797821346888 1
1678280088699 6.204837415832598 1
1678280089287 6.20188306611476 1
1678280089849 6.19916569770091 1
1678280090408 6.196397293658918 1
1678280090967 6.193563245619619 1
1678280091525 6.190974263356094 1
1678280092084 6.188196316465974 1
1678280092642 6.185542227637356 1
1678280093201 6.183023724438598 1
1678280093781 6.1804792418172925 1
1678280094377 6.17772001831046 1
1678280094949 6.17526036381569 1
1678280095509 6.172550389342917 1
1678280096073 6.169961621005476 1
1678280096640 6.167504461124368 1
