1678279983311 0.9981281246457782 1
1678279983906 0.993948927947453 1
1678279984484 0.9887504918234689 1
1678279985047 0.9831236515726361 1
1678279985611 0.9770541872297015 1
1678279986174 0.9703786373138428 1
1678279986737 0.962846747466496 1
1678279987299 0.9541404673031398 1
1678279987862 0.9438464982169015 1
1678279988436 0.9314699939319065 1
1678279989029 0.9165820223944527 1
1678279989605 0.8988279870578221 1
1678279990169 0.8769921745572772 1
1678279990732 0.8493548631668091 1
1678279991296 0.8152040243148804 1
1678279991859 0.7784691027232579 1
1678279992421 0.7403718062809536 1
1678279992983 0.7027187943458557 1
1678279993563 0.6661676849637713 1
1678279994156 0.6348240205219814 1
1678279994728 0.6151811906269619 1
1678279995296 0.6119781391961234 1
1678279995861 0.629151463508606 1
1678279996426 0.664740264415741 1
1678279996991 0.7175210458891732 1
1678279997553 0.7749657716069903 1
1678279998116 0.8218683855874198 1
1678279998703 0.8468201671327863 1
1678279999294 0.8499948552676609 1
1678279999861 0.8395399877003261 1
1678280000423 0.824741005897522 1
1678280001081 0.8115321142332894 1
1678280001648 0.8020617706435067 1
1678280002212 0.7961054870060512 1
1678280002776 0.7924948845590863 1
1678280003344 0.789897756917136 1
1678280003934 0.7873346635273525 1
1678280004510 0.7842919400760106 1
1678280005072 0.7806828362601144 1
1678280005630 0.7766737852777753 1
1678280006188 0.7725017922265189 1
1678280006747 0.7683392252240863 1
1678280007305 0.7642594235283988 1
1678280007864 0.7602898478507996 1
1678280008433 0.7563839214188712 1
1678280009021 0.7525038463728768 1
1678280009596 0.7486239416258675 1
1678280010164 0.7412418127059937 1
1678280010730 0.72307174546378 1
1678280011291 0.7256654415811811 1
1678280011848 0.7308616978781564 1
1678280012406 0.7274564249174935 1
1678280012963 0.719408358846392 1
1678280013537 0.7131391337939671 1
1678280014129 0.7098387650081089 1
1678280014701 0.7072522895676749 1
1678280015261 0.7036137921469552 1
1678280015820 0.6991653101784843 1
1678280016378 0.6948515943118504 1
1678280016938 0.6909925937652588 1
1678280017496 0.6873323576790946 1
1678280018054 0.6835752214704242 1
1678280018635 0.67967517886843 1
1678280019229 0.6757770010403225 1
1678280019799 0.6720421143940517 1
1678280020368 0.6683376261166164 1
1678280020933 0.6645503299576896 1
1678280021492 0.6607188156672886 1
1678280022051 0.656937667301723 1
1678280022609 0.6531828045845032 1
1678280023168 0.6494477987289429 1
1678280023752 0.6457617112568447 1
1678280024339 0.6420924578394208 1
1678280024908 0.6383780666760036 1
1678280025467 0.6347465515136719 1
1678280026026 0.6311818701880318 1
1678280026656 0.6275242481912885 1
1678280027217 0.6238817317145211 1
1678280027778 0.6203170589038304 1
1678280028341 0.6166035788399833 1
1678280028938 0.6126143847193036 1
1678280029520 0.6088166832923889 1
1678280030092 0.6049461535045079 1
1678280030662 0.599978872707912 1
1678280031231 0.5951243213244847 1
1678280031795 0.5911239726202828 1
1678280032354 0.587426211152758 1
1678280032914 0.5831188814980643 1
1678280033485 0.5783578157424927 1
1678280034084 0.5735356254237038 1
1678280034659 0.5683710873126984 1
1678280035230 0.5625675320625305 1
1678280035800 0.5558298996516636 1
1678280036370 0.5481768463339124 1
1678280036936 0.5398048034736088 1
1678280037495 0.5306915300233024 1
1678280038055 0.5210214810711997 1
1678280038636 0.5097130451883588 1
1678280039232 0.4998295988355364 1
1678280039804 0.49483804191861835 1
1678280040375 0.4910080134868622 1
1678280040942 0.4846302441188267 1
1678280041501 0.47876750571387156 1
1678280042060 0.4744281257901873 1
1678280042618 0.46958177430289133 1
1678280043176 0.46426701119967867 1
1678280043761 0.4590120017528534 1
1678280044349 0.4538788412298475 1
1678280044917 0.4487541488238743 1
1678280045475 0.44342786925179617 1
1678280046034 0.4380900391510555 1
1678280046593 0.4330561246190752 1
1678280047151 0.4277034231594631 1
1678280047710 0.42236483097076416 1
1678280048270 0.4170393262590681 1
1678280048861 0.4116463576044355 1
1678280049443 0.40608064191682 1
1678280050004 0.39997456329209463 1
1678280050563 0.3931643749986376 1
1678280051122 0.3855912344796317 1
1678280051753 0.37557936566216604 1
1678280052314 0.3630583499159132 1
1678280052875 0.3542242561067854 1
1678280053443 0.35146582978112356 1
1678280054045 0.34329899719783236 1
1678280054618 0.33605422718184336 1
1678280055177 0.327830650976726 1
1678280055737 0.3204857792173113 1
1678280056296 0.31246383701051983 1
1678280056854 0.3045952958720071 1
1678280057413 0.29628460322107586 1
1678280057972 0.288048192858696 1
1678280058543 0.2795536752258028 1
1678280059135 0.27112487171377453 1
1678280059704 0.2626894542149135 1
1678280060263 0.254476289663996 1
1678280060822 0.2464149466582707 1
1678280061382 0.23866006944860732 1
1678280061941 0.23132280366761343 1
1678280062499 0.22433301167828695 1
1678280063058 0.21789996113095964 1
1678280063635 0.2119509620325906 1
1678280064304 0.20650680363178253 1
1678280064875 0.201725606407438 1
1678280065434 0.19734145275184087 1
1678280065993 0.19338558614253998 1
1678280066553 0.18983390501567296 1
1678280067112 0.18675476951258524 1
1678280067670 0.18414736645562307 1
1678280068229 0.18189187347888947 1
1678280068815 0.17989635254655564 1
1678280069398 0.17814658795084273 1
1678280069968 0.17657955842358725 1
1678280070539 0.1751829981803894 1
1678280071106 0.17404006847313472 1
1678280071666 0.1730707096202033 1
1678280072226 0.17229040605681284 1
1678280072786 0.17158432730606624 1
1678280073345 0.17100070204053605 1
1678280073934 0.1704767005784171 1
1678280074514 0.17002262387956893 1
1678280075082 0.16965991045747483 1
1678280075642 0.16938030294009618 1
1678280076200 0.16908620936529978 1
1678280076759 0.16878928882735117 1
1678280077318 0.16849535490785325 1
1678280077970 0.16820896097591945 1
1678280078540 0.16800738658223832 1
1678280079130 0.167767556650298 1
1678280079696 0.167594952242715 1
1678280080255 0.167460954615048 1
1678280080814 0.167296330843653 1
1678280081373 0.167244553565979 1
1678280081932 0.1671449031148638 1
1678280082490 0.16705961525440216 1
1678280083049 0.1669653675385884 1
1678280083621 0.16683759433882578 1
1678280084209 0.16671105793544225 1
1678280084774 0.16659451808248246 1
1678280085332 0.16648016657148088 1
1678280085891 0.16640613547393254 1
1678280086450 0.16630581234182631 1
1678280087009 0.16620319017342158 1
1678280087567 0.16612312197685242 1
1678280088125 0.16602532778467452 1
1678280088700 0.1659381708928517 1
1678280089289 0.16584114304610661 1
1678280089851 0.16576518757002695 1
1678280090410 0.16567330275263106 1
1678280090968 0.16560072984014237 1
1678280091527 0.16553108181272233 1
1678280092085 0.16546691528388432 1
1678280092644 0.16540763420718058 1
1678280093203 0.16535647426332747 1
1678280093783 0.1652885228395462 1
1678280094379 0.16523524905954087 1
1678280094951 0.1652201350246157 1
1678280095511 0.16516700174127305 1
1678280096075 0.165147921868733 1
1678280096641 0.16510714803423202 1
