1678279983306 1143.255850655692 1
1678279983902 1138.9652709960938 1
1678279984481 1132.8934413364955 1
1678279985044 1126.4347272600446 1
1678279985608 1119.5956246512276 1
1678279986171 1112.212681361607 1
1678279986733 1104.0298025948662 1
1678279987296 1094.7275565011162 1
1678279987858 1083.8856549944196 1
1678279988432 1070.9831281389509 1
1678279989025 1055.4893275669642 1
1678279989602 1037.238804408482 1
1678279990166 1015.3245849609375 1
1678279990729 987.9241245814732 1
1678279991293 953.6441301618304 1
1678279991856 911.0836617606027 1
1678279992417 859.0456978934152 1
1678279992980 796.7674473353794 1
1678279993560 724.3170601981027 1
1678279994153 643.08982195173 1
1678279994725 556.3400573730469 1
1678279995293 469.3507341657366 1
1678279995858 389.17637416294644 1
1678279996423 323.49569920131137 1
1678279996988 278.1665257045201 1
1678279997550 253.85348074776786 1
1678279998112 244.58043343680245 1
1678279998699 241.47679574148995 1
1678279999290 238.8640856061663 1
1678279999857 235.7237309047154 1
1678280000420 232.76522391183036 1
1678280001078 230.2723868233817 1
1678280001645 228.0469033377511 1
1678280002209 225.8760005405971 1
1678280002773 223.69634355817522 1
1678280003341 221.51616559709822 1
1678280003930 219.36425563267298 1
1678280004507 217.2514931815011 1
1678280005069 215.1709943498884 1
1678280005627 213.1299809047154 1
1678280006184 211.13018144880022 1
1678280006744 209.16773332868303 1
1678280007302 207.23195103236608 1
1678280007861 205.32304164341517 1
1678280008430 203.4364994594029 1
1678280009018 201.5723593575614 1
1678280009593 199.73145185198103 1
1678280010161 197.1414075578962 1
1678280010726 194.72647094726562 1
1678280011287 193.01182556152344 1
1678280011845 190.92259870256697 1
1678280012402 188.87296186174666 1
1678280012960 187.00030953543526 1
1678280013534 185.29052734375 1
1678280014126 183.56929888044084 1
1678280014697 181.8134024483817 1
1678280015258 180.0663844517299 1
1678280015816 178.3641815185547 1
1678280016375 176.7026127406529 1
1678280016934 175.0608629499163 1
1678280017493 173.43015616280692 1
1678280018051 171.81981331961495 1
1678280018632 170.23292323521204 1
1678280019226 168.66856166294642 1
1678280019796 167.12507847377233 1
1678280020365 165.59452383858817 1
1678280020930 164.08114188058036 1
1678280021489 162.58607046944755 1
1678280022048 161.10670689174108 1
1678280022606 159.6422380719866 1
1678280023164 158.19085693359375 1
1678280023748 156.7510245186942 1
1678280024336 155.32110377720423 1
1678280024905 153.89886038643974 1
1678280025464 152.49050358363561 1
1678280026023 151.0908911568778 1
1678280026652 149.69981711251395 1
1678280027214 148.32096535818917 1
1678280027774 146.9413332257952 1
1678280028338 145.56408037458147 1
1678280028934 144.18860844203405 1
1678280029517 142.83009447370256 1
1678280030088 141.42589242117745 1
1678280030659 140.03309086390905 1
1678280031227 138.67062486921037 1
1678280031792 137.29565756661552 1
1678280032351 135.8827383858817 1
1678280032911 134.43104117257255 1
1678280033482 132.95738438197546 1
1678280034080 131.43077196393693 1
1678280034656 129.81783839634485 1
1678280035226 128.10684204101562 1
1678280035797 126.27853829520089 1
1678280036367 124.29516165597099 1
1678280036933 122.12786211286273 1
1678280037492 119.75308445521763 1
1678280038052 117.23213849748883 1
1678280038633 114.60898917061942 1
1678280039228 112.23795645577567 1
1678280039801 110.06891850062779 1
1678280040371 107.98838261195591 1
1678280040939 106.06912122453961 1
1678280041498 104.33557891845703 1
1678280042056 102.65284620012555 1
1678280042615 100.97913905552456 1
1678280043173 99.3956298828125 1
1678280043757 97.83469608851841 1
1678280044346 96.30015236990792 1
1678280044913 94.78676278250558 1
1678280045472 93.28116825648716 1
1678280046031 91.79929678780692 1
1678280046589 90.32068961007255 1
1678280047148 88.84934561593192 1
1678280047707 87.40092359270368 1
1678280048266 85.95824432373047 1
1678280048857 84.51406751360211 1
1678280049440 83.04912458147321 1
1678280050001 81.54052189418248 1
1678280050560 79.94064767020089 1
1678280051119 78.15851211547852 1
1678280051750 76.02683476039341 1
1678280052311 73.63705771309989 1
1678280052871 71.62862832205636 1
1678280053440 70.03651918683734 1
1678280054041 68.39597756522042 1
1678280054614 66.7830058506557 1
1678280055174 65.15694645472935 1
1678280055733 63.616990770612446 1
1678280056292 62.04348155430385 1
1678280056851 60.50530787876674 1
1678280057410 58.958448682512554 1
1678280057968 57.45041874476841 1
1678280058539 55.9674072265625 1
1678280059131 54.53089959280832 1
1678280059701 53.1469601222447 1
1678280060260 51.82317515781948 1
1678280060819 50.57029288155692 1
1678280061379 49.39034652709961 1
1678280061938 48.30053383963449 1
1678280062496 47.29525538853237 1
1678280063054 46.38014657156808 1
1678280063631 45.55430657523019 1
1678280064228 44.80989728655134 1
1678280064871 44.15228271484375 1
1678280065431 43.56700243268694 1
1678280065990 43.055812563214985 1
1678280066549 42.60520989554269 1
1678280067108 42.20662498474121 1
1678280067667 41.85353306361607 1
1678280068226 41.5501902444022 1
1678280068811 41.28765869140625 1
1678280069394 41.06129482814244 1
1678280069965 40.865224838256836 1
1678280070535 40.6857784816197 1
1678280071103 40.529261997767854 1
1678280071663 40.388862882341655 1
1678280072223 40.26528140476772 1
1678280072783 40.154249463762554 1
1678280073342 40.05231067112514 1
1678280073930 39.957801818847656 1
1678280074511 39.864173889160156 1
1678280075079 39.76612309047154 1
1678280075638 39.686648505074636 1
1678280076197 39.615307671683176 1
1678280076756 39.54568753923689 1
1678280077315 39.482456479753765 1
1678280077966 39.41660417829241 1
1678280078537 39.362313406808035 1
1678280079127 39.30537033081055 1
1678280079693 39.249682017735076 1
1678280080252 39.19496127537319 1
1678280080811 39.131296157836914 1
1678280081370 39.07726560320173 1
1678280081929 39.02184077671596 1
1678280082487 38.967751911708284 1
1678280083045 38.921295438494 1
1678280083617 38.87367630004883 1
1678280084205 38.82960183279855 1
1678280084770 38.787139892578125 1
1678280085329 38.73842702593122 1
1678280085888 38.697041920253206 1
1678280086447 38.65524019513811 1
1678280087005 38.612913949149 1
1678280087564 38.574125562395366 1
1678280088122 38.53675379071917 1
1678280088697 38.50000735691616 1
1678280089285 38.46335356576102 1
1678280089848 38.429655347551616 1
1678280090406 38.39533942086356 1
1678280090965 38.360225677490234 1
1678280091523 38.32816232953753 1
1678280092082 38.29377365112305 1
1678280092641 38.26093264988491 1
1678280093200 38.22978237697056 1
1678280093779 38.198323658534456 1
1678280094367 38.16422462463379 1
1678280094947 38.133840560913086 1
1678280095508 38.1003783089774 1
1678280096071 38.06842640468052 1
1678280096638 38.03811127798898 1
