1678282337133 160.4701457895896 1
1678282337888 160.4701457895896 1
1678282338517 160.4701457895896 1
1678282339132 160.4701457895896 1
1678282339741 160.4701457895896 1
1678282340350 160.4701457895896 1
1678282340959 160.4701457895896 1
1678282341569 160.4701457895896 1
1678282342188 160.4701457895896 1
1678282342831 160.4701457895896 1
1678282343455 160.4701457895896 1
1678282344065 160.4701457895896 1
1678282344674 160.4701457895896 1
1678282345283 160.4701457895896 1
1678282345892 160.4701457895896 1
1678282346501 160.4701457895896 1
1678282347116 160.4701457895896 1
1678282347761 160.4701457895896 1
1678282348389 160.4701457895896 1
