1678282337136 0.9999999914850507 1
1678282337890 0.9999999914850507 1
1678282338519 0.9999999914850507 1
1678282339134 0.9999999914850507 1
1678282339743 0.9999999914850507 1
1678282340352 0.9999999914850507 1
1678282340961 0.9999999914850507 1
1678282341571 0.9999999914850507 1
1678282342190 0.9999999914850507 1
1678282342833 0.9999999914850507 1
1678282343457 0.9999999914850507 1
1678282344067 0.9999999914850507 1
1678282344676 0.9999999914850507 1
1678282345285 0.9999999914850507 1
1678282345894 0.9999999914850507 1
1678282346503 0.9999999914850507 1
1678282347119 0.9999999914850507 1
1678282347763 0.9999999914850507 1
1678282348391 0.9999999914850507 1
