1678282337130 25750.66768973214 1
1678282337885 25750.66768973214 1
1678282338515 25750.66768973214 1
1678282339129 25750.66768973214 1
1678282339739 25750.66768973214 1
1678282340348 25750.66768973214 1
1678282340957 25750.66768973214 1
1678282341567 25750.66768973214 1
1678282342185 25750.66768973214 1
1678282342829 25750.66768973214 1
1678282343452 25750.66768973214 1
1678282344063 25750.66768973214 1
1678282344672 25750.66768973214 1
1678282345281 25750.66768973214 1
1678282345890 25750.66768973214 1
1678282346499 25750.66768973214 1
1678282347114 25750.66768973214 1
1678282347759 25750.66768973214 1
1678282348387 25750.66768973214 1
