1678233480109 1.790612456630388 1
1678233480671 1.6777884155685263 1
1678233481229 1.5450475778365755 1
1678233481804 1.3880426055310313 1
1678233482382 1.2023410472380938 1
1678233482944 0.9849912310535682 1
1678233483502 0.7373569408656457 1
1678233484064 0.47219562942606086 1
1678233484632 0.22758592863193286 1
1678233485196 0.11640002876611315 1
1678233485753 0.15876918689112632 1
1678233486314 0.15617633769176623 1
1678233486882 0.12150216338153563 1
1678233487452 0.10399671538661188 1
1678233488089 0.1051900836718989 1
1678233488651 0.10553954885450659 1
1678233489210 0.10280995300788828 1
1678233489767 0.10095815859781594 1
1678233490324 0.10042826818550744 1
1678233490880 0.0999488515356266 1
1678233491438 0.09928255869476604 1
1678233492010 0.09867946709727846 1
1678233492579 0.09813746824789639 1
1678233493137 0.09757542671557666 1
1678233493694 0.09699781071290924 1
1678233494250 0.09642447085522098 1
1678233494806 0.09585400947358147 1
1678233495362 0.09528276968930731 1
1678233495918 0.09471128948780225 1
1678233496477 0.09413947969349362 1
1678233497049 0.093566629695402 1
1678233497618 0.09299415347779719 1
1678233498176 0.09242267123228198 1
1678233498733 0.09185282037264171 1
1678233499290 0.09128496594346011 1
1678233499848 0.09071789480740367 1
1678233500405 0.09015239985972526 1
1678233500962 0.08958957314476393 1
1678233501522 0.08903003351236159 1
1678233502094 0.08847441100744007 1
1678233502658 0.08792304546101344 1
1678233503215 0.08737603421021145 1
1678233503771 0.08683344958602175 1
1678233504327 0.08629564026707315 1
1678233504883 0.08576307112255527 1
1678233505441 0.08523513327884778 1
1678233505997 0.08471108720053797 1
1678233506557 0.08419217575596119 1
1678233507128 0.08367878503469373 1
1678233507695 0.08317064454663294 1
1678233508258 0.08266663157190388 1
1678233508822 0.08216807897445652 1
1678233509378 0.08167548502800205 1
1678233509935 0.08118746120475447 1
1678233510491 0.08070488172058554 1
1678233511048 0.08022816819865684 1
1678233511613 0.07975771857935215 1
1678233512193 0.07929336540420577 1
1678233512759 0.0788351535357428 1
1678233513316 0.07838272474417946 1
1678233513966 0.07793640764355127 1
1678233514525 0.07749659196014555 1
1678233515083 0.07706321420533067 1
1678233515641 0.07663648081821828 1
1678233516198 0.07621664349055819 1
1678233516765 0.07580316608350829 1
1678233517337 0.0753962220522144 1
1678233517905 0.0749954946405071 1
1678233518473 0.07459998966060402 1
1678233519040 0.07421090261124265 1
1678233519597 0.07382831446413568 1
1678233520153 0.07345261273353414 1
1678233520709 0.07308352496634858 1
1678233521265 0.07272141028958777 1
1678233521834 0.07236577563438853 1
1678233522405 0.07201648676345739 1
1678233522968 0.0716733327181729 1
1678233523525 0.0713361772917285 1
1678233524081 0.07100506986460962 1
1678233524637 0.07067986766697833 1
1678233525193 0.07036031694121482 1
1678233525749 0.07004630390601616 1
1678233526305 0.06973776051930612 1
1678233526873 0.06943289072540423 1
1678233527445 0.06913122999617609 1
1678233528009 0.06883390317290142 1
1678233528572 0.0685412371990601 1
1678233529132 0.06825347307191262 1
1678233529689 0.06797032193932778 1
1678233530246 0.06769104910979959 1
1678233530802 0.06741627337241046 1
1678233531358 0.0671460382953398 1
1678233531929 0.06688028726889235 1
1678233532499 0.06661865455936553 1
1678233533059 0.06636118586954672 1
1678233533615 0.06610788004108024 1
1678233534170 0.06585858233244232 1
1678233534726 0.06561316024322625 1
1678233535282 0.06537145288316575 1
1678233535838 0.06513324193321511 1
1678233536393 0.0648981159040659 1
1678233536965 0.0646660168902892 1
1678233537535 0.06443707387017723 1
1678233538175 0.0642111519919573 1
1678233538745 0.06398847116539977 1
1678233539313 0.06376891538539169 1
1678233539879 0.06355216454927588 1
1678233540443 0.06333773675175618 1
1678233541005 0.06312583402449601 1
1678233541573 0.06291629632035876 1
1678233542151 0.06270899962777872 1
1678233542713 0.06250397262975685 1
1678233543270 0.062301120280104816 1
1678233543835 0.06210025767990041 1
1678233544403 0.06190136389882815 1
1678233544970 0.06170432725663556 1
1678233545527 0.061509087731558984 1
1678233546083 0.061315369559490594 1
1678233546645 0.06112297715462649 1
1678233547218 0.06093207510268964 1
1678233547778 0.06074265089765074 1
1678233548334 0.060554676662963464 1
1678233548891 0.06036766620441881 1
1678233549450 0.06018106697542343 1
1678233550007 0.0599950155931407 1
1678233550563 0.05981002685585112 1
1678233551119 0.05962602418959652 1
1678233551681 0.05944306263469869 1
1678233552250 0.059261202629004514 1
1678233552808 0.05908041127628829 1
1678233553363 0.05890063375824435 1
1678233553920 0.05872175987073833 1
1678233554477 0.0585437782954937 1
1678233555034 0.05836668522817417 1
1678233555590 0.0581903273044249 1
1678233556145 0.058014500243015237 1
1678233556707 0.057839276455832644 1
1678233557276 0.05766443619780597 1
1678233557840 0.05749017562896534 1
1678233558396 0.05731642981869688 1
1678233558952 0.0571430355340917 1
1678233559507 0.05696999248181117 1
1678233560062 0.05679736331232051 1
1678233560618 0.05662507133731646 1
1678233561174 0.05645309342521127 1
1678233561738 0.05628145698093021 1
1678233562311 0.056110166916409174 1
1678233562893 0.05593919668351147 1
1678233563450 0.05576839594342478 1
1678233564078 0.05559728017569296 1
1678233564635 0.05542562742254081 1
1678233565192 0.055254061143963626 1
1678233565748 0.055082760584858274 1
1678233566304 0.05491170036855768 1
1678233566879 0.05474080497310886 1
1678233567454 0.054570103375371305 1
1678233568010 0.05439954756818043 1
1678233568567 0.05422918124834466 1
1678233569124 0.05405890837747702 1
1678233569680 0.05388820612266026 1
1678233570236 0.05371746698547126 1
1678233570792 0.05354672042918271 1
1678233571348 0.05337600751083395 1
1678233571920 0.0532052626004328 1
1678233572494 0.05303425584507869 1
1678233573053 0.052863151442032186 1
1678233573609 0.05269209520425197 1
1678233574170 0.05252096157581532 1
1678233574738 0.05234978283703104 1
1678233575305 0.05217865320601586 1
1678233575872 0.052007577964169396 1
1678233576440 0.05183640653849965 1
1678233577014 0.05166450254796335 1
1678233577580 0.05149141681922135 1
1678233578137 0.05131740411032926 1
1678233578693 0.05114318027915527 1
1678233579248 0.0509685540733663 1
1678233579804 0.050793310484689665 1
1678233580359 0.0506180179095309 1
1678233580915 0.05044277474596674 1
1678233581470 0.05026653636166911 1
1678233582041 0.05008763941752917 1
1678233582607 0.049906272429597616 1
1678233583164 0.04972603040285718 1
1678233583720 0.04954444857353561 1
1678233584276 0.04936065132392193 1
1678233584832 0.04917549582535635 1
1678233585388 0.04898439469057853 1
1678233585943 0.04879136200186858 1
1678233586498 0.04859170780421349 1
1678233587071 0.04838646478418797 1
1678233587634 0.04818501075091584 1
1678233588190 0.04799179286707599 1
1678233588746 0.04779993196826105 1
1678233589393 0.047605284269082504 1
1678233589952 0.047408709103171805 1
1678233590508 0.0472099150194463 1
1678233591064 0.04701159169730475 1
1678233591624 0.04681513964777022 1
1678233592195 0.046611705632470884 1
1678233592759 0.046410687786241085 1
1678233593314 0.04621080046424867 1
1678233593870 0.046009009342472554 1
1678233594425 0.045809508905920185 1
1678233594980 0.045606783869508574 1
1678233595536 0.04539375624304078 1
1678233596091 0.04517951030989288 1
1678233596653 0.044963715560552654 1
1678233597234 0.04475104182793579 1
1678233597798 0.044528649533261466 1
1678233598355 0.044303880998539664 1
1678233598911 0.044076341043805485 1
1678233599467 0.04384918465864939 1
1678233600024 0.04360375598047285 1
1678233600580 0.043365458189998936 1
1678233601137 0.04313585412875815 1
1678233601699 0.04289657821889163 1
1678233602279 0.04264192599118723 1
1678233602842 0.04238679714413594 1
1678233603398 0.04214043445433956 1
1678233603956 0.04190735311113908 1
1678233604514 0.04168357727258766 1
1678233605073 0.041469390726167725 1
1678233605631 0.04126009574171198 1
1678233606188 0.041055182597483274 1
1678233606753 0.04084991432393476 1
1678233607333 0.0406396439658163 1
1678233607893 0.04043320907205144 1
1678233608449 0.04023359245201953 1
1678233609005 0.04003193277586566 1
1678233609560 0.03983202474234366 1
1678233610116 0.03963437320859697 1
1678233610672 0.03943528530104516 1
1678233611228 0.03923619748071253 1
1678233611794 0.03903823997523743 1
1678233612375 0.03884023181272103 1
1678233612933 0.038642254847025374 1
1678233613489 0.0384433561121118 1
1678233614118 0.038244440301697345 1
1678233614676 0.03804574516345719 1
1678233615233 0.0378483461171008 1
1678233615790 0.037652057497063386 1
1678233616346 0.03745758805792363 1
1678233616919 0.03726364570228526 1
1678233617498 0.03707093496753266 1
1678233618070 0.03687914168262944 1
1678233618628 0.03668775304537384 1
1678233619186 0.036496979906384217 1
1678233619745 0.03630655289299861 1
1678233620302 0.036115342735071325 1
1678233620860 0.03592486127819287 1
1678233621421 0.0357374512365613 1
1678233621996 0.035553021316923554 1
1678233622572 0.035371770235420236 1
1678233623130 0.03518916403009306 1
1678233623688 0.03500442667962432 1
1678233624245 0.03481848469257313 1
1678233624801 0.03461566645706751 1
1678233625358 0.03439187668113003 1
1678233625915 0.03415902325669771 1
1678233626472 0.03392864232525329 1
1678233627048 0.03369473345638748 1
1678233627624 0.033452470153729014 1
1678233628183 0.03321710022464652 1
1678233628740 0.03298858519306593 1
1678233629298 0.03276692281016958 1
1678233629855 0.0325454211797242 1
1678233630412 0.03233236188994698 1
1678233630969 0.032129340136791425 1
1678233631526 0.031935153025684164 1
1678233632105 0.03175053504043248 1
1678233632679 0.03157439269944815 1
1678233633236 0.031403983219006205 1
1678233633793 0.031239702798512053 1
1678233634354 0.031080755048082557 1
1678233634913 0.030924059585961148 1
1678233635470 0.03077042452676739 1
1678233636027 0.030618596593094828 1
1678233636584 0.030468224672227033 1
1678233637166 0.030319601258478376 1
1678233637739 0.0301729457929984 1
1678233638303 0.030027584559881117 1
1678233638865 0.029883509315252306 1
1678233639423 0.02974046362518588 1
1678233640075 0.029597960092549676 1
1678233640635 0.02945607814849041 1
1678233641194 0.029315106219989964 1
1678233641760 0.029174983821531008 1
1678233642341 0.0290353141491675 1
1678233642906 0.02889600477523694 1
1678233643465 0.028756958428719337 1
1678233644024 0.028618669118866014 1
1678233644581 0.028480688176914088 1
1678233645139 0.028343598653254375 1
1678233645697 0.028207429463789097 1
1678233646254 0.028071877939016433 1
1678233646820 0.027937005306947087 1
1678233647401 0.02780294526810859 1
1678233647966 0.027669598289630396 1
1678233648523 0.027536999492082603 1
