1678233480113 0.5967013239860535 1
1678233480673 0.5590096201215472 1
1678233481231 0.5146342090197972 1
1678233481805 0.46209858996527536 1
1678233482383 0.3998699741704123 1
1678233482946 0.32684596947261263 1
1678233483504 0.24322144474302018 1
1678233484066 0.15254494441407068 1
1678233484634 0.06464722752571106 1
1678233485198 0.029392759714807783 1
1678233485755 0.0468102576477187 1
1678233486316 0.04580469163400786 1
1678233486884 0.03304660852466311 1
1678233487454 0.0260710958391428 1
1678233488091 0.025063213227050646 1
1678233488653 0.024862983663167273 1
1678233489212 0.024834461510181427 1
1678233489769 0.02504209562071732 1
1678233490326 0.02520604937204293 1
1678233490882 0.025143986301762716 1
1678233491440 0.02491118386387825 1
1678233492012 0.024661248283726827 1
1678233492581 0.02447523575808321 1
1678233493139 0.024347017386129925 1
1678233493696 0.024251074397138188 1
1678233494252 0.024152763986161778 1
1678233494808 0.024034980684518814 1
1678233495364 0.023900306916662624 1
1678233495920 0.02376031263598374 1
1678233496479 0.0236235825078828 1
1678233497051 0.02349156859729971 1
1678233497620 0.023361977988055775 1
1678233498178 0.023231451798762594 1
1678233498735 0.023098715181861604 1
1678233499292 0.022965457290410995 1
1678233499850 0.022832075133919716 1
1678233500407 0.02269979060760566 1
1678233500964 0.022567945665546825 1
1678233501523 0.022436792829207013 1
1678233502096 0.02230617936168398 1
1678233502660 0.02217597753873893 1
1678233503217 0.02204589013542448 1
1678233503773 0.021916231672678674 1
1678233504329 0.021787566798073903 1
1678233504885 0.02165966880108629 1
1678233505443 0.02153200070772852 1
1678233505998 0.021406338417104313 1
1678233506558 0.021284499604787146 1
1678233507130 0.02116505296102592 1
1678233507697 0.021046033395188197 1
1678233508260 0.020926967529313906 1
1678233508824 0.02080866588013513 1
1678233509380 0.020690952028547014 1
1678233509937 0.020573616826108525 1
1678233510493 0.020456852923546518 1
1678233511050 0.020340654200741222 1
1678233511614 0.020226864410298213 1
1678233512195 0.02011450832443578 1
1678233512761 0.020003698766231537 1
1678233513317 0.019893326397453035 1
1678233513968 0.019783683653388704 1
1678233514527 0.0196756049990654 1
1678233515085 0.01956839194255216 1
1678233515643 0.019461933257324354 1
1678233516200 0.01935715414583683 1
1678233516767 0.019253325249467577 1
1678233517339 0.019150458808456148 1
1678233517907 0.019048291923744336 1
1678233518475 0.018947260986481394 1
1678233519041 0.01884829598878111 1
1678233519598 0.018750077645693506 1
1678233520155 0.018652905044811114 1
1678233520711 0.018557147522057806 1
1678233521267 0.01846354268491268 1
1678233521836 0.018370733729430606 1
1678233522407 0.01827931510550635 1
1678233522969 0.0181894845196179 1
1678233523526 0.018100967896836146 1
1678233524082 0.018013724791152135 1
1678233524639 0.0179274891104017 1
1678233525195 0.017842488097293035 1
1678233525751 0.017759863287210464 1
1678233526306 0.017678300317909037 1
1678233526875 0.01759731929217066 1
1678233527446 0.017517495235162123 1
1678233528011 0.017439734456794604 1
1678233528574 0.01736348002616848 1
1678233529134 0.017288687771984508 1
1678233529691 0.017214964676116194 1
1678233530248 0.017141849467796937 1
1678233530804 0.017069517634809017 1
1678233531360 0.016998401044734886 1
1678233531931 0.016928890720009804 1
1678233532501 0.016860127582081726 1
1678233533060 0.01679263955780438 1
1678233533616 0.0167277581723673 1
1678233534172 0.01666436038379158 1
1678233534728 0.016601772978901863 1
1678233535283 0.01653998132262911 1
1678233535840 0.016478661314717362 1
1678233536395 0.016417749226093292 1
1678233536967 0.016357698876942908 1
1678233537537 0.01629874895193747 1
1678233538177 0.016240369262439863 1
1678233538746 0.016182586417666504 1
1678233539315 0.01612540228026254 1
1678233539880 0.01606863218226603 1
1678233540445 0.016012749368590967 1
1678233541007 0.015958031905548915 1
1678233541574 0.015904005483857224 1
1678233542153 0.015850644425622056 1
1678233542715 0.015797879812972888 1
1678233543272 0.01574592917625393 1
1678233543837 0.01569467663232769 1
1678233544405 0.01564402346100126 1
1678233544972 0.015594101910080229 1
1678233545529 0.015544557544801916 1
1678233546085 0.015495204233697482 1
1678233546647 0.01544630607323987 1
1678233547220 0.015397947547691209 1
1678233547779 0.015349885847951685 1
1678233548336 0.015302242445094245 1
1678233548892 0.01525515251393829 1
1678233549451 0.015208141612155097 1
1678233550008 0.015161089466086455 1
1678233550565 0.01511427094893796 1
1678233551121 0.015067646146884986 1
1678233551682 0.015021087069596564 1
1678233552252 0.014974884688854218 1
1678233552810 0.01492919706340347 1
1678233553365 0.01488414779305458 1
1678233553922 0.014839374327233859 1
1678233554479 0.0147951337109719 1
1678233555036 0.014751114749482699 1
1678233555592 0.014707258104213647 1
1678233556147 0.014663782236831529 1
1678233556709 0.0146204446043287 1
1678233557285 0.014577109233609267 1
1678233557842 0.014533802467797483 1
1678233558397 0.014490747292126929 1
1678233558953 0.0144477728754282 1
1678233559509 0.014404728875628539 1
1678233560064 0.01436191624296563 1
1678233560620 0.014319309964776039 1
1678233561176 0.01427672164780753 1
1678233561739 0.014234076919300216 1
1678233562336 0.014191469310649804 1
1678233562895 0.014148895495704241 1
1678233563451 0.014106418272214276 1
1678233564080 0.014063968855355467 1
1678233564637 0.014021317740636212 1
1678233565194 0.013978669020746435 1
1678233565749 0.013936220668256283 1
1678233566306 0.01389389338770083 1
1678233566881 0.013851656578481197 1
1678233567455 0.013809524875666414 1
1678233568012 0.013767433219722338 1
1678233568569 0.013725647702813148 1
1678233569126 0.013683874160051346 1
1678233569682 0.01364184610013451 1
1678233570238 0.013599800744227 1
1678233570794 0.013557783727134978 1
1678233571350 0.013515719478683812 1
1678233571922 0.013473605204905783 1
1678233572496 0.013431416691413947 1
1678233573055 0.013389153539070062 1
1678233573611 0.013346861781818526 1
1678233574172 0.013304507892046655 1
1678233574740 0.013262105307408742 1
1678233575307 0.013219652032213551 1
1678233575874 0.013177170950387205 1
1678233576442 0.013134691465113844 1
1678233577015 0.013091985269316606 1
1678233577581 0.013048955372401647 1
1678233578139 0.013005668563502175 1
1678233578695 0.012962297004248415 1
1678233579250 0.012918722017535142 1
1678233579805 0.012874894243265902 1
1678233580361 0.012831030413508415 1
1678233580916 0.012787178957036563 1
1678233581472 0.012742978919829642 1
1678233582043 0.01269812642463616 1
1678233582609 0.012652784319860595 1
1678233583166 0.01260743010789156 1
1678233583722 0.012561623805335589 1
1678233584278 0.012514724795307432 1
1678233584834 0.012467374626014913 1
1678233585389 0.012419157262359346 1
1678233585945 0.012370573622839791 1
1678233586500 0.01232051889279059 1
1678233587072 0.012269181199371815 1
1678233587636 0.012218496629170008 1
1678233588192 0.012168489130479949 1
1678233588747 0.01211832822965724 1
1678233589395 0.012067437038889952 1
1678233589953 0.012016210305903639 1
1678233590510 0.011964733047144753 1
1678233591066 0.011913422362080641 1
1678233591625 0.01186196758810963 1
1678233592197 0.011808999281908785 1
1678233592760 0.011756621567266328 1
1678233593316 0.011703901791146823 1
1678233593872 0.011652448081544467 1
1678233594427 0.0116011058645589 1
1678233594982 0.01154718135616609 1
1678233595537 0.011490305353488241 1
1678233596093 0.011431011371314526 1
1678233596655 0.011371593656284469 1
1678233597236 0.011316218546458654 1
1678233597800 0.011261660073484694 1
1678233598357 0.011202860490552016 1
1678233598913 0.011144386737474374 1
1678233599469 0.011084658892026969 1
1678233600026 0.01102572919002601 1
1678233600582 0.010971953028014727 1
1678233601138 0.010914230453116553 1
1678233601701 0.010861042753926345 1
1678233602281 0.010801336728036404 1
1678233602843 0.010736771593136447 1
1678233603400 0.010674398392438889 1
1678233603958 0.010615795717707701 1
1678233604516 0.010558368904250008 1
1678233605075 0.010503840100552355 1
1678233605633 0.010449502351028579 1
1678233606190 0.010397025384008884 1
1678233606755 0.010345002503267356 1
1678233607335 0.010292258113622665 1
1678233607895 0.01023856084793806 1
1678233608451 0.010186712656702315 1
1678233609006 0.010135534086397715 1
1678233609562 0.010083473553614957 1
1678233610118 0.010032548569142818 1
1678233610674 0.009981766609208924 1
1678233611230 0.009930433838495187 1
1678233611796 0.009879281877407007 1
1678233612377 0.009828286777649606 1
1678233612935 0.009777408359306199 1
1678233613491 0.009726288462323802 1
1678233614120 0.009675086608954839 1
1678233614678 0.00962382129260472 1
1678233615235 0.009573005405919892 1
1678233615792 0.00952243192919663 1
1678233616348 0.009472317195364408 1
1678233616920 0.009422638187451022 1
1678233617499 0.00937276573053428 1
1678233618072 0.009323953384799617 1
1678233618630 0.0092753122693726 1
1678233619188 0.00922688961561237 1
1678233619746 0.009178132084863526 1
1678233620304 0.00912914824272905 1
1678233620862 0.009080081113747187 1
1678233621423 0.009032371853079115 1
1678233621997 0.008984970993229322 1
1678233622574 0.008937111789626735 1
1678233623132 0.008889140827315194 1
1678233623689 0.008839407004415989 1
1678233624246 0.008788331744394131 1
1678233624803 0.008731921003865344 1
1678233625360 0.008672270657760757 1
1678233625917 0.008614486349480492 1
1678233626473 0.008556985562401158 1
1678233627050 0.008498237002640963 1
1678233627626 0.008439323731831141 1
1678233628184 0.008379806697900807 1
1678233628742 0.008319986119334186 1
1678233629300 0.008261415641754866 1
1678233629857 0.008204056149614709 1
1678233630413 0.008146984369627066 1
1678233630971 0.008092836543385471 1
1678233631528 0.008039624563285283 1
1678233632106 0.007988709357700177 1
1678233632680 0.007940451082374369 1
1678233633238 0.007894173197980438 1
1678233633795 0.007849344784127814 1
1678233634355 0.007806015733097281 1
1678233634915 0.007763511634298733 1
1678233635472 0.007722034518207822 1
1678233636029 0.007681162096560001 1
1678233636586 0.007640714424529246 1
1678233637168 0.007600579876452684 1
1678233637740 0.00756115752405354 1
1678233638305 0.007522287046802896 1
1678233638867 0.007483676674642733 1
1678233639425 0.007445616514555046 1
1678233640077 0.007407688203134707 1
1678233640637 0.007369755966854947 1
1678233641196 0.007332160536731992 1
1678233641761 0.007294711390776294 1
1678233642343 0.007257411722093821 1
1678233642907 0.007220294326543808 1
1678233643467 0.007183297271175044 1
1678233644025 0.007146537370447602 1
1678233644583 0.0071100242036793914 1
1678233645141 0.007073791897190469 1
1678233645698 0.007037878768252475 1
1678233646256 0.007002020653869424 1
1678233646822 0.006966402088957173 1
1678233647403 0.006931224039622715 1
1678233647967 0.00689643867579954 1
1678233648525 0.00686195506049054 1
