1678233480106 3.2062929698399136 1
1678233480669 2.8149739674159457 1
1678233481227 2.3871720177786693 1
1678233481802 1.9266622747693742 1
1678233482380 1.4456239938735962 1
1678233482942 0.9702077252524239 1
1678233483500 0.5436952582427433 1
1678233484062 0.2229687124490738 1
1678233484630 0.05179535491125924 1
1678233485195 0.01354896669675197 1
1678233485751 0.0252076547060694 1
1678233486312 0.024391048454812596 1
1678233486880 0.014762775706393378 1
1678233487450 0.010815316811203957 1
1678233488087 0.01106495370290109 1
1678233488650 0.011138596372412784 1
1678233489208 0.010569886437484197 1
1678233489765 0.010192549787461758 1
1678233490322 0.010085837050740207 1
1678233490879 0.00998977292329073 1
1678233491436 0.009857026460979666 1
1678233492008 0.00973763722660286 1
1678233492577 0.009630962674106871 1
1678233493136 0.009520963898726873 1
1678233493692 0.009408575283097369 1
1678233494248 0.009297678579709359 1
1678233494804 0.009187991132161446 1
1678233495361 0.009078806199665581 1
1678233495917 0.00897022835644228 1
1678233496475 0.008862241636961699 1
1678233497047 0.008754714192556483 1
1678233497616 0.0086479125810521 1
1678233498174 0.008541950157710485 1
1678233498731 0.008436940610408783 1
1678233499289 0.008332945007298673 1
1678233499846 0.008229736438287156 1
1678233500403 0.00812745520046779 1
1678233500960 0.008026291616261005 1
1678233501520 0.007926346867212228 1
1678233502092 0.007827721403113433 1
1678233502656 0.007730461923139436 1
1678233503213 0.0076345713543040416 1
1678233503769 0.007540047967008182 1
1678233504325 0.007446937529104096 1
1678233504881 0.007355304368372474 1
1678233505439 0.007265027945062944 1
1678233505995 0.007175968294697148 1
1678233506555 0.00708832245852266 1
1678233507126 0.007002139064882483 1
1678233507693 0.006917356114302363 1
1678233508256 0.006833771975444896 1
1678233508820 0.006751593202352524 1
1678233509377 0.006670884854559388 1
1678233509933 0.006591403856873512 1
1678233510489 0.006513277933533702 1
1678233511045 0.006436558972511973 1
1678233511611 0.006361293672983136 1
1678233512191 0.006287437797124896 1
1678233512757 0.006214981433004141 1
1678233513314 0.006143851538321802 1
1678233513964 0.006074083636381796 1
1678233514523 0.006005721765437296 1
1678233515081 0.0059387389836566785 1
1678233515639 0.0058731501922011375 1
1678233516196 0.005808976744966847 1
1678233516763 0.005746119988283941 1
1678233517335 0.00568459029974682 1
1678233517903 0.005624324216374329 1
1678233518472 0.005565158457362226 1
1678233519038 0.005507258066375341 1
1678233519595 0.005450620016615305 1
1678233520151 0.00539528631738254 1
1678233520707 0.005341201621506896 1
1678233521263 0.005288403514506561 1
1678233521832 0.005236805483166661 1
1678233522403 0.005186374365751233 1
1678233522966 0.005137066622929913 1
1678233523523 0.005088850190596921 1
1678233524079 0.005041719946478095 1
1678233524635 0.0049956436934215686 1
1678233525191 0.004950574200068202 1
1678233525747 0.004906484690893974 1
1678233526303 0.004863355242248092 1
1678233526872 0.004820926314485925 1
1678233527443 0.004779126960784197 1
1678233528007 0.0047381062260163686 1
1678233528570 0.004697901196777821 1
1678233529131 0.004658536586378302 1
1678233529687 0.004619964664535863 1
1678233530244 0.0045820781295853 1
1678233530800 0.004544953915423581 1
1678233531357 0.00450859045875924 1
1678233531927 0.004472972825169563 1
1678233532497 0.004438045135300074 1
1678233533057 0.0044038069900125265 1
1678233533613 0.0043702518035258564 1
1678233534168 0.004337352866839085 1
1678233534724 0.004305086797103286 1
1678233535280 0.004273426852055958 1
1678233535836 0.004242339204730732 1
1678233536391 0.004211765447897571 1
1678233536963 0.004181693740455168 1
1678233537534 0.004152136488950678 1
1678233538173 0.0041230720401342425 1
1678233538743 0.004094524442085198 1
1678233539312 0.004066474569429245 1
1678233539877 0.004038877618898239 1
1678233540441 0.004011668896834765 1
1678233541003 0.003984870921288218 1
1678233541571 0.00395846034267119 1
1678233542149 0.003932418634316751 1
1678233542712 0.003906746594501393 1
1678233543268 0.0038814295881560872 1
1678233543833 0.0038564420039100306 1
1678233544402 0.0038317788525351454 1
1678233544968 0.0038074240021939787 1
1678233545525 0.00378336787356862 1
1678233546082 0.0037595745442169054 1
1678233546643 0.0037360183362449917 1
1678233547216 0.0037127177763198104 1
1678233547776 0.0036896696380738702 1
1678233548332 0.0036668688657560517 1
1678233548889 0.0036442551229681286 1
1678233549448 0.0036217608223004 1
1678233550005 0.003599401896021196 1
1678233550561 0.0035772393124976327 1
1678233551117 0.0035552627606583492 1
1678233551679 0.003533477695392711 1
1678233552248 0.003511890137035932 1
1678233552806 0.0034904949965753724 1
1678233553361 0.0034692846571228336 1
1678233553918 0.003448245082316654 1
1678233554476 0.0034273739771119188 1
1678233555032 0.003406669944524765 1
1678233555588 0.0033861141917960985 1
1678233556144 0.003365682238446815 1
1678233556705 0.003345381900934236 1
1678233557274 0.003325187202010836 1
1678233557839 0.0033051202938492808 1
1678233558394 0.003285173127161605 1
1678233558950 0.003265326510050467 1
1678233559505 0.003245580043377621 1
1678233560060 0.003225940479231732 1
1678233560616 0.003206398703956178 1
1678233561172 0.0031869517572756323 1
1678233561736 0.003167602399896298 1
1678233562309 0.0031483508313872983 1
1678233562891 0.0031291937255965812 1
1678233563448 0.003110113986102598 1
1678233564076 0.003091057562934501 1
1678233564633 0.0030720001751823084 1
1678233565190 0.0030530112729008707 1
1678233565746 0.0030341105136488166 1
1678233566302 0.0030152948373662575 1
1678233566876 0.0029965557291039397 1
1678233567452 0.002977896182398711 1
1678233568009 0.0029593107756227255 1
1678233568565 0.0029408040988658157 1
1678233569122 0.002922365574964455 1
1678233569678 0.0029039387591183186 1
1678233570234 0.0028855662593351944 1
1678233570790 0.0028672512687210527 1
1678233571346 0.0028489981777966022 1
1678233571918 0.002830799968381013 1
1678233572492 0.0028126322930412634 1
1678233573052 0.0027945127803832293 1
1678233573608 0.0027764568970139536 1
1678233574168 0.002758451404848269 1
1678233574736 0.0027404997630843093 1
1678233575303 0.0027226118503936698 1
1678233575871 0.0027047881656991585 1
1678233576438 0.002687013042824609 1
1678233577012 0.0026692208235285114 1
1678233577578 0.002651366006050791 1
1678233578136 0.0026334759646228383 1
1678233578691 0.0026156248890661766 1
1678233579247 0.0025977935043296646 1
1678233579802 0.002579960389994085 1
1678233580357 0.002562183737089591 1
1678233580913 0.0025444735240723404 1
1678233581468 0.0025267246777990033 1
1678233582039 0.0025087716224204215 1
1678233582605 0.002490636027817215 1
1678233583162 0.002472678099625877 1
1678233583719 0.002454652384455715 1
1678233584275 0.0024364738991217954 1
1678233584830 0.00241822938966964 1
1678233585386 0.0023994709232023786 1
1678233585941 0.0023805970059973852 1
1678233586496 0.0023611540673300624 1
1678233587069 0.0023412499743114623 1
1678233587633 0.002321795261065875 1
1678233588188 0.002303212182596326 1
1678233588744 0.0022848334961703847 1
1678233589391 0.0022662630903401543 1
1678233589950 0.0022475856988291654 1
1678233590506 0.0022287760761433412 1
1678233591063 0.0022100897539140923 1
1678233591622 0.0021916573002402273 1
1678233592194 0.0021726511019681182 1
1678233592757 0.0021539519407919477 1
1678233593313 0.002135438079546605 1
1678233593868 0.002116828940675727 1
1678233594423 0.0020985111062015805 1
1678233594979 0.0020799787349200676 1
1678233595534 0.002060593105852604 1
1678233596089 0.002041188151841717 1
1678233596651 0.002021735717010285 1
1678233597232 0.0020026557446856585 1
1678233597796 0.001982800629256027 1
1678233598353 0.0019628338715327637 1
1678233598910 0.001942723839809852 1
1678233599466 0.001922750995228333 1
1678233600022 0.0019012875356046216 1
1678233600578 0.0018805629640285457 1
1678233601135 0.0018607019114175013 1
1678233601697 0.0018401164228894881 1
1678233602278 0.0018183338522378887 1
1678233602840 0.0017966405721381307 1
1678233603397 0.001775816216000489 1
1678233603954 0.0017562262447816984 1
1678233604512 0.0017375206142397864 1
1678233605071 0.0017197103671995656 1
1678233605629 0.0017023955006152391 1
1678233606186 0.0016855280181126936 1
1678233606751 0.0016687155002728105 1
1678233607331 0.001651580661668309 1
1678233607891 0.0016348443958642228 1
1678233608447 0.0016187419615952031 1
1678233609003 0.0016025556417714273 1
1678233609559 0.0015865901950746775 1
1678233610115 0.001570883539638349 1
1678233610671 0.0015551417267748288 1
1678233611226 0.0015394791927454726 1
1678233611792 0.0015239841803642257 1
1678233612373 0.0015085636072659067 1
1678233612931 0.0014932238596624561 1
1678233613487 0.0014778916291626437 1
1678233614116 0.0014626372139900923 1
1678233614674 0.0014474787250427263 1
1678233615231 0.0014324973037998592 1
1678233615788 0.0014176774337621672 1
1678233616344 0.0014030709031171032 1
1678233616917 0.0013885792910254427 1
1678233617496 0.0013742542193670357 1
1678233618068 0.0013600710912474564 1
1678233618626 0.0013459912235183375 1
1678233619184 0.0013320295422870135 1
1678233619743 0.0013181657829721058 1
1678233620300 0.001304317980871669 1
1678233620859 0.001290595657857401 1
1678233621419 0.001277165420885597 1
1678233621994 0.0012640173247616207 1
1678233622571 0.0012511621295873607 1
1678233623128 0.0012382772651367954 1
1678233623686 0.001225309887169195 1
1678233624243 0.0012123268762869494 1
1678233624799 0.001198244364266949 1
1678233625356 0.0011828011816500553 1
1678233625913 0.0011668388698516147 1
1678233626470 0.0011511527700349689 1
1678233627046 0.0011353350626969977 1
1678233627622 0.0011190677593861306 1
1678233628181 0.001103375747334212 1
1678233628738 0.001088246753040169 1
1678233629296 0.0010736712304476117 1
1678233629853 0.0010592044397656406 1
1678233630410 0.0010453816253824957 1
1678233630967 0.0010322944976256362 1
1678233631524 0.0010198539987738644 1
1678233632103 0.0010080964753537305 1
1678233632677 0.000996942274338965 1
1678233633234 0.0009862101620196231 1
1678233633791 0.0009759190309393619 1
1678233634352 0.0009660133343589093 1
1678233634911 0.0009562974612760757 1
1678233635468 0.0009468190255574882 1
1678233636025 0.0009374984573306781 1
1678233636582 0.000928312714677304 1
1678233637164 0.0009192782204731234 1
1678233637737 0.0009104066578272198 1
1678233638301 0.0009016558345008109 1
1678233638863 0.0008930241289947714 1
1678233639421 0.0008844951766410045 1
1678233640073 0.0008760392416401633 1
1678233640633 0.0008676605398899742 1
1678233641193 0.0008593754526892943 1
1678233641758 0.000851179680986596 1
1678233642339 0.0008430494677408465 1
1678233642904 0.0008349790919705161 1
1678233643463 0.0008269626580710922 1
1678233644022 0.0008190282221351351 1
1678233644579 0.0008111495990306139 1
1678233645138 0.0008033595846167632 1
1678233645695 0.0007956590769546372 1
1678233646252 0.0007880303310230374 1
1678233646818 0.0007804762655203896 1
1678233647399 0.0007730037655814417 1
1678233647964 0.0007656066695095173 1
1678233648521 0.0007582863410269576 1
