1678279401397 31.85245038992501 1
1678279401950 31.693900254418885 1
1678279402534 31.516517789163945 1
1678279403126 31.31881332602038 1
1678279403679 31.096594169543913 1
1678279404222 30.843708726814185 1
1678279404768 30.55232827762221 1
1678279405310 30.2123254142013 1
1678279405851 29.810214685965043 1
1678279406392 29.32817227096807 1
1678279406933 28.742211313963264 1
1678279407514 28.020391395988298 1
1678279408105 27.122270759461745 1
1678279408657 26.00191247634403 1
1678279409208 24.619903767408637 1
1678279409749 22.971399662674727 1
1678279410291 21.132530488942194 1
1678279410832 19.309445686802736 1
1678279411374 17.83011756767131 1
1678279411916 16.96293793107044 1
1678279412495 16.627155692762415 1
1678279413088 16.473459804476033 1
1678279413647 16.299890147047112 1
1678279414197 16.121560170244802 1
1678279414837 15.974559108040793 1
1678279415389 15.850411251692991 1
1678279415940 15.732206782110149 1
1678279416491 15.614528159424545 1
1678279417042 15.498665185225356 1
1678279417633 15.385967813091249 1
1678279418218 15.276566247063531 1
1678279418781 15.170269556651142 1
1678279419335 15.066908719722273 1
1678279419885 14.966207313912307 1
1678279420436 14.867791195587015 1
1678279420988 14.771342725628188 1
1678279421540 14.67667204521596 1
1678279422094 14.583688520400885 1
1678279422686 14.492346336249321 1
1678279423266 14.4025999870654 1
1678279423820 14.31438789124538 1
1678279424370 14.22763087916863 1
1678279424922 14.142238124495071 1
1678279425474 14.05811788431717 1
1678279426024 13.975179585395564 1
1678279426575 13.893330174076079 1
1678279427130 13.812473486965505 1
1678279427721 13.732501818085927 1
1678279428300 13.653294932248972 1
1678279428852 13.574718323283953 1
1678279429403 13.496627063320526 1
1678279429954 13.418864420225878 1
1678279430504 13.34126670603015 1
1678279431054 13.263664253467477 1
1678279431604 13.185887862566966 1
1678279432162 13.1077790304532 1
1678279432754 13.029188902045014 1
1678279433330 12.949998966475802 1
1678279433879 12.870121088329531 1
1678279434425 12.78950888669221 1
1678279434970 12.708158679152103 1
1678279435521 12.626100397782476 1
1678279436074 12.543396784416993 1
1678279436625 12.460126485027327 1
1678279437184 12.376379159146662 1
1678279437775 12.292243565898396 1
1678279438354 12.207800243635397 1
1678279438913 12.123120034367217 1
1678279439473 12.038256290650724 1
1678279440032 11.953247685163456 1
1678279440663 11.868118517964811 1
1678279441224 11.782880097163758 1
1678279441784 11.697533295522033 1
1678279442359 11.612067651304079 1
1678279442951 11.526465959114557 1
1678279443516 11.44070615953624 1
1678279444067 11.354760337364553 1
1678279444618 11.268599475592454 1
1678279445171 11.182189801509159 1
1678279445721 11.095499421922161 1
1678279446272 11.008493834976617 1
1678279446823 10.92113741394192 1
1678279447396 10.83339571533128 1
1678279447987 10.745232167955317 1
1678279448561 10.65660919875339 1
1678279449123 10.567488897284836 1
1678279449677 10.477832672083728 1
1678279450227 10.387599838220355 1
1678279450777 10.296751261822903 1
1678279451326 10.205243531853299 1
1678279451867 10.113035422473027 1
1678279452439 10.020082471870893 1
1678279453030 9.926343497333285 1
1678279453595 9.831772625755985 1
1678279454154 9.73632731341342 1
1678279454713 9.639963496963864 1
1678279455273 9.542639701983086 1
1678279455832 9.44431557589676 1
1678279456392 9.344951262626518 1
1678279456952 9.244510273530185 1
1678279457535 9.14295873415227 1
1678279458144 9.04026850257021 1
1678279458700 8.936414532669522 1
1678279459252 8.831377366389106 1
1678279459802 8.72514425213895 1
1678279460353 8.617709978615556 1
1678279460904 8.50907548089396 1
1678279461447 8.399254528364672 1
1678279461989 8.288264032615713 1
1678279462569 8.176136813400392 1
1678279463158 8.062910810884624 1
1678279463717 7.948636904491183 1
1678279464284 7.833375534515952 1
1678279464845 7.717195688624607 1
1678279465406 7.6001801533965905 1
1678279465970 7.482413717856425 1
1678279466628 7.3639962633019405 1
1678279467195 7.245030884758237 1
1678279467786 7.125629980397261 1
1678279468364 7.0059090799841774 1
1678279468924 6.885989870256033 1
1678279469483 6.765999738634677 1
1678279470042 6.646063580121261 1
1678279470601 6.526315093242822 1
1678279471160 6.4068821399108336 1
1678279471719 6.287899312560005 1
1678279472287 6.169494942592926 1
1678279472877 6.05179976408743 1
1678279473452 5.93494141025802 1
1678279474011 5.819046295334733 1
1678279474570 5.704235898868612 1
1678279475130 5.59062924901613 1
1678279475688 5.47833973150761 1
1678279476247 5.367482273052989 1
1678279476806 5.258156830135105 1
1678279477378 5.150468552606057 1
1678279477968 5.044509542562783 1
1678279478538 4.940371404467829 1
1678279479097 4.8381373078941925 1
1678279479657 4.737884299992907 1
1678279480217 4.639686742834891 1
1678279480776 4.543608640667075 1
1678279481335 4.449710127450042 1
1678279481894 4.358043695901898 1
1678279482470 4.268659948258078 1
1678279483061 4.181595696497896 1
1678279483621 4.096889876668805 1
1678279484180 4.014569875999231 1
1678279484739 3.9346568077775075 1
1678279485298 3.8571706624517392 1
1678279485856 3.782121001792428 1
1678279486415 3.7095130974587933 1
1678279486973 3.6393478464191875 1
1678279487553 3.5716199660106263 1
1678279488141 3.5063191025551594 1
1678279488716 3.4434286539780334 1
1678279489275 3.3829272989184043 1
1678279489834 3.3247920232482286 1
1678279490394 3.2689922752507483 1
1678279491025 3.215493892489739 1
1678279491586 3.1642593887670833 1
1678279492146 3.1152473856017493 1
1678279492734 3.068413211120926 1
1678279493315 3.023708957949353 1
1678279493874 2.9810832892981423 1
1678279494433 2.940482865821111 1
1678279494992 2.9018520825520047 1
1678279495550 2.8651339020843176 1
1678279496109 2.8302687278302296 1
1678279496668 2.797195318805237 1
1678279497230 2.7658524315819033 1
1678279497841 2.736177372039819 1
1678279498418 2.7081072227355105 1
1678279498977 2.681579227159409 1
1678279499535 2.6565285416423983 1
1678279500094 2.632893689218837 1
1678279500653 2.6106106171517878 1
1678279501212 2.5896184453793096 1
1678279501771 2.5698548015865157 1
1678279502337 2.5512604731661654 1
1678279502926 2.5337756035573284 1
1678279503498 2.5173428888606204 1
1678279504057 2.5019072478142323 1
1678279504615 2.487410576740418 1
1678279505174 2.473802263504578 1
1678279505732 2.4610311546583565 1
1678279506295 2.449045998701236 1
1678279506854 2.4378000989910054 1
1678279507425 2.427248654639764 1
1678279508016 2.4173462183220704 1
1678279508587 2.4080501185589056 1
1678279509146 2.3993234396042715 1
1678279509706 2.3911271480611247 1
1678279510265 2.3834228019930657 1
1678279510824 2.376179581462552 1
1678279511383 2.3693649586524685 1
1678279511942 2.3629483795837483 1
1678279512517 2.356898889673087 1
1678279513108 2.351194073132229 1
1678279513674 2.3458083932178853 1
