1678279401400 0.8782729251044137 1
1678279401952 0.8681751574788775 1
1678279402536 0.8569383025169373 1
1678279403128 0.8443711485181536 1
1678279403681 0.8301653351102557 1
1678279404223 0.8148032767432076 1
1678279404769 0.7999031458582196 1
1678279405312 0.78310398544584 1
1678279405853 0.7642478176525661 1
1678279406394 0.7438721741948809 1
1678279406935 0.7223048976489476 1
1678279407516 0.700289249420166 1
1678279408107 0.6778130531311035 1
1678279408659 0.656772324017116 1
1678279409209 0.6424996682575771 1
1678279409751 0.6400921940803528 1
1678279410292 0.6579192280769348 1
1678279410833 0.6994044695581708 1
1678279411375 0.7651714767728534 1
1678279411917 0.8389297127723694 1
1678279412497 0.8957189832414899 1
1678279413089 0.9179480246135167 1
1678279413648 0.9087284462792533 1
1678279414198 0.8856512563569205 1
1678279414838 0.8632369978087289 1
1678279415390 0.8475788746561322 1
1678279415941 0.8386714203017098 1
1678279416493 0.834107049873897 1
1678279417044 0.831139087677002 1
1678279417634 0.8278341123035976 1
1678279418220 0.82338947057724 1
1678279418782 0.8179105945995876 1
1678279419336 0.8119386179106576 1
1678279419887 0.8059656364577157 1
1678279420438 0.8002720560346331 1
1678279420990 0.7948961513383048 1
1678279421541 0.7897512061255318 1
1678279422096 0.7846945098468235 1
1678279422687 0.7796515311513629 1
1678279423268 0.7746025153568813 1
1678279423821 0.7695678898266384 1
1678279424372 0.7645641650472369 1
1678279424924 0.7596058590071542 1
1678279425475 0.7546960200582232 1
1678279426026 0.749827333859035 1
1678279426576 0.7449843457766941 1
1678279427132 0.7401547261646816 1
1678279427723 0.7353369678769793 1
1678279428302 0.7305333614349365 1
1678279428853 0.7257293037005833 1
1678279429405 0.7209220698901585 1
1678279429955 0.7161000626427787 1
1678279430505 0.7112541794776917 1
1678279431056 0.7063736404691424 1
1678279431606 0.7014542903218951 1
1678279432164 0.6964958735874721 1
1678279432756 0.6914933919906616 1
1678279433331 0.6864493659564427 1
1678279433880 0.6813729575702122 1
1678279434427 0.6762760707310268 1
1678279434972 0.6711824366024562 1
1678279435523 0.6661043592861721 1
1678279436075 0.661056569644383 1
1678279436626 0.6560538922037397 1
1678279437186 0.6510993497712272 1
1678279437777 0.6461882165500096 1
1678279438355 0.6413136635507856 1
1678279438915 0.6364818045071193 1
1678279439474 0.631659814289638 1
1678279440033 0.626837568623679 1
1678279440664 0.6220063737460545 1
1678279441226 0.6171575614384243 1
1678279441786 0.6122880152293614 1
1678279442361 0.6073963471821376 1
1678279442953 0.6024906720433917 1
1678279443518 0.5975814206259591 1
1678279444068 0.5926537002835955 1
1678279444620 0.5877041646412441 1
1678279445172 0.5827430997576032 1
1678279445723 0.5777627229690552 1
1678279446274 0.5727632088320596 1
1678279446825 0.5677464519228254 1
1678279447398 0.5627048824514661 1
1678279447989 0.5576345154217311 1
1678279448563 0.5525347931044442 1
1678279449124 0.5474036378519875 1
1678279449679 0.5422406026295253 1
1678279450229 0.5370388414178576 1
1678279450779 0.5317978731223515 1
1678279451327 0.5265181107180459 1
1678279451869 0.5211963525840214 1
1678279452440 0.5158357960837228 1
1678279453032 0.5104315025465829 1
1678279453597 0.5049857922962734 1
1678279454156 0.4994957745075226 1
1678279454715 0.49396221126828876 1
1678279455274 0.4883821564061301 1
1678279455834 0.48274944935526165 1
1678279456394 0.4770626894065312 1
1678279456954 0.4713206802095686 1
1678279457537 0.4655300293649946 1
1678279458147 0.4596919800554003 1
1678279458702 0.45380050369671415 1
1678279459253 0.4478537312575749 1
1678279459804 0.4418586790561676 1
1678279460354 0.4358094462326595 1
1678279460905 0.4297125552381788 1
1678279461448 0.4235670396259853 1
1678279461990 0.4173815292971475 1
1678279462571 0.4111484800066267 1
1678279463159 0.40487042920930044 1
1678279463718 0.39856494324547903 1
1678279464286 0.39223175815173555 1
1678279464846 0.38586522000176565 1
1678279465408 0.37947360958371845 1
1678279465972 0.37305982198034016 1
1678279466630 0.3666281146662576 1
1678279467197 0.3601889823164259 1
1678279467787 0.35374692933900015 1
1678279468366 0.34732416697910856 1
1678279468925 0.3409252422196524 1
1678279469484 0.33454088653836933 1
1678279470043 0.32818293997219633 1
1678279470602 0.3218527010508946 1
1678279471161 0.31555658153125216 1
1678279471720 0.3092971955026899 1
1678279472288 0.30308871609824045 1
1678279472878 0.2969301555837904 1
1678279473454 0.29082874953746796 1
1678279474013 0.28479132269109997 1
1678279474572 0.27882458908217295 1
1678279475131 0.2729422790663583 1
1678279475690 0.2671323780502592 1
1678279476249 0.26139961395944866 1
1678279476807 0.25575001324926105 1
1678279477380 0.2501795313188008 1
1678279477970 0.24469561661992753 1
1678279478540 0.2393000785793577 1
1678279479099 0.23399568029812404 1
1678279479659 0.22878611300672805 1
1678279480218 0.22367665810244425 1
1678279480778 0.218673152582986 1
1678279481337 0.21376597668443406 1
1678279481896 0.20896086948258535 1
1678279482472 0.2042711398431233 1
1678279483062 0.19968330434390477 1
1678279483623 0.19521108908312662 1
1678279484182 0.19087069162300654 1
1678279484740 0.18664445834500448 1
1678279485299 0.18255626090935298 1
1678279485858 0.17863190174102783 1
1678279486416 0.17482570239475795 1
1678279486975 0.17113866763455526 1
1678279487554 0.16758497485092708 1
1678279488157 0.16415224756513322 1
1678279488718 0.1608787178993225 1
1678279489276 0.15772980451583862 1
1678279489836 0.15474156396729605 1
1678279490396 0.1518949419260025 1
1678279491027 0.14916553028992244 1
1678279491587 0.14657822996377945 1
1678279492147 0.14410517364740372 1
1678279492736 0.14176997648818151 1
1678279493316 0.13952114752360753 1
1678279493876 0.1373610869050026 1
1678279494435 0.1352922682251249 1
1678279494994 0.13329146057367325 1
1678279495552 0.13138775101729802 1
1678279496111 0.1296025195292064 1
1678279496670 0.12794449818985804 1
1678279497254 0.12637286739689962 1
1678279497843 0.12490341067314148 1
1678279498419 0.12353160019431796 1
1678279498978 0.12223615710224424 1
1678279499537 0.12100028246641159 1
1678279500096 0.11982247446264539 1
1678279500654 0.11869916319847107 1
1678279501213 0.11763729155063629 1
1678279501772 0.11663658491202764 1
1678279502339 0.11568496482712883 1
1678279502928 0.11477148745741163 1
1678279503499 0.11388614028692245 1
1678279504058 0.11305360921791621 1
1678279504617 0.11226699714149747 1
1678279505175 0.11151846391814095 1
1678279505734 0.11080913139241082 1
1678279506296 0.11014512500592641 1
1678279506855 0.1095164098909923 1
1678279507427 0.10891895528350558 1
1678279508018 0.10835101349013192 1
1678279508588 0.1078086548617908 1
1678279509148 0.10729277453252248 1
1678279509708 0.1068104516182627 1
1678279510267 0.10634955338069371 1
1678279510826 0.10590663871594838 1
1678279511384 0.10547574290207454 1
1678279511943 0.1050636140363557 1
1678279512519 0.10466619580984116 1
1678279513109 0.1042913379413741 1
1678279513675 0.10393132269382477 1
