1678279401395 1014.578595842634 1
1678279401948 1004.5033133370536 1
1678279402533 993.2908935546875 1
1678279403124 980.8680681501116 1
1678279403678 966.9981689453125 1
1678279404220 951.3343680245536 1
1678279404766 933.4447631835938 1
1678279405309 912.7846069335938 1
1678279405850 888.6488996233259 1
1678279406391 860.1416887555804 1
1678279406932 826.1147112165179 1
1678279407512 785.142333984375 1
1678279408104 735.6175711495536 1
1678279408655 676.0994524274554 1
1678279409206 606.1396615164621 1
1678279409747 527.6852024623325 1
1678279410289 446.58384486607144 1
1678279410830 372.8546927315848 1
1678279411372 317.91309247698103 1
1678279411914 287.7412632533482 1
1678279412493 276.4623064313616 1
1678279413086 271.3748779296875 1
1678279413645 265.68641880580356 1
1678279414195 259.90470232282365 1
1678279414835 255.18653869628906 1
1678279415387 251.23553684779577 1
1678279415938 247.50233023507255 1
1678279416489 243.81348964146204 1
1678279417041 240.2086225237165 1
1678279417631 236.7280055454799 1
1678279418217 233.37347630092077 1
1678279418779 230.13707842145647 1
1678279419333 227.01173836844308 1
1678279419884 223.98736136300224 1
1678279420435 221.05121503557478 1
1678279420987 218.19256591796875 1
1678279421538 215.40470232282365 1
1678279422093 212.68397086007255 1
1678279422684 210.0281023297991 1
1678279423265 207.4348863874163 1
1678279423818 204.90170070103235 1
1678279424369 202.42548043387276 1
1678279424920 200.00289916992188 1
1678279425472 197.63067844935827 1
1678279426022 195.30564444405692 1
1678279426573 193.02462332589286 1
1678279427128 190.784423828125 1
1678279427719 188.58160618373327 1
1678279428299 186.41246250697546 1
1678279428850 184.2729775565011 1
1678279429402 182.15894208635603 1
1678279429952 180.065922328404 1
1678279430502 177.98939732142858 1
1678279431053 175.92478942871094 1
1678279431603 173.86763872419084 1
1678279432160 171.8138711111886 1
1678279432752 169.75976344517298 1
1678279433328 167.70247323172433 1
1678279433876 165.64001682826452 1
1678279434423 163.571537562779 1
1678279434969 161.49729701450892 1
1678279435520 159.4184112548828 1
1678279436072 157.33680289132255 1
1678279436623 155.25475202287947 1
1678279437182 153.17476109095983 1
1678279437773 151.09925188337053 1
1678279438352 149.03038678850447 1
1678279438912 146.97003936767578 1
1678279439471 144.91961451939173 1
1678279440030 142.88013022286552 1
1678279440661 140.85223715645927 1
1678279441222 138.83626338413782 1
1678279441783 136.83228519984655 1
1678279442358 134.8401151384626 1
1678279442949 132.85941750662667 1
1678279443515 130.88975742885046 1
1678279444065 128.93058231898718 1
1678279444617 126.98133414132255 1
1678279445169 125.04136875697544 1
1678279445720 123.110107421875 1
1678279446271 121.1869365147182 1
1678279446822 119.271242414202 1
1678279447394 117.36246272495815 1
1678279447985 115.46001434326172 1
1678279448559 113.56331961495536 1
1678279449121 111.67182159423828 1
1678279449675 109.78497750418526 1
1678279450226 107.90223039899554 1
1678279450775 106.02308654785156 1
1678279451324 104.1469955444336 1
1678279451865 102.2734854561942 1
1678279452437 100.4020527430943 1
1678279453028 98.53229522705078 1
1678279453594 96.66375296456474 1
1678279454153 94.7960695539202 1
1678279454712 92.92889622279576 1
1678279455271 91.06197248186383 1
1678279455831 89.19509669712612 1
1678279456390 87.32811410086495 1
1678279456950 85.46097019740513 1
1678279457533 83.59369441441127 1
1678279458124 81.72645459856305 1
1678279458699 79.85950469970703 1
1678279459250 77.99322618756976 1
1678279459801 76.12814222063336 1
1678279460351 74.26492527553013 1
1678279460902 72.40436553955078 1
1678279461445 70.54747663225446 1
1678279461987 68.69532067435128 1
1678279462567 66.84921319144112 1
1678279463156 65.01053074428013 1
1678279463715 63.18082863943918 1
1678279464282 61.36177226475307 1
1678279464843 59.555109296526226 1
1678279465404 57.762738364083425 1
1678279465968 55.986515045166016 1
1678279466627 54.228440965924946 1
1678279467193 52.49047252110073 1
1678279467784 50.774602617536274 1
1678279468363 49.08276203700474 1
1678279468922 47.416856493268696 1
1678279469481 45.77875246320452 1
1678279470040 44.17016111101423 1
1678279470599 42.59278869628906 1
1678279471158 41.048138754708425 1
1678279471717 39.53767776489258 1
1678279472285 38.06266784667969 1
1678279472875 36.624280384608674 1
1678279473451 35.223529543195454 1
1678279474010 33.86129978724888 1
1678279474569 32.538307189941406 1
1678279475128 31.25513539995466 1
1678279475687 30.01220621381487 1
1678279476245 28.809865951538086 1
1678279476804 27.648213250296457 1
1678279477376 26.527326311383927 1
1678279477967 25.447076525006974 1
1678279478537 24.407269614083425 1
1678279479095 23.40757261003767 1
1678279479656 22.44754764011928 1
1678279480215 21.526693071637833 1
1678279480775 20.644379479544504 1
1678279481333 19.799920218331472 1
1678279481892 18.992544855390275 1
1678279482469 18.221457753862655 1
1678279483059 17.485742568969727 1
1678279483620 16.78450666155134 1
1678279484178 16.116771289280482 1
1678279484737 15.481524194989886 1
1678279485296 14.87776551927839 1
1678279485855 14.304439272199359 1
1678279486413 13.76048742021833 1
1678279486972 13.24485274723598 1
1678279487551 12.756469181605748 1
1678279488139 12.29427364894322 1
1678279488714 11.85720089503697 1
1678279489273 11.44419710976737 1
1678279489832 11.05424199785505 1
1678279490393 10.686310495649066 1
1678279491023 10.339400972638812 1
1678279491584 10.012537479400635 1
1678279492144 9.704766273498535 1
1678279492732 9.415159634181432 1
1678279493313 9.142815862383161 1
1678279493873 8.88685757773263 1
1678279494432 8.646439484187535 1
1678279494990 8.420745509011406 1
1678279495549 8.208992276872907 1
1678279496108 8.010421071733747 1
1678279496666 7.824301651545933 1
1678279497228 7.649939673287528 1
1678279497839 7.48666661126273 1
1678279498416 7.333844729832241 1
1678279498975 7.190867151532855 1
1678279499534 7.057143892560687 1
1678279500092 6.932129178728376 1
1678279500651 6.815287794385638 1
1678279501210 6.7061236926487515 1
1678279501769 6.60415370123727 1
1678279502335 6.508930001940046 1
1678279502925 6.420018809182303 1
1678279503496 6.3370152200971335 1
1678279504055 6.259539876665388 1
1678279504614 6.187211377280099 1
1678279505172 6.119697638920376 1
1678279505731 6.0566743441990445 1
1678279506293 5.997826303754534 1
1678279506852 5.942869322640555 1
1678279507424 5.891536031450544 1
1678279508015 5.843562739236014 1
1678279508585 5.7987053734915595 1
1678279509145 5.756752967834473 1
1678279509704 5.717489038194929 1
1678279510263 5.680704253060477 1
1678279510822 5.646229403359549 1
1678279511381 5.613890307290213 1
1678279511940 5.5835250445774625 1
1678279512516 5.55497237614223 1
1678279513106 5.528113569532122 1
1678279513672 5.502817017691476 1
