1678281859146 33.82066196338772 1
1678281859710 33.82066196338772 1
1678281860266 33.82066196338772 1
1678281860821 33.82066196338772 1
1678281861378 33.82066196338772 1
1678281861971 33.82066196338772 1
1678281862551 33.82066196338772 1
1678281863116 33.82066196338772 1
1678281863673 33.82066196338772 1
1678281864228 33.82066196338772 1
1678281864783 33.82066196338772 1
1678281865338 33.82066196338772 1
1678281865893 33.82066196338772 1
1678281866454 33.82066196338772 1
1678281867047 33.82066196338772 1
1678281867627 33.82066196338772 1
1678281868193 33.82066196338772 1
1678281868751 33.82066196338772 1
1678281869306 33.82066196338772 1
