1678281859151 0.9999999914850507 1
1678281859711 0.9999999914850507 1
1678281860268 0.9999999914850507 1
1678281860823 0.9999999914850507 1
1678281861380 0.9999999914850507 1
1678281861973 0.9999999914850507 1
1678281862553 0.9999999914850507 1
1678281863118 0.9999999914850507 1
1678281863675 0.9999999914850507 1
1678281864230 0.9999999914850507 1
1678281864785 0.9999999914850507 1
1678281865340 0.9999999914850507 1
1678281865894 0.9999999914850507 1
1678281866455 0.9999999914850507 1
1678281867049 0.9999999914850507 1
1678281867629 0.9999999914850507 1
1678281868195 0.9999999914850507 1
1678281868752 0.9999999914850507 1
1678281869308 0.9999999914850507 1
