1678281859142 1143.8371756417412 1
1678281859708 1143.8371756417412 1
1678281860264 1143.8371756417412 1
1678281860819 1143.8371756417412 1
1678281861376 1143.8371756417412 1
1678281861969 1143.8371756417412 1
1678281862549 1143.8371756417412 1
1678281863114 1143.8371756417412 1
1678281863671 1143.8371756417412 1
1678281864226 1143.8371756417412 1
1678281864781 1143.8371756417412 1
1678281865336 1143.8371756417412 1
1678281865891 1143.8371756417412 1
1678281866452 1143.8371756417412 1
1678281867045 1143.8371756417412 1
1678281867625 1143.8371756417412 1
1678281868191 1143.8371756417412 1
1678281868749 1143.8371756417412 1
1678281869304 1143.8371756417412 1
