1678281847865 0.9999999914850507 1
1678281848424 0.9999999914850507 1
1678281849054 0.9999999914850507 1
1678281849611 0.9999999914850507 1
1678281850168 0.9999999914850507 1
1678281850723 0.9999999914850507 1
1678281851279 0.9999999914850507 1
1678281851873 0.9999999914850507 1
1678281852459 0.9999999914850507 1
1678281853015 0.9999999914850507 1
1678281853571 0.9999999914850507 1
1678281854128 0.9999999914850507 1
1678281854686 0.9999999914850507 1
1678281855247 0.9999999914850507 1
1678281855803 0.9999999914850507 1
1678281856359 0.9999999914850507 1
1678281856948 0.9999999914850507 1
1678281857529 0.9999999914850507 1
1678281858096 0.9999999914850507 1
