1678280434536 128.54669118112716 1
1678280435186 116.34276132978488 1
1678280435810 102.02030131586731 1
1678280436425 84.16456106844348 1
1678280437041 60.78117655155312 1
1678280437657 30.414788131285906 1
1678280438274 13.056480475698027 1
1678280438890 20.097167515402752 1
1678280439530 9.425758514006494 1
1678280440175 8.717804700758785 1
1678280440792 9.030209687412569 1
1678280441407 6.50610347963401 1
1678280442031 6.5571345602601 1
1678280442650 6.412050583806726 1
1678280443265 6.126881102036094 1
1678280443881 6.176895897224872 1
1678280444518 6.086299155854137 1
1678280445165 6.075731313957776 1
1678280445792 6.0636758464601135 1
1678280446411 6.048269905865291 1
1678280447027 6.038688291349506 1
1678280447643 6.025733893107469 1
1678280448258 6.016201873466332 1
1678280448873 6.0057368781061635 1
1678280449511 5.995105177312249 1
1678280450160 5.98402218772878 1
1678280450792 5.973062513737912 1
1678280451419 5.962036580015993 1
1678280452038 5.950749601700911 1
1678280452656 5.939244569023624 1
1678280453275 5.927634580458511 1
1678280453892 5.915918902931687 1
1678280454533 5.904044825950464 1
1678280455183 5.892017103158343 1
1678280455813 5.879869153538214 1
1678280456434 5.867608728466595 1
1678280457053 5.855218810557837 1
1678280457671 5.84271081787183 1
1678280458291 5.830094552912665 1
1678280458909 5.8173741122136615 1
1678280459549 5.804548036337142 1
1678280460201 5.791626655986674 1
1678280460832 5.778610180592325 1
1678280461548 5.765504936950098 1
1678280462169 5.752313586775618 1
1678280462790 5.739040284119179 1
1678280463411 5.725692216000147 1
1678280464032 5.712272388136689 1
1678280464682 5.698784811946167 1
1678280465329 5.685233270791449 1
1678280465962 5.671619732309459 1
1678280466594 5.657953525163753 1
1678280467221 5.64423506332552 1
1678280467840 5.630473232208901 1
1678280468459 5.616666427446279 1
1678280469079 5.6028219518406015 1
1678280469730 5.5889445226413175 1
1678280470375 5.575036972871474 1
1678280471008 5.561103535293692 1
1678280471627 5.547147305902467 1
1678280472247 5.533176286824756 1
1678280472868 5.519188316921899 1
1678280473489 5.50519301746663 1
1678280474109 5.491191349647332 1
1678280474765 5.477188388655963 1
1678280475409 5.463185994875116 1
1678280476035 5.449190773137667 1
1678280476655 5.435202753779897 1
1678280477274 5.421230361075104 1
1678280477894 5.407274900351391 1
1678280478513 5.393341555172891 1
1678280479133 5.3794340430168806 1
1678280479785 5.365554875382879 1
1678280480428 5.351706182084462 1
1678280481052 5.337895729605264 1
1678280481672 5.324125274103119 1
1678280482291 5.310395178038475 1
1678280482911 5.2967151436071624 1
1678280483533 5.283084760276272 1
1678280484153 5.269509144665657 1
1678280484813 5.2559912354640295 1
1678280485460 5.242532882374209 1
1678280486092 5.229139156772171 1
1678280486720 5.215813273053899 1
1678280487349 5.202560230502759 1
1678280487978 5.189379117007158 1
1678280488599 5.1762766146034025 1
1678280489223 5.163252635708558 1
1678280489877 5.150314309823508 1
1678280490591 5.137463000087739 1
1678280491223 5.12470127524401 1
1678280491852 5.112032044872921 1
1678280492473 5.099460112688453 1
1678280493095 5.086985048454158 1
1678280493715 5.074613258181377 1
1678280494344 5.062345956547726 1
1678280495005 5.050182016591533 1
1678280495646 5.038130056092824 1
1678280496276 5.026188712106731 1
1678280496902 5.014361030003668 1
1678280497522 5.002651492480526 1
1678280498143 4.9910592932764395 1
1678280498762 4.979588671804821 1
1678280499393 4.968242170322853 1
1678280500049 4.9570200090196055 1
1678280500683 4.945924136098445 1
1678280501304 4.9349585229961255 1
1678280501923 4.924122241545099 1
1678280502542 4.913419641174324 1
1678280503162 4.90285220866506 1
1678280503782 4.89241747824904 1
1678280504414 4.88212204939795 1
1678280505082 4.871963980872464 1
1678280505731 4.861946179206559 1
1678280506352 4.852069541282748 1
1678280506973 4.8423341430917075 1
1678280507594 4.832742529654109 1
1678280508219 4.823293214336678 1
1678280508839 4.813990317964844 1
1678280509476 4.80483148693585 1
1678280510162 4.795819165888805 1
1678280510877 4.786953043898894 1
1678280511497 4.778232109995661 1
1678280512117 4.769659816999265 1
1678280512738 4.7612324467117855 1
1678280513358 4.752951199974614 1
1678280513977 4.744819770639229 1
1678280514619 4.736832545166439 1
1678280515270 4.728993740165109 1
1678280515891 4.72129979532007 1
1678280516511 4.713752951800461 1
1678280517133 4.706349401377757 1
1678280517753 4.699091763848007 1
1678280518376 4.691976506003544 1
1678280518996 4.685006661099937 1
1678280519642 4.678181859794002 1
1678280520391 4.671489730674588 1
1678280521015 4.664947520731712 1
1678280521635 4.658536559878635 1
1678280522255 4.652267903847533 1
1678280522876 4.646135032448593 1
1678280523496 4.640136810503214 1
1678280524115 4.634268939545781 1
1678280524765 4.62853786113213 1
1678280525409 4.622934064122426 1
1678280526029 4.617462231173772 1
1678280526649 4.612115122192392 1
1678280527269 4.606893940365864 1
1678280527888 4.601795028743921 1
1678280528509 4.596820898479525 1
1678280529128 4.591965665239832 1
1678280529777 4.587226677188306 1
1678280530421 4.5826056327950315 1
1678280531041 4.578092295038365 1
1678280531660 4.573696544586391 1
1678280532280 4.569406556081745 1
1678280532899 4.565224089980041 1
1678280533519 4.56114989011005 1
1678280534138 4.557171690730484 1
1678280534791 4.553303148076115 1
1678280535444 4.549525616168213 1
1678280536076 4.545848013209101 1
1678280536697 4.542262063718928 1
1678280537318 4.538768330128905 1
1678280537938 4.5353602817245555 1
1678280538558 4.532045266405027 1
1678280539178 4.5288117261192 1
1678280539827 4.525658450735208 1
1678280540470 4.522587099288697 1
1678280541083 4.519592096343292 1
1678280541683 4.516672613461417 1
1678280542285 4.5138239075917115 1
1678280542885 4.511048725226837 1
1678280543486 4.508348607340538 1
1678280544096 4.505704004607906 1
1678280544737 4.5031361626367294 1
1678280545384 4.500624265209648 1
1678280545989 4.4981768714544295 1
1678280546663 4.495785207721055 1
1678280547276 4.493449757151009 1
1678280547886 4.4911689238514185 1
1678280548498 4.4889396346795625 1
1678280549110 4.486763029230399 1
1678280549752 4.484629751501 1
1678280550399 4.482546808215564 1
1678280551020 4.480500890455231 1
1678280551641 4.478502665800359 1
1678280552262 4.476539096281302 1
1678280552883 4.474619909708089 1
1678280553504 4.4727339235106705 1
1678280554124 4.47088366321738 1
1678280554768 4.4690688988371345 1
1678280555412 4.467284687357249 1
1678280556032 4.465530943363861 1
1678280556653 4.463806253026809 1
1678280557273 4.462108253237179 1
1678280557894 4.46043866966337 1
1678280558514 4.4587904759832915 1
1678280559137 4.457168189175899 1
1678280559781 4.455566318340264 1
