1678280434539 0.8158440164157322 1
1678280435188 0.7443339058331081 1
1678280435811 0.6601566927773612 1
1678280436427 0.5545861167567117 1
1678280437043 0.41516347442354473 1
1678280437659 0.22584381912435805 1
1678280438275 0.10177840079580035 1
1678280438892 0.13082356750965118 1
1678280439532 0.0858918268765722 1
1678280440177 0.09940690440790993 1
1678280440793 0.10237794901643481 1
1678280441409 0.07815449205892426 1
1678280442033 0.07603680395654269 1
1678280442651 0.07537392473646573 1
1678280443267 0.07410668049539838 1
1678280443882 0.07464973947831563 1
1678280444520 0.07348215846078736 1
1678280445167 0.07320386277777809 1
1678280445794 0.07314701271908623 1
1678280446413 0.07305869672979627 1
1678280447029 0.07292181945272855 1
1678280447644 0.07271906786731311 1
1678280448260 0.07257597733821188 1
1678280448875 0.07245986057179314 1
1678280449513 0.07232565752097539 1
1678280450162 0.07216788402625493 1
1678280450794 0.07201431053025383 1
1678280451420 0.07186896886144366 1
1678280452040 0.07171899559242385 1
1678280452658 0.07156187615224294 1
1678280453277 0.07140321284532547 1
1678280453894 0.07124536165169307 1
1678280454535 0.07108537799545697 1
1678280455185 0.07092273607850075 1
1678280455815 0.07075951887028557 1
1678280456435 0.07059606271130699 1
1678280457054 0.0704305384840284 1
1678280457673 0.07026369018214089 1
1678280458293 0.07009543265615191 1
1678280458911 0.06992694629090172 1
1678280459551 0.0697565818471568 1
1678280460203 0.06958429887890816 1
1678280460834 0.06941020914486476 1
1678280461550 0.06923511145370347 1
1678280462171 0.06905910479170936 1
1678280462792 0.0688820444047451 1
1678280463413 0.0687034625027861 1
1678280464034 0.06852367573550769 1
1678280464684 0.06834265430058752 1
1678280465331 0.06816017734152931 1
1678280465964 0.0679763640676226 1
1678280466596 0.06779128951685769 1
1678280467223 0.06760495688234057 1
1678280467842 0.0674176322562354 1
1678280468461 0.06722905061074666 1
1678280469080 0.06704007302011762 1
1678280469732 0.06685038443122591 1
1678280470376 0.06666002582226481 1
1678280471010 0.06647062088762011 1
1678280471629 0.06628072634339333 1
1678280472249 0.06609024267111506 1
1678280472870 0.06589914006846291 1
1678280473490 0.06570811250380107 1
1678280474111 0.06551714028630938 1
1678280474767 0.06532550922461919 1
1678280475411 0.06513338536024094 1
1678280476037 0.0649422061230455 1
1678280476657 0.06475056282111577 1
1678280477276 0.0645583804164614 1
1678280477896 0.0643656924366951 1
1678280478515 0.06417280435562134 1
1678280479135 0.06397953523056847 1
1678280479787 0.06378548432673727 1
1678280480429 0.06359136264239039 1
1678280481053 0.06339773855039052 1
1678280481674 0.0632035881280899 1
1678280482293 0.06300972561751093 1
1678280482913 0.06281675132257598 1
1678280483535 0.06262360459991864 1
1678280484155 0.06243014335632324 1
1678280484815 0.06223614088126591 1
1678280485462 0.06204157216208322 1
1678280486093 0.061846518622977395 1
1678280486722 0.06165141612291336 1
1678280487351 0.061456182173320224 1
1678280487980 0.061261074883597236 1
1678280488601 0.061068648738520484 1
1678280489225 0.06087835718478475 1
1678280489879 0.06068932371480124 1
1678280490593 0.06050028705171177 1
1678280491225 0.06031136055077825 1
1678280491854 0.06012358143925667 1
1678280492475 0.05993646117193358 1
1678280493096 0.059751364801611216 1
1678280493717 0.059568128415516446 1
1678280494346 0.059389261794941764 1
1678280495007 0.0592129012303693 1
1678280495648 0.059036803032670705 1
1678280496277 0.05886075645685196 1
1678280496904 0.058684811528239934 1
1678280497524 0.0585112880383219 1
1678280498145 0.05834147387317249 1
1678280498764 0.058174311582531245 1
1678280499395 0.05800917372107506 1
1678280500051 0.057844890015465875 1
1678280500685 0.057681429599012644 1
1678280501306 0.05752036880169596 1
1678280501925 0.05736080291015761 1
1678280502544 0.0572030491062573 1
1678280503164 0.05704652039068086 1
1678280503784 0.056890319500650675 1
1678280504416 0.056737620915685384 1
1678280505085 0.05658641989742007 1
1678280505733 0.05643673347575324 1
1678280506353 0.05628846798624311 1
1678280506975 0.05614175168531282 1
1678280507599 0.05599627856697355 1
1678280508220 0.055853442421981266 1
1678280508841 0.055712049560887475 1
1678280509478 0.055573279836348126 1
1678280510220 0.05543934394206319 1
1678280510879 0.05530873207109315 1
1678280511499 0.05518186411687306 1
1678280512119 0.05505762408886637 1
1678280512740 0.05493563200746264 1
1678280513360 0.05481405183672905 1
1678280513979 0.0546929623399462 1
1678280514621 0.05457271422658648 1
1678280515272 0.054456217480557303 1
1678280515893 0.05434245829071317 1
1678280516513 0.054229950266225 1
1678280517135 0.05411873970712934 1
1678280517755 0.05400877658809934 1
1678280518377 0.05390048559222903 1
1678280518998 0.05379355698823929 1
1678280519644 0.05368769434945924 1
1678280520393 0.053582521953753064 1
1678280521016 0.053478644894702096 1
1678280521637 0.053375690643276484 1
1678280522257 0.05327369113053594 1
1678280522877 0.053172410598823 1
1678280523497 0.05307185649871826 1
1678280524117 0.05297216826251575 1
1678280524767 0.0528738083583968 1
1678280525411 0.05277636008603232 1
1678280526031 0.05268006292837007 1
1678280526650 0.0525853405041354 1
1678280527270 0.05249154567718506 1
1678280527890 0.05239854220833097 1
1678280528510 0.05230634233781269 1
1678280529130 0.052216269608054845 1
1678280529779 0.05212766730359623 1
1678280530423 0.05204003996082714 1
1678280531042 0.05195377447775432 1
1678280531662 0.051868135907820294 1
1678280532282 0.05178491718002728 1
1678280532901 0.05170265159436634 1
1678280533521 0.05162125027605465 1
1678280534140 0.051541195916278024 1
1678280534793 0.05146324474896703 1
1678280535446 0.05138612964323589 1
1678280536078 0.05131009008203234 1
1678280536699 0.05123496002384594 1
1678280537320 0.051161633006164005 1
1678280537940 0.051089289997305186 1
1678280538560 0.051017643617732186 1
1678280539179 0.050946883857250214 1
1678280539829 0.05087680955018316 1
1678280540472 0.05080748296209744 1
1678280541085 0.05073896050453186 1
1678280541685 0.05067114585212299 1
1678280542287 0.05060404006923948 1
1678280542887 0.05053769052028656 1
1678280543488 0.0504720929477896 1
1678280544098 0.05040786415338516 1
1678280544738 0.05034501211983817 1
1678280545386 0.050283118550266535 1
1678280545991 0.050222830580813546 1
1678280546665 0.05016369053295681 1
1678280547278 0.050106195999043326 1
1678280547888 0.05005004523055894 1
1678280548499 0.04999584598200662 1
1678280549112 0.04994241573980877 1
1678280549754 0.04988954429115568 1
1678280550401 0.04983746845807348 1
1678280551022 0.04978636545794351 1
1678280551643 0.04973605754120009 1
1678280552264 0.049686236040932794 1
1678280552885 0.04963713724698339 1
1678280553506 0.04958864620753697 1
1678280554126 0.049540799643312185 1
1678280554770 0.04949355285082545 1
1678280555414 0.04944711657507079 1
1678280556034 0.049401222062962394 1
1678280556655 0.049355871443237574 1
1678280557275 0.049311310052871704 1
1678280557896 0.04926821057285581 1
1678280558516 0.049225730023213794 1
1678280559139 0.049183767288923264 1
1678280559783 0.049142280859606605 1
