1678280434532 16524.251813616072 1
1678280435184 13535.638113839286 1
1678280435808 10408.141880580357 1
1678280436423 7083.67333984375 1
1678280437039 3694.3514229910716 1
1678280437655 925.0593370710101 1
1678280438272 170.47168241228377 1
1678280438888 403.8961421421596 1
1678280439528 88.84492356436593 1
1678280440173 76.00011880057198 1
1678280440790 81.54468699863979 1
1678280441405 42.32938248770578 1
1678280442029 42.99601364135742 1
1678280442648 41.114392689296174 1
1678280443263 37.53867203848703 1
1678280443879 38.15404292515346 1
1678280444516 37.04303741455078 1
1678280445163 36.914510999407085 1
1678280445790 36.76816477094378 1
1678280446409 36.58156885419573 1
1678280447025 36.465756280081614 1
1678280447641 36.30946895054409 1
1678280448256 36.194684982299805 1
1678280448871 36.06887544904436 1
1678280449509 35.94128608703613 1
1678280450157 35.80852154323033 1
1678280450790 35.67747579302107 1
1678280451417 35.5458801814488 1
1678280452036 35.411420822143555 1
1678280452654 35.274626050676616 1
1678280453273 35.13685171944754 1
1678280453891 34.99809646606445 1
1678280454531 34.85774530683245 1
1678280455181 34.71586554391043 1
1678280455811 34.57286126273019 1
1678280456432 34.42883219037737 1
1678280457051 34.283587319510325 1
1678280457669 34.13726970127651 1
1678280458289 33.990002495901926 1
1678280458907 33.841841561453684 1
1678280459547 33.692777906145366 1
1678280460199 33.54293932233538 1
1678280460830 33.39233561924526 1
1678280461546 33.24104717799595 1
1678280462167 33.089111600603374 1
1678280462788 32.93658338274275 1
1678280463409 32.783551352364675 1
1678280464030 32.63005583626883 1
1678280464680 32.476148332868306 1
1678280465327 32.321877343314036 1
1678280465960 32.16727038792202 1
1678280466592 32.012438092912944 1
1678280467219 31.857389450073242 1
1678280467838 31.702228818620956 1
1678280468457 31.54694175720215 1
1678280469077 31.391613824026926 1
1678280469728 31.23630087716239 1
1678280470373 31.081037248883927 1
1678280471005 30.925872530255997 1
1678280471625 30.770843233380997 1
1678280472245 30.6160398210798 1
1678280472866 30.46143967764718 1
1678280473487 30.30715015956334 1
1678280474107 30.153182438441686 1
1678280474763 29.999592644827707 1
1678280475407 29.84640121459961 1
1678280476033 29.69368008204869 1
1678280476653 29.54142897469657 1
1678280477272 29.389738627842494 1
1678280477892 29.238621847970144 1
1678280478511 29.088133130754745 1
1678280479131 28.938310623168945 1
1678280479783 28.78917912074498 1
1678280480425 28.64075905936105 1
1678280481050 28.493130820138113 1
1678280481670 28.346309934343612 1
1678280482289 28.20029694693429 1
1678280482909 28.05519131251744 1
1678280483531 27.910984584263392 1
1678280484151 27.76772662571498 1
1678280484810 27.625443867274694 1
1678280485458 27.48415102277483 1
1678280486090 27.343896320887975 1
1678280486718 27.204708099365234 1
1678280487347 27.066632952008927 1
1678280487976 26.929655620029994 1
1678280488597 26.793839590890066 1
1678280489221 26.659177780151367 1
1678280489875 26.525737489972794 1
1678280490589 26.393526077270508 1
1678280491221 26.262563160487584 1
1678280491850 26.132871627807617 1
1678280492471 26.00449344090053 1
1678280493093 25.87741688319615 1
1678280493713 25.751699720110214 1
1678280494342 25.62734658377511 1
1678280495003 25.50433840070452 1
1678280495644 25.382754462105886 1
1678280496274 25.262572969709122 1
1678280496900 25.143816539219447 1
1678280497520 25.026521955217635 1
1678280498141 24.910672869001115 1
1678280498761 24.796303340366908 1
1678280499390 24.68343026297433 1
1678280500046 24.57204736982073 1
1678280500681 24.462165560041154 1
1678280501302 24.353815623692103 1
1678280501921 24.24697984967913 1
1678280502541 24.141692570277623 1
1678280503160 24.037959780011857 1
1678280503780 23.9357487814767 1
1678280504412 23.835115705217635 1
1678280505073 23.736033030918666 1
1678280505729 23.638520649501256 1
1678280506350 23.542578833443777 1
1678280506971 23.4481999533517 1
1678280507593 23.355400357927596 1
1678280508217 23.264157431466238 1
1678280508837 23.174502781459264 1
1678280509474 23.08640561785017 1
1678280510137 22.999881471906388 1
1678280510875 22.914919444492885 1
1678280511495 22.83150209699358 1
1678280512115 22.74965476989746 1
1678280512736 22.669334411621094 1
1678280513356 22.590545109340123 1
1678280513976 22.513314655848912 1
1678280514617 22.437582560947963 1
1678280515268 22.363381794520787 1
1678280515889 22.290671757289342 1
1678280516509 22.21946689060756 1
1678280517131 22.14972468784877 1
1678280517751 22.081463405064174 1
1678280518374 22.01464353288923 1
1678280518994 21.94928741455078 1
1678280519640 21.885385513305664 1
1678280520389 21.82281630379813 1
1678280521013 21.761735371180944 1
1678280521633 21.701962879725865 1
1678280522253 21.643596649169922 1
1678280522874 21.586570739746094 1
1678280523494 21.53086962018694 1
1678280524113 21.476448604038783 1
1678280524762 21.423362731933594 1
1678280525407 21.371519361223495 1
1678280526027 21.32095745631627 1
1678280526647 21.27160590035575 1
1678280527267 21.223471777779714 1
1678280527886 21.176517486572266 1
1678280528507 21.130762372698104 1
1678280529126 21.08614867074149 1
1678280529775 21.042648587908065 1
1678280530419 21.000274385724747 1
1678280531039 20.95892906188965 1
1678280531658 20.918700081961497 1
1678280532278 20.879476274762833 1
1678280532897 20.841270991734095 1
1678280533517 20.80408832005092 1
1678280534136 20.76781381879534 1
1678280534789 20.732569558279856 1
1678280535442 20.69818333217076 1
1678280536074 20.664734159197128 1
1678280536695 20.632144655500138 1
1678280537316 20.600417954581125 1
1678280537936 20.569492885044642 1
1678280538556 20.53943429674421 1
1678280539176 20.510135650634766 1
1678280539824 20.48158441271101 1
1678280540468 20.453794070652553 1
1678280541081 20.42671271732875 1
1678280541681 20.400331497192383 1
1678280542283 20.37460626874651 1
1678280542883 20.349560601370676 1
1678280543484 20.32520716530936 1
1678280544094 20.30136857713972 1
1678280544734 20.278235299246653 1
1678280545382 20.255618776593888 1
1678280545987 20.233595166887557 1
1678280546661 20.21208463396345 1
1678280547274 20.191090720040457 1
1678280547884 20.17059830256871 1
1678280548496 20.150579043797084 1
1678280549108 20.13104248046875 1
1678280549750 20.111904008047922 1
1678280550397 20.09322588784354 1
1678280551018 20.074888229370117 1
1678280551640 20.056986127580917 1
1678280552260 20.03940228053502 1
1678280552881 20.022223336356028 1
1678280553502 20.005348750523158 1
1678280554122 19.988800730024064 1
1678280554766 19.97257682255336 1
1678280555410 19.956632477896555 1
1678280556030 19.940966606140137 1
1678280556651 19.925566264561244 1
1678280557272 19.91041006360735 1
1678280557892 19.895513125828334 1
1678280558512 19.88081250871931 1
1678280559135 19.866348266601562 1
1678280559778 19.85207121712821 1
