1678233649559 33.82066196338772 1
1678233650134 33.82066196338772 1
1678233650693 33.82066196338772 1
1678233651251 33.82066196338772 1
1678233651818 33.82066196338772 1
1678233652409 33.82066196338772 1
1678233652981 33.82066196338772 1
1678233653540 33.82066196338772 1
1678233654099 33.82066196338772 1
1678233654658 33.82066196338772 1
1678233655216 33.82066196338772 1
1678233655774 33.82066196338772 1
1678233656332 33.82066196338772 1
1678233656906 33.82066196338772 1
1678233657496 33.82066196338772 1
1678233658062 33.82066196338772 1
1678233658626 33.82066196338772 1
1678233659184 33.82066196338772 1
1678233659742 33.82066196338772 1
1678233660301 33.82066196338772 1
1678233660860 33.82066196338772 1
1678233661417 33.82066196338772 1
1678233661995 33.82066196338772 1
1678233662584 33.82066196338772 1
1678233663152 33.82066196338772 1
1678233663719 33.82066196338772 1
1678233664277 33.82066196338772 1
1678233664909 33.82066196338772 1
1678233665468 33.82066196338772 1
1678233666025 33.82066196338772 1
1678233666583 33.82066196338772 1
1678233667170 33.82066196338772 1
1678233667753 33.82066196338772 1
1678233668316 33.82066196338772 1
