1678233649561 0.9999999914850507 1
1678233650136 0.9999999914850507 1
1678233650694 0.9999999914850507 1
1678233651253 0.9999999914850507 1
1678233651820 0.9999999914850507 1
1678233652411 0.9999999914850507 1
1678233652983 0.9999999914850507 1
1678233653542 0.9999999914850507 1
1678233654101 0.9999999914850507 1
1678233654659 0.9999999914850507 1
1678233655218 0.9999999914850507 1
1678233655776 0.9999999914850507 1
1678233656334 0.9999999914850507 1
1678233656908 0.9999999914850507 1
1678233657498 0.9999999914850507 1
1678233658064 0.9999999914850507 1
1678233658628 0.9999999914850507 1
1678233659186 0.9999999914850507 1
1678233659744 0.9999999914850507 1
1678233660302 0.9999999914850507 1
1678233660861 0.9999999914850507 1
1678233661419 0.9999999914850507 1
1678233661997 0.9999999914850507 1
1678233662586 0.9999999914850507 1
1678233663154 0.9999999914850507 1
1678233663721 0.9999999914850507 1
1678233664279 0.9999999914850507 1
1678233664910 0.9999999914850507 1
1678233665469 0.9999999914850507 1
1678233666027 0.9999999914850507 1
1678233666585 0.9999999914850507 1
1678233667172 0.9999999914850507 1
1678233667755 0.9999999914850507 1
1678233668318 0.9999999914850507 1
