1678233649556 1143.8371756417412 1
1678233650132 1143.8371756417412 1
1678233650691 1143.8371756417412 1
1678233651249 1143.8371756417412 1
1678233651816 1143.8371756417412 1
1678233652407 1143.8371756417412 1
1678233652979 1143.8371756417412 1
1678233653538 1143.8371756417412 1
1678233654097 1143.8371756417412 1
1678233654656 1143.8371756417412 1
1678233655214 1143.8371756417412 1
1678233655772 1143.8371756417412 1
1678233656330 1143.8371756417412 1
1678233656904 1143.8371756417412 1
1678233657494 1143.8371756417412 1
1678233658060 1143.8371756417412 1
1678233658625 1143.8371756417412 1
1678233659182 1143.8371756417412 1
1678233659741 1143.8371756417412 1
1678233660299 1143.8371756417412 1
1678233660858 1143.8371756417412 1
1678233661416 1143.8371756417412 1
1678233661993 1143.8371756417412 1
1678233662582 1143.8371756417412 1
1678233663150 1143.8371756417412 1
1678233663717 1143.8371756417412 1
1678233664276 1143.8371756417412 1
1678233664907 1143.8371756417412 1
1678233665466 1143.8371756417412 1
1678233666023 1143.8371756417412 1
1678233666581 1143.8371756417412 1
1678233667168 1143.8371756417412 1
1678233667751 1143.8371756417412 1
1678233668315 1143.8371756417412 1
