1678282312554 0.9999999914850507 1
1678282313203 0.9999999914850507 1
1678282313815 0.9999999914850507 1
1678282314428 0.9999999914850507 1
1678282315040 0.9999999914850507 1
1678282315652 0.9999999914850507 1
1678282316263 0.9999999914850507 1
1678282316876 0.9999999914850507 1
1678282317516 0.9999999914850507 1
1678282318157 0.9999999914850507 1
1678282318768 0.9999999914850507 1
1678282319378 0.9999999914850507 1
1678282319990 0.9999999914850507 1
1678282320601 0.9999999914850507 1
1678282321212 0.9999999914850507 1
1678282321823 0.9999999914850507 1
1678282322457 0.9999999914850507 1
1678282323099 0.9999999914850507 1
1678282323712 0.9999999914850507 1
