1678282868778 102.33313399139108 1
1678282869376 88.15470544805835 1
1678282869967 71.18102178757492 1
1678282870560 50.28300523272625 1
1678282871223 23.666844570072033 1
1678282871816 12.372084281003907 1
1678282872412 16.44872438203151 1
1678282873034 7.563720568596441 1
1678282873643 7.656080487657449 1
1678282874234 7.71096636995473 1
1678282874824 5.9484417362034145 1
1678282875414 5.965040333752764 1
1678282876004 5.902343865411091 1
1678282876594 5.679775004238488 1
1678282877184 5.717558880417658 1
1678282877794 5.677987808164542 1
1678282878414 5.65831248700035 1
1678282879016 5.654427828755882 1
1678282879607 5.642554245695343 1
1678282880197 5.638644572355222 1
1678282880787 5.632342097271573 1
1678282881378 5.626073438157643 1
1678282881970 5.619880235498401 1
1678282882569 5.613694591873092 1
1678282883193 5.607670055454452 1
1678282883802 5.601360821328287 1
1678282884396 5.594873898450058 1
1678282884987 5.588201085913458 1
1678282885579 5.5814455307191615 1
1678282886170 5.574533516076261 1
1678282886761 5.567413609114806 1
1678282887353 5.560136957471447 1
1678282887976 5.552730056747982 1
1678282888593 5.545204644869677 1
1678282889189 5.537534971597285 1
1678282889780 5.529639353638967 1
1678282890370 5.521538831081895 1
1678282890960 5.513231907663532 1
1678282891550 5.504731533443198 1
1678282892139 5.496168734298176 1
1678282892749 5.487693419245787 1
1678282893374 5.479350799555341 1
1678282893976 5.47120224137047 1
1678282894569 5.46317789012287 1
1678282895160 5.455200599777243 1
1678282895751 5.447133817730616 1
1678282896433 5.438770314927754 1
1678282897025 5.4299344452611935 1
1678282897629 5.420520749973462 1
1678282898255 5.4106787033385855 1
1678282898861 5.40112956812364 1
1678282899454 5.391820600461017 1
1678282900044 5.382483434139706 1
1678282900635 5.373251190080547 1
1678282901226 5.3642635396521205 1
1678282901816 5.3556481701296725 1
1678282902406 5.347348256573084 1
1678282903031 5.33930451617186 1
1678282903647 5.331413542271162 1
1678282904244 5.323626213498897 1
1678282904835 5.315868124219917 1
1678282905425 5.308104650638062 1
1678282906017 5.300284001229294 1
1678282906607 5.292420183791452 1
1678282907197 5.284491220755826 1
1678282907808 5.276440685445471 1
1678282908428 5.2681846202820966 1
1678282909027 5.25975782844994 1
1678282909617 5.251267260756161 1
1678282910207 5.242885180138875 1
1678282910798 5.234679906622868 1
1678282911389 5.2265844220408955 1
1678282911979 5.218511571079529 1
1678282912579 5.210417322212629 1
1678282913205 5.202299113865011 1
1678282913815 5.194165541820319 1
1678282914408 5.186022838704276 1
1678282914999 5.1778683039443045 1
1678282915591 5.169694502596299 1
1678282916183 5.161490547453949 1
1678282916775 5.153269698295833 1
1678282917366 5.145034177879265 1
1678282917986 5.136770866664254 1
1678282918601 5.1284790724466 1
1678282919200 5.12014750791835 1
1678282919790 5.111772700417109 1
1678282920381 5.1033963496121535 1
1678282920972 5.095051738690769 1
1678282921563 5.086741862876572 1
1678282922154 5.0784600518330665 1
1678282922763 5.070169388474616 1
1678282923384 5.061862643049179 1
1678282923985 5.053534155702892 1
1678282924650 5.045170262831278 1
1678282925242 5.036779173211515 1
1678282925834 5.028359314699231 1
1678282926429 5.019913229368813 1
1678282927021 5.011427246151985 1
1678282927622 5.002961017681486 1
1678282928246 4.9945040060774435 1
1678282928850 4.9861376558821675 1
1678282929441 4.977833330875411 1
1678282930032 4.969547368836782 1
1678282930626 4.9612763193669 1
1678282931217 4.953010657470412 1
1678282931808 4.944761017784534 1
1678282932399 4.936523534093718 1
1678282933022 4.928313609896699 1
1678282933635 4.920127838813242 1
1678282934238 4.911964400063475 1
1678282934841 4.903816265137587 1
1678282935440 4.89568456792862 1
1678282936035 4.887568972361897 1
1678282936627 4.879467353027081 1
1678282937218 4.871384869696302 1
1678282937830 4.863321757845498 1
1678282938448 4.855278731305083 1
1678282939063 4.847260387088408 1
1678282939653 4.839263919988369 1
1678282940244 4.8312816556091915 1
1678282940835 4.823317505915374 1
1678282941425 4.815356537413912 1
1678282942014 4.8074172432151885 1
1678282942613 4.799537001713916 1
1678282943234 4.791723269173684 1
1678282943833 4.783998043369744 1
1678282944423 4.776345466729061 1
1678282945014 4.76875363285317 1
1678282945604 4.761213217883898 1
1678282946193 4.753719336458563 1
1678282946783 4.746271692312041 1
1678282947373 4.738868778486855 1
1678282947995 4.731511467200238 1
1678282948607 4.724201586471648 1
1678282949197 4.716937277237855 1
1678282949788 4.709724188687333 1
1678282950378 4.702562556516681 1
1678282950971 4.695451600644112 1
1678282951561 4.688395939535961 1
1678282952152 4.6813930875950955 1
1678282952854 4.674446837918989 1
1678282953473 4.667556158917832 1
1678282954064 4.660724541747319 1
1678282954659 4.653952012310155 1
1678282955250 4.6472391220977105 1
1678282955841 4.640589535473554 1
1678282956433 4.634001555158134 1
1678282957025 4.6274769605019035 1
1678282957627 4.621018024805791 1
1678282958250 4.614624197117864 1
1678282958852 4.608297152727444 1
1678282959449 4.602037611144238 1
1678282960047 4.595847626823494 1
1678282960642 4.58972596733374 1
1678282961236 4.58367520993534 1
1678282961831 4.577694966147277 1
1678282962425 4.57178722618051 1
1678282963051 4.5659499142583195 1
1678282963662 4.560187005436682 1
1678282964255 4.554497690318945 1
1678282964849 4.548882155187308 1
1678282965443 4.543342427830126 1
1678282966036 4.537877855177505 1
1678282966629 4.532488573796517 1
1678282967222 4.527174897714432 1
1678282967835 4.521937018138746 1
1678282968460 4.516776510849183 1
1678282969054 4.511693143093689 1
1678282969648 4.5066864806030145 1
1678282970241 4.501756597720802 1
1678282970834 4.496904716442744 1
1678282971427 4.492130786229728 1
1678282972020 4.487430016077808 1
1678282972623 4.4827960867615255 1
1678282973247 4.4782371764783235 1
1678282973851 4.473746099259078 1
1678282974445 4.469332661785505 1
1678282975039 4.464993844681779 1
1678282975633 4.460717358763185 1
1678282976228 4.456511209605791 1
1678282976822 4.452381135004601 1
1678282977418 4.448323395962692 1
1678282978043 4.444341348027556 1
1678282978728 4.440423198351121 1
1678282979324 4.436580017636874 1
1678282979919 4.432811755001605 1
1678282980514 4.429123646283234 1
1678282981113 4.42552184875583 1
1678282981708 4.421998516670358 1
1678282982303 4.418546561034229 1
1678282982921 4.415172258962428 1
1678282983540 4.411869365562009 1
1678282984134 4.4086392619880685 1
1678282984729 4.405480685802698 1
1678282985323 4.402381752711813 1
1678282985917 4.39935136819626 1
1678282986512 4.396381399966944 1
1678282987106 4.393478156929993 1
1678282987714 4.390632043705824 1
1678282988343 4.3878491329135 1
