1678282868781 0.6420789957046509 1
1678282869378 0.5601914184434074 1
1678282869970 0.4618569612503052 1
1678282870562 0.33972449813570293 1
1678282871225 0.17648953944444656 1
1678282871818 0.09271616062947682 1
1678282872414 0.11115451369966779 1
1678282873036 0.07407502776810101 1
1678282873645 0.08561867262635912 1
1678282874236 0.08611453218119484 1
1678282874826 0.06952618328588349 1
1678282875416 0.06824878709656852 1
1678282876006 0.06778571648257119 1
1678282876596 0.0666903273335525 1
1678282877186 0.06715944675462586 1
1678282877797 0.0667048671415874 1
1678282878416 0.06642887794545718 1
1678282879018 0.06633155207548823 1
1678282879609 0.06627896268452917 1
1678282880199 0.06625431030988693 1
1678282880789 0.0661620662680694 1
1678282881380 0.06606291394148554 1
1678282881972 0.06598761571305138 1
1678282882571 0.06592178238289696 1
1678282883195 0.0658469567341464 1
1678282883804 0.06576259806752205 1
1678282884398 0.06567872954266411 1
1678282884989 0.06559649695243154 1
1678282885581 0.06551192913736616 1
1678282886172 0.06542330448116575 1
1678282886763 0.06533187947102956 1
1678282887355 0.06523886482630457 1
1678282887979 0.0651440726859229 1
1678282888595 0.06504669519407409 1
1678282889192 0.06494717193501336 1
1678282889782 0.06484484087143626 1
1678282890372 0.06473928956048829 1
1678282890962 0.06463036420089859 1
1678282891552 0.06451873215181488 1
1678282892141 0.0644062805388655 1
1678282892751 0.06429395877889224 1
1678282893376 0.06418343686631747 1
1678282893978 0.06407531031540462 1
1678282894571 0.0639691288982119 1
1678282895162 0.06386363187006541 1
1678282895753 0.06375696935823985 1
1678282896435 0.06364648735948972 1
1678282897027 0.06352912687829562 1
1678282897631 0.06340377990688596 1
1678282898257 0.06327391043305397 1
1678282898863 0.0631471515766212 1
1678282899456 0.06302508765033313 1
1678282900046 0.06290323500122343 1
1678282900637 0.06278217530676297 1
1678282901228 0.06266357749700546 1
1678282901818 0.06255034357309341 1
1678282902408 0.062441633215972354 1
1678282903033 0.06233594353709902 1
1678282903649 0.062232552362339835 1
1678282904246 0.06213052198290825 1
1678282904837 0.06202942878007889 1
1678282905427 0.061928646372897286 1
1678282906019 0.061826733606202264 1
1678282906609 0.06172395816871098 1
1678282907199 0.06162087353212493 1
1678282907810 0.061516349869115014 1
1678282908430 0.06140906363725662 1
1678282909029 0.061299474111625125 1
1678282909619 0.06118790273155485 1
1678282910209 0.06107628026178905 1
1678282910800 0.06096612608858517 1
1678282911391 0.06085813790559769 1
1678282911981 0.06075034184115274 1
1678282912581 0.06064283528498241 1
1678282913208 0.06053505625043597 1
1678282913818 0.060427328305585046 1
1678282914410 0.06031893619469234 1
1678282915001 0.060209836278642924 1
1678282915593 0.06009986038718905 1
1678282916185 0.05998930388263294 1
1678282916777 0.05987883252756936 1
1678282917368 0.05976796309862818 1
1678282917988 0.05965694785118103 1
1678282918603 0.05954540414469583 1
1678282919202 0.05943267526371138 1
1678282919792 0.05931892991065979 1
1678282920383 0.059205355388777595 1
1678282920975 0.059092916016067774 1
1678282921565 0.05898083161030497 1
1678282922156 0.058868754122938426 1
1678282922765 0.05875617265701294 1
1678282923387 0.05864315799304417 1
1678282923987 0.05853087667907987 1
1678282924652 0.05841915575521333 1
1678282925244 0.058307066559791565 1
1678282925836 0.058194427085774283 1
1678282926431 0.05808128469756672 1
1678282927023 0.05796734296849796 1
1678282927624 0.05785366839596203 1
1678282928248 0.05774063670209476 1
1678282928852 0.0576284575675215 1
1678282929443 0.05751644766756466 1
1678282930034 0.05740415304899216 1
1678282930628 0.057291481643915176 1
1678282931219 0.05717843611325536 1
1678282931810 0.057065037212201526 1
1678282932401 0.05695167928934097 1
1678282933024 0.056838965841702054 1
1678282933637 0.05672576065574374 1
1678282934240 0.0566131163920675 1
1678282934843 0.05650052108934948 1
1678282935442 0.056387369121823995 1
1678282936037 0.05627474561333656 1
1678282936629 0.05616377347282001 1
1678282937220 0.056053170668227334 1
1678282937832 0.05594263332230704 1
1678282938451 0.055832786219460626 1
1678282939065 0.05572346970438957 1
1678282939655 0.055614035576581955 1
1678282940246 0.05550442955323628 1
1678282940837 0.055394316890410016 1
1678282941427 0.05528357465352331 1
1678282942016 0.05517291969486645 1
1678282942615 0.05506222429020064 1
1678282943237 0.05495176783629826 1
1678282943835 0.05484265142253467 1
1678282944425 0.05473420023918152 1
1678282945016 0.05462646537593433 1
1678282945606 0.054519872048071454 1
1678282946195 0.054413986525365284 1
1678282946785 0.054307800850697925 1
1678282947375 0.054201711501394 1
1678282947997 0.05409532732197216 1
1678282948609 0.053989377937146595 1
1678282949199 0.05388419596212251 1
1678282949790 0.05377922632864544 1
1678282950380 0.05367458079542432 1
1678282950973 0.05357163026928902 1
1678282951563 0.05346956104040146 1
1678282952154 0.05336835767541613 1
1678282952857 0.05326753748314721 1
1678282953475 0.05316668429544994 1
1678282954067 0.05306663843137877 1
1678282954661 0.05296668889267104 1
1678282955252 0.05286704110247748 1
1678282955843 0.052767959024224965 1
1678282956435 0.05266904351966722 1
1678282957027 0.05257075333169529 1
1678282957629 0.0524726930473532 1
1678282958252 0.05237521231174469 1
1678282958854 0.05227768900138991 1
1678282959451 0.052180367921079905 1
1678282960049 0.05208419103707586 1
1678282960644 0.05198850589139121 1
1678282961239 0.0518930900309767 1
1678282961833 0.051800310611724854 1
1678282962427 0.051708074020487924 1
1678282963053 0.05161628978593009 1
1678282963664 0.05152476632169315 1
1678282964257 0.0514333327966077 1
1678282964851 0.051343362246240885 1
1678282965445 0.051253615213291984 1
1678282966038 0.0511647920523371 1
1678282966631 0.05107624243412699 1
1678282967224 0.05098911960210119 1
1678282967837 0.05090224051049778 1
1678282968462 0.05081558546849659 1
1678282969056 0.05073104639138494 1
1678282969650 0.05064679043633597 1
1678282970243 0.050562730857304165 1
1678282970836 0.05047906935214996 1
1678282971429 0.05039556697010994 1
1678282972023 0.05031285594616618 1
1678282972625 0.05023059727890151 1
1678282973249 0.05014851902212415 1
1678282973853 0.050067050116402764 1
1678282974447 0.049986038357019424 1
1678282975041 0.049905462988785336 1
1678282975636 0.04982714727520943 1
1678282976230 0.0497496851852962 1
1678282976824 0.0496733875146934 1
1678282977420 0.049597294202872684 1
1678282978045 0.04952137438314302 1
1678282978731 0.049445633909532 1
1678282979326 0.04937015048095158 1
1678282979921 0.04929491611463683 1
1678282980516 0.049219985625573566 1
1678282981115 0.04914559743234089 1
1678282981710 0.04907192715576717 1
1678282982305 0.0489989881004606 1
1678282982923 0.048926397625889094 1
1678282983542 0.0488541413630758 1
1678282984136 0.04878312508974757 1
1678282984731 0.04871289112738201 1
1678282985325 0.04864364968878882 1
1678282985919 0.04857504900012698 1
1678282986514 0.04850672824042184 1
1678282987108 0.04843879810401371 1
1678282987716 0.04837118781038693 1
1678282988345 0.04830394685268402 1
