1678282868774 10472.0703125 1
1678282869373 7771.252092633928 1
1678282869965 5066.737862723215 1
1678282870558 2528.380615234375 1
1678282871221 560.1195319039481 1
1678282871814 153.06846945626395 1
1678282872409 270.56053379603793 1
1678282873032 57.20986883980887 1
1678282873641 58.615568433489116 1
1678282874232 59.459002358572825 1
1678282874822 35.383959089006694 1
1678282875412 35.58170618329729 1
1678282876002 34.83766310555594 1
1678282876592 32.25984409877232 1
1678282877182 32.69047955104283 1
1678282877792 32.23954554966518 1
1678282878412 32.01650020054409 1
1678282879013 31.972554070608957 1
1678282879605 31.838418415614537 1
1678282880195 31.794312613351003 1
1678282880785 31.723277500697545 1
1678282881376 31.65270233154297 1
1678282881967 31.583053861345565 1
1678282882567 31.513566970825195 1
1678282883191 31.44596345084054 1
1678282883799 31.375243050711497 1
1678282884394 31.302613939557755 1
1678282884985 31.227991376604354 1
1678282885576 31.152534212384904 1
1678282886168 31.07542392185756 1
1678282886759 30.99609429495675 1
1678282887350 30.915122985839844 1
1678282887974 30.832811083112443 1
1678282888591 30.749294553484237 1
1678282889187 30.664293561662948 1
1678282889778 30.57691138131278 1
1678282890368 30.48739106314523 1
1678282890958 30.39572606767927 1
1678282891547 30.3020692552839 1
1678282892137 30.207870755876815 1
1678282892746 30.11477906363351 1
1678282893371 30.023285184587753 1
1678282893974 29.93405396597726 1
1678282894567 29.84631265912737 1
1678282895158 29.759213583809988 1
1678282895749 29.67126682826451 1
1678282896431 29.580222538539342 1
1678282897023 29.484188079833984 1
1678282897626 29.382045200892858 1
1678282898253 29.27544403076172 1
1678282898859 29.17220061165946 1
1678282899452 29.071729387555802 1
1678282900042 28.971127918788365 1
1678282900633 28.87182835170201 1
1678282901223 28.7753233228411 1
1678282901814 28.682967322213308 1
1678282902404 28.594133377075195 1
1678282903029 28.508172716413224 1
1678282903644 28.42397035871233 1
1678282904242 28.340996061052596 1
1678282904833 28.258453914097377 1
1678282905423 28.175974982125418 1
1678282906014 28.09301049368722 1
1678282906604 28.009711401803152 1
1678282907195 27.925847462245397 1
1678282907805 27.840826307024276 1
1678282908426 27.753769193376815 1
1678282909025 27.66505241394043 1
1678282909615 27.57580784388951 1
1678282910205 27.487845012119838 1
1678282910796 27.4018737248012 1
1678282911387 27.317184720720565 1
1678282911977 27.23286301749093 1
1678282912577 27.14844867161342 1
1678282913203 27.063916070120676 1
1678282913813 26.979355675833567 1
1678282914406 26.894832883562362 1
1678282914997 26.810320172991073 1
1678282915589 26.725741250174387 1
1678282916181 26.640984671456472 1
1678282916773 26.556188583374023 1
1678282917364 26.47137669154576 1
1678282917984 26.38641493661063 1
1678282918599 26.30129759652274 1
1678282919198 26.215910502842494 1
1678282919788 26.13022014072963 1
1678282920379 26.044654301234655 1
1678282920970 25.959552219935826 1
1678282921561 25.874942779541016 1
1678282922152 25.790756498064315 1
1678282922760 25.706617627825057 1
1678282923382 25.622453417096818 1
1678282923983 25.53820746285575 1
1678282924648 25.45374298095703 1
1678282925240 25.369144439697266 1
1678282925832 25.28439739772252 1
1678282926427 25.19952883039202 1
1678282927019 25.11440304347447 1
1678282927620 25.029618944440568 1
1678282928244 24.945070266723633 1
1678282928847 24.861568723406112 1
1678282929439 24.778824669974192 1
1678282930030 24.696401051112584 1
1678282930624 24.61426271711077 1
1678282931215 24.532314573015487 1
1678282931806 24.450661523001536 1
1678282932397 24.369264602661133 1
1678282933020 24.288275037493026 1
1678282933633 24.207657950265066 1
1678282934236 24.12739426749093 1
1678282934839 24.047413962227957 1
1678282935438 23.967727388654435 1
1678282936033 23.888330459594727 1
1678282936625 23.809201649257115 1
1678282937215 23.730390548706055 1
1678282937827 23.651898520333425 1
1678282938446 23.573731558663503 1
1678282939061 23.495933260236466 1
1678282939651 23.4184752873012 1
1678282940241 23.341282435825892 1
1678282940832 23.2643917628697 1
1678282941422 23.1876585824149 1
1678282942012 23.111260550362722 1
1678282942611 23.03555543082101 1
1678282943232 22.96061188834054 1
1678282943830 22.88663727896554 1
1678282944421 22.81347601754325 1
1678282945012 22.741011210850306 1
1678282945602 22.669151306152344 1
1678282946191 22.597847529820033 1
1678282946781 22.527094977242605 1
1678282947371 22.456877299717494 1
1678282947993 22.38720076424735 1
1678282948605 22.31808062962123 1
1678282949195 22.249497277396067 1
1678282949786 22.181501933506556 1
1678282950376 22.114094597952707 1
1678282950968 22.04726573399135 1
1678282951559 21.981056485857284 1
1678282952150 21.915441240583146 1
1678282952852 21.850453240530832 1
1678282953471 21.786080496651785 1
1678282954062 21.72235325404576 1
1678282954656 21.659269332885742 1
1678282955248 21.596831457955496 1
1678282955839 21.535071236746653 1
1678282956431 21.473970413208008 1
1678282957023 21.413543019975936 1
1678282957625 21.353807585580007 1
1678282958248 21.294756480625697 1
1678282958850 21.236402647835867 1
1678282959447 21.17875017438616 1
1678282960045 21.121815408979142 1
1678282960639 21.065584455217635 1
1678282961234 21.01007843017578 1
1678282961829 20.955291203090123 1
1678282962423 20.901238441467285 1
1678282963048 20.847898619515554 1
1678282963660 20.795305524553573 1
1678282964253 20.743449211120605 1
1678282964847 20.69232886178153 1
1678282965441 20.641960416521346 1
1678282966034 20.592335428510392 1
1678282966627 20.543452671595983 1
1678282967220 20.495312554495676 1
1678282967833 20.447914396013534 1
1678282968458 20.401270048958914 1
1678282969052 20.355375017438615 1
1678282969646 20.310223034449987 1
1678282970239 20.265812465122767 1
1678282970832 20.222152028765 1
1678282971425 20.17923900059291 1
1678282972018 20.13702814919608 1
1678282972620 20.095460755484446 1
1678282973245 20.05460820879255 1
1678282973849 20.014404160635813 1
1678282974443 19.974934441702707 1
1678282975037 19.936170033046178 1
1678282975631 19.897999354771205 1
1678282976226 19.860492161342076 1
1678282976820 19.823697771344865 1
1678282977415 19.787581035069056 1
1678282978040 19.75217001778739 1
1678282978726 19.7173581804548 1
1678282979322 19.68324225289481 1
1678282979917 19.64982005528041 1
1678282980512 19.61713627406529 1
1678282981111 19.58524363381522 1
1678282981706 19.55407088143485 1
1678282982300 19.523553712027415 1
1678282982919 19.493746076311385 1
1678282983538 19.46459129878453 1
1678282984132 19.436100142342703 1
1678282984727 19.408260072980607 1
1678282985321 19.380965096609934 1
1678282985915 19.354292460850306 1
1678282986509 19.328169413975306 1
1678282987104 19.30265031542097 1
1678282987712 19.27764974321638 1
1678282988341 19.253220013209752 1
