1678283009421 163.5236456934986 1
1678283010022 163.43339929299728 1
1678283010618 163.36647596355257 1
1678283011215 163.33745913915678 1
1678283011812 163.32514490301023 1
1678283012410 163.313211584749 1
1678283013039 163.30153197683768 1
1678283013663 163.29009588136822 1
1678283014272 163.2788879699284 1
1678283014881 163.2679014536822 1
1678283015490 163.25712783197685 1
1678283016100 163.2465577464696 1
1678283016707 163.23617585309594 1
1678283017303 163.22598133306738 1
1678283017923 163.2159545622324 1
1678283018553 163.20609129749766 1
1678283019158 163.1963838748317 1
1678283019757 163.18684172597986 1
1678283020356 163.177458895271 1
1678283020956 163.1682260051833 1
1678283021553 163.15913966097858 1
1678283022150 163.15017765466882 1
1678283022760 163.14132974504696 1
1678283023394 163.13260108180182 1
1678283024007 163.12398826314603 1
1678283024616 163.11554604514905 1
1678283025216 163.1073608416073 1
1678283025814 163.0997329227252 1
1678283026412 163.09301478976434 1
1678283027010 163.08651708087774 1
1678283027611 163.08001654670937 1
1678283028240 163.07350890943542 1
1678283028853 163.06699502373687 1
1678283029450 163.06047232216818 1
1678283030118 163.05394337047085 1
1678283030715 163.04740560099165 1
1678283031311 163.04085986833834 1
1678283031908 163.03430702725467 1
1678283032504 163.02774622114615 1
1678283033129 163.02117744905107 1
1678283033750 163.0145981425875 1
1678283034360 163.00801257968448 1
1678283034966 163.001416480206 1
1678283035568 162.99481583424452 1
1678283036167 162.9882046496332 1
1678283036765 162.9815863490084 1
1678283037362 162.97495750744523 1
1678283037983 162.96832240390418 1
1678283038609 162.96167846936768 1
1678283039218 162.95502655887475 1
1678283039827 162.94836667144858 1
1678283040425 162.9416970937326 1
1678283041023 162.93502039320987 1
1678283041621 162.9283374252641 1
1678283042218 162.9216421950617 1
1678283042829 162.9149415517299 1
1678283043458 162.90823206914027 1
1678283044069 162.90151374620058 1
1678283044676 162.89478829468862 1
1678283045273 162.88805400077905 1
1678283045870 162.8813125763884 1
1678283046466 162.87456059446265 1
1678283047063 162.8678006234219 1
1678283047664 162.8610335188847 1
1678283048292 162.85425927996172 1
1678283048904 162.84747447902416 1
1678283049504 162.8406833983537 1
1678283050101 162.83388346689614 1
1678283050697 162.82707639712663 1
1678283051294 162.8202596176664 1
1678283051891 162.8134348410233 1
1678283052488 162.80660292309136 1
1678283053112 162.79976214910013 1
1678283053735 162.7929150888484 1
1678283054342 162.78606002752727 1
1678283054946 162.7791918218621 1
1678283055550 162.77232161223145 1
1678283056154 162.7654416843343 1
1678283056756 162.75855032263283 1
1678283057353 162.7516569547538 1
1678283057975 162.74475043651287 1
1678283058704 162.73783848159195 1
1678283059312 162.73092108929828 1
1678283059917 162.7239922575955 1
1678283060520 162.7170545571361 1
1678283061118 162.71011227382493 1
1678283061716 162.70315940496405 1
1678283062313 162.69620023660224 1
1678283062931 162.6892339104132 1
1678283063568 162.6822587103681 1
1678283064177 162.67527635050843 1
1678283064780 162.66828425702718 1
1678283065378 162.66128671699536 1
1678283065975 162.65428029890137 1
1678283066571 162.64726757481532 1
1678283067169 162.64024682836921 1
1678283067776 162.63322063196375 1
1678283068410 162.6261812642395 1
1678283069027 162.61913730236145 1
1678283069624 162.61208788780783 1
1678283070221 162.6050261561739 1
1678283070818 162.59796068584757 1
1678283071415 162.59088718615857 1
1678283072011 162.58380479798498 1
1678283072608 162.57671695261067 1
1678283073239 162.56961935857777 1
1678283073862 162.562513730982 1
1678283074471 162.5554035016655 1
1678283075079 162.54828352045564 1
1678283075684 162.5411563609682 1
1678283076288 162.53402288059567 1
1678283076890 162.52688393688024 1
1678283077487 162.51973609545308 1
1678283078116 162.51258107204018 1
1678283078745 162.50541714871716 1
1678283079344 162.49824689988418 1
1678283079942 162.49107118326754 1
1678283080539 162.48388312932983 1
1678283081137 162.47669218146996 1
1678283081733 162.469494904593 1
1678283082331 162.4622887217105 1
1678283082950 162.45507449039127 1
1678283083588 162.44785306835502 1
1678283084290 162.44062960762443 1
1678283084887 162.43339294263708 1
1678283085484 162.42615166069646 1
1678283086081 162.41890318434963 1
1678283086681 162.41164837161685 1
1678283087352 162.40438722164893 1
1678283087974 162.39711543829395 1
1678283088607 162.38983989291458 1
1678283089216 162.3825545710433 1
1678283089817 162.3752663447722 1
1678283090414 162.3679700584227 1
1678283091011 162.3606674294147 1
1678283091608 162.3533567383084 1
1678283092206 162.34603884334535 1
1678283092812 162.33871288418194 1
1678283093441 162.33138229735934 1
1678283094050 162.32404450390933 1
1678283094649 162.31670122182658 1
1678283095246 162.30934815274153 1
1678283095843 162.30199045270737 1
1678283096439 162.29462382307986 1
1678283097036 162.28725256085272 1
1678283097654 162.2798758057137 1
1678283098286 162.27249183747335 1
1678283098899 162.26509979538773 1
1678283099495 162.25769881855487 1
1678283100091 162.25029836396735 1
1678283100687 162.24288553354197 1
1678283101282 162.2354680648294 1
1678283101878 162.22804423728215 1
1678283102474 162.2206149100222 1
1678283103094 162.21317578212143 1
1678283103716 162.20573201267536 1
1678283104312 162.19828274093146 1
1678283104908 162.19082624582555 1
1678283105505 162.18336338655394 1
1678283106100 162.17589330200582 1
1678283106696 162.1684194322702 1
1678283107292 162.16093747526602 1
1678283107901 162.15344915057642 1
1678283108528 162.1459544573191 1
1678283109131 162.1384525341801 1
1678283109727 162.13094596156793 1
1678283110322 162.12343043628385 1
1678283110917 162.1159111203859 1
1678283111513 162.10838629216565 1
1678283112109 162.10085422959463 1
1678283112807 162.09331407099387 1
1678283113442 162.08577097949671 1
1678283114054 162.0782189294394 1
1678283114651 162.07066222352344 1
1678283115248 162.0631025827594 1
1678283115844 162.0555288154121 1
1678283116441 162.04795555499481 1
1678283117039 162.0403776358689 1
1678283117636 162.03278730845318 1
1678283118270 162.0251931813273 1
1678283118892 162.0175943928842 1
1678283119489 162.00998835912864 1
1678283120086 162.00237852365447 1
1678283120683 161.99476057995562 1
1678283121281 161.9871345268881 1
1678283121878 161.9795072535081 1
1678283122475 161.9718718691172 1
1678283123098 161.96423009528104 1
1678283123730 161.95658365388942 1
1678283124338 161.94892909853004 1
1678283124936 161.94126987396652 1
1678283125533 161.93360684105562 1
1678283126130 161.92593482989597 1
1678283126727 161.91825814721628 1
1678283127324 161.9105750690684 1
1678283127938 161.90288990295562 1
1678283128571 161.89519489306744 1
1678283129187 161.88749520858835 1
1678283129792 161.8797891252399 1
1678283130400 161.87207664210825 1
