1678283009424 0.9990403992789132 1
1678283010024 0.9979876450129918 1
1678283010620 0.9972220829554966 1
1678283011217 0.9968722888401577 1
1678283011814 0.996719513620649 1
1678283012412 0.9965783187321254 1
1678283013041 0.9964407001222882 1
1678283013665 0.9963060106549945 1
1678283014274 0.9961742077554975 1
1678283014884 0.9960451211248126 1
1678283015493 0.9959186656134469 1
1678283016102 0.9957946794373649 1
1678283016709 0.9956730689321246 1
1678283017305 0.9955536637987409 1
1678283017925 0.9954363533428737 1
1678283018555 0.9953209757804871 1
1678283019160 0.9952079824038914 1
1678283019759 0.9950990336281913 1
1678283020358 0.9949941379683358 1
1678283020958 0.9948933039392743 1
1678283021555 0.9947958588600159 1
1678283022152 0.994701223714011 1
1678283022762 0.9946087513651166 1
1678283023396 0.9945183226040432 1
1678283024010 0.9944295542580741 1
1678283024619 0.9943431786128453 1
1678283025218 0.9942598172596523 1
1678283025816 0.9941804919924054 1
1678283026414 0.994105304990496 1
1678283027012 0.9940309865134103 1
1678283027613 0.9939565914017814 1
1678283028242 0.9938821366855076 1
1678283028855 0.9938075712748936 1
1678283029452 0.9937329121998378 1
1678283030120 0.993658150945391 1
1678283030717 0.9935833045414516 1
1678283031314 0.9935083133833749 1
1678283031910 0.9934332285608564 1
1678283032506 0.9933580415589469 1
1678283033131 0.9932827779224941 1
1678283033753 0.9932073865618024 1
1678283034362 0.9931318759918213 1
1678283034968 0.9930562632424491 1
1678283035570 0.9929805312837873 1
1678283036169 0.992904714175633 1
1678283036767 0.9928287948880877 1
1678283037364 0.9927527563912528 1
1678283037985 0.9926765901701791 1
1678283038611 0.9926003387996128 1
1678283039220 0.9925240022795541 1
1678283039829 0.9924475124904087 1
1678283040427 0.9923709375517709 1
1678283041025 0.9922942434038434 1
1678283041623 0.992217447076525 1
1678283042220 0.9921405570847648 1
1678283042831 0.9920635563986642 1
1678283043460 0.9919864194733756 1
1678283044071 0.991909214428493 1
1678283044678 0.9918318731444222 1
1678283045275 0.9917544211660113 1
1678283045872 0.9916768840381077 1
1678283046468 0.9915992277009147 1
1678283047065 0.9915214691843305 1
1678283047666 0.9914436255182538 1
1678283048294 0.9913656285830906 1
1678283048906 0.9912875550133842 1
1678283049506 0.991209362234388 1
1678283050103 0.9911310757909503 1
1678283050699 0.9910526531083244 1
1678283051296 0.9909741708210537 1
1678283051893 0.9908955522945949 1
1678283052490 0.9908168486186436 1
1678283053114 0.9907380087035043 1
1678283053737 0.9906591006687709 1
1678283054344 0.9905800649097988 1
1678283054948 0.9905009269714355 1
1678283055552 0.9904216783387321 1
1678283056156 0.9903423190116882 1
1678283056758 0.9902628575052533 1
1678283057355 0.990183310849326 1
1678283057977 0.9901036449841091 1
1678283058706 0.9900238684245518 1
1678283059314 0.9899440492902484 1
1678283059920 0.9898640598569598 1
1678283060522 0.9897839767592294 1
1678283061120 0.9897038170269558 1
1678283061718 0.9896235466003418 1
1678283062315 0.9895431654793876 1
1678283062933 0.9894626821790423 1
1678283063570 0.989382096699306 1
1678283064180 0.9893014260700771 1
1678283064782 0.9892206362315586 1
1678283065380 0.9891397612435477 1
1678283065977 0.989058758531298 1
1678283066574 0.9889776706695557 1
1678283067171 0.9888964806284223 1
1678283067778 0.9888152054377964 1
1678283068413 0.988733811037881 1
1678283069029 0.9886523314884731 1
1678283069626 0.9885707327297756 1
1678283070223 0.9884890573365348 1
1678283070820 0.9884072712489537 1
1678283071417 0.9883253914969308 1
1678283072013 0.9882433925356183 1
1678283072610 0.9881613339696612 1
1678283073241 0.9880791561944144 1
1678283073864 0.9879968932696751 1
1678283074474 0.9879144855907985 1
1678283075081 0.9878320353371757 1
1678283075686 0.987749491419111 1
1678283076290 0.987666836806706 1
1678283076892 0.98758408001491 1
1678283077489 0.987501221043723 1
1678283078119 0.9874182598931449 1
1678283078748 0.9873352476528713 1
1678283079347 0.9872520991734096 1
1678283079944 0.9871688655444554 1
1678283080541 0.9870855467660087 1
1678283081139 0.9870021087782723 1
1678283081735 0.9869186111858913 1
1678283082333 0.9868350199290684 1
1678283082952 0.986751309462956 1
1678283083663 0.9866675308772496 1
1678283084292 0.9865836330822536 1
1678283084889 0.9864996756826129 1
1678283085486 0.9864155735288348 1
1678283086083 0.9863314288003104 1
1678283086683 0.9862471563475472 1
1678283087354 0.98616281577519 1
1678283087976 0.9860783985682896 1
1678283088618 0.9859938621520996 1
1678283089218 0.985909240586417 1
1678283089819 0.9858245509011405 1
1678283090416 0.9857397420065743 1
1678283091013 0.9856548394475665 1
1678283091610 0.985569851739066 1
1678283092208 0.9854847873960223 1
1678283092814 0.985399637903486 1
1678283093443 0.9853143777166095 1
1678283094052 0.9852290494101388 1
1678283094651 0.9851436274392265 1
1678283095248 0.9850581118038723 1
1678283095845 0.9849725110190255 1
1678283096442 0.9848868250846863 1
1678283097038 0.9848010540008545 1
1678283097656 0.9847151722226825 1
1678283098288 0.9846292223249163 1
1678283098901 0.9845432043075562 1
1678283099497 0.9844570585659572 1
1678283100093 0.9843708617346627 1
1678283100689 0.9842845286641803 1
1678283101284 0.9841981615339007 1
1678283101880 0.9841117007391793 1
1678283102476 0.9840251547949654 1
1678283103096 0.9839385151863098 1
1678283103718 0.9838517733982631 1
1678283104314 0.9837649549756732 1
1678283104911 0.9836780599185398 1
1678283105507 0.9835910882268634 1
1678283106103 0.9835040484155927 1
1678283106698 0.9834168979099819 1
1678283107294 0.9833296537399292 1
1678283107903 0.9832423329353333 1
1678283108530 0.9831549525260925 1
1678283109133 0.9830674869673592 1
1678283109729 0.9829799021993365 1
1678283110324 0.9828922578266689 1
1678283110919 0.982804536819458 1
1678283111515 0.9827167051179069 1
1678283112111 0.982628847871508 1
1678283112809 0.9825408373560224 1
1678283113445 0.9824527927807399 1
1678283114056 0.9823646800858634 1
1678283114653 0.982276439666748 1
1678283115250 0.9821881481579372 1
1678283115846 0.9820997970444816 1
1678283116443 0.9820113011768886 1
1678283117041 0.9819227797644479 1
1678283117638 0.981834181717464 1
1678283118272 0.9817454729761396 1
1678283118894 0.9816566705703735 1
1678283119491 0.9815678170749119 1
1678283120088 0.981478886944907 1
1678283120685 0.9813898801803589 1
1678283121283 0.9813007882663182 1
1678283121880 0.9812116197177342 1
1678283122477 0.9811223489897591 1
1678283123100 0.9810330356870379 1
1678283123732 0.9809436116899762 1
1678283124340 0.9808541280882699 1
1678283124938 0.9807645678520203 1
1678283125535 0.9806749054363796 1
1678283126132 0.9805852174758911 1
1678283126729 0.9804954273360116 1
1678283127326 0.9804055605615888 1
1678283127940 0.9803156171526227 1
1678283128573 0.9802255800792149 1
1678283129189 0.9801354919161115 1
1678283129794 0.9800453186035156 1
1678283130402 0.9799550516264779 1
