1678283009418 26739.98270089286 1
1678283010020 26710.476004464286 1
1678283010616 26688.60546875 1
1678283011213 26679.125558035714 1
1678283011810 26675.102957589286 1
1678283012408 26671.205078125 1
1678283013036 26667.39034598214 1
1678283013661 26663.655412946428 1
1678283014270 26659.995256696428 1
1678283014879 26656.407645089286 1
1678283015488 26652.889787946428 1
1678283016098 26649.438616071428 1
1678283016704 26646.04910714286 1
1678283017301 26642.72098214286 1
1678283017921 26639.447823660714 1
1678283018550 26636.22823660714 1
1678283019156 26633.059709821428 1
1678283019755 26629.9453125 1
1678283020354 26626.88309151786 1
1678283020953 26623.869977678572 1
1678283021551 26620.904854910714 1
1678283022148 26617.98046875 1
1678283022758 26615.09347098214 1
1678283023392 26612.245535714286 1
1678283024005 26609.435546875 1
1678283024614 26606.68136160714 1
1678283025214 26604.011160714286 1
1678283025812 26601.522879464286 1
1678283026410 26599.331473214286 1
1678283027008 26597.212053571428 1
1678283027609 26595.091796875 1
1678283028237 26592.969308035714 1
1678283028851 26590.844866071428 1
1678283029448 26588.717633928572 1
1678283030116 26586.588448660714 1
1678283030713 26584.456473214286 1
1678283031309 26582.32198660714 1
1678283031906 26580.18526785714 1
1678283032502 26578.046037946428 1
1678283033127 26575.904296875 1
1678283033748 26573.759207589286 1
1678283034358 26571.612165178572 1
1678283034963 26569.461774553572 1
1678283035566 26567.309988839286 1
1678283036165 26565.154854910714 1
1678283036763 26562.997488839286 1
1678283037360 26560.836774553572 1
1678283037980 26558.67410714286 1
1678283038606 26556.508649553572 1
1678283039216 26554.340680803572 1
1678283039824 26552.17020089286 1
1678283040423 26549.996651785714 1
1678283041021 26547.820870535714 1
1678283041619 26545.643136160714 1
1678283042216 26543.461495535714 1
1678283042826 26541.278180803572 1
1678283043456 26539.09207589286 1
1678283044067 26536.903180803572 1
1678283044674 26534.712053571428 1
1678283045270 26532.518136160714 1
1678283045867 26530.32198660714 1
1678283046464 26528.122488839286 1
1678283047061 26525.920479910714 1
1678283047662 26523.716238839286 1
1678283048290 26521.509765625 1
1678283048902 26519.299944196428 1
1678283049502 26517.08816964286 1
1678283050099 26514.873604910714 1
1678283050695 26512.656808035714 1
1678283051292 26510.436941964286 1
1678283051889 26508.21456473214 1
1678283052486 26505.98995535714 1
1678283053109 26503.762555803572 1
1678283053733 26501.533203125 1
1678283054339 26499.301339285714 1
1678283054943 26497.065290178572 1
1678283055548 26494.828683035714 1
1678283056152 26492.589006696428 1
1678283056754 26490.345703125 1
1678283057351 26488.10184151786 1
1678283057972 26485.85379464286 1
1678283058702 26483.604073660714 1
1678283059310 26481.352678571428 1
1678283059915 26479.09765625 1
1678283060518 26476.83984375 1
1678283061116 26474.580636160714 1
1678283061714 26472.31808035714 1
1678283062311 26470.053571428572 1
1678283062929 26467.78683035714 1
1678283063565 26465.51729910714 1
1678283064175 26463.245535714286 1
1678283064778 26460.970703125 1
1678283065375 26458.694196428572 1
1678283065972 26456.414899553572 1
1678283066569 26454.133649553572 1
1678283067167 26451.84988839286 1
1678283067774 26449.564453125 1
1678283068408 26447.274832589286 1
1678283069025 26444.983816964286 1
1678283069622 26442.69112723214 1
1678283070219 26440.39453125 1
1678283070816 26438.096819196428 1
1678283071413 26435.79659598214 1
1678283072009 26433.493582589286 1
1678283072606 26431.188895089286 1
1678283073237 26428.88113839286 1
1678283073860 26426.570870535714 1
1678283074469 26424.259207589286 1
1678283075077 26421.944475446428 1
1678283075681 26419.627511160714 1
1678283076286 26417.30859375 1
1678283076888 26414.98800223214 1
1678283077484 26412.664620535714 1
1678283078114 26410.339006696428 1
1678283078743 26408.010602678572 1
1678283079341 26405.680245535714 1
1678283079940 26403.348214285714 1
1678283080536 26401.012276785714 1
1678283081134 26398.67550223214 1
1678283081731 26396.336774553572 1
1678283082328 26393.995256696428 1
1678283082948 26391.651227678572 1
1678283083582 26389.30496651786 1
1678283084287 26386.958147321428 1
1678283084885 26384.60714285714 1
1678283085482 26382.254743303572 1
1678283086079 26379.90011160714 1
1678283086679 26377.543526785714 1
1678283087349 26375.184988839286 1
1678283087972 26372.823102678572 1
1678283088605 26370.460100446428 1
1678283089214 26368.09402901786 1
1678283089814 26365.727120535714 1
1678283090412 26363.35770089286 1
1678283091009 26360.986328125 1
1678283091606 26358.612444196428 1
1678283092203 26356.236328125 1
1678283092810 26353.85770089286 1
1678283093438 26351.477678571428 1
1678283094048 26349.09542410714 1
1678283094647 26346.711495535714 1
1678283095244 26344.32449776786 1
1678283095841 26341.936104910714 1
1678283096437 26339.544921875 1
1678283097034 26337.15234375 1
1678283097631 26334.75809151786 1
1678283098284 26332.36160714286 1
1678283098897 26329.96261160714 1
1678283099493 26327.56082589286 1
1678283100089 26325.159319196428 1
1678283100685 26322.75390625 1
1678283101280 26320.347098214286 1
1678283101876 26317.938337053572 1
1678283102471 26315.527901785714 1
1678283103091 26313.114397321428 1
1678283103713 26310.69949776786 1
1678283104310 26308.28292410714 1
1678283104906 26305.864118303572 1
1678283105503 26303.443359375 1
1678283106098 26301.020368303572 1
1678283106694 26298.596261160714 1
1678283107290 26296.16964285714 1
1678283107899 26293.741071428572 1
1678283108526 26291.310546875 1
1678283109129 26288.877790178572 1
1678283109724 26286.44363839286 1
1678283110320 26284.006696428572 1
1678283110915 26281.56863839286 1
1678283111511 26279.12890625 1
1678283112107 26276.686941964286 1
1678283112805 26274.24246651786 1
1678283113440 26271.79715401786 1
1678283114052 26269.349051339286 1
1678283114649 26266.899553571428 1
1678283115246 26264.44921875 1
1678283115842 26261.99441964286 1
1678283116439 26259.539899553572 1
1678283117037 26257.083984375 1
1678283117633 26254.624162946428 1
1678283118268 26252.163225446428 1
1678283118890 26249.70089285714 1
1678283119487 26247.236328125 1
1678283120084 26244.770647321428 1
1678283120680 26242.30245535714 1
1678283121279 26239.83175223214 1
1678283121876 26237.360770089286 1
1678283122472 26234.887276785714 1
1678283123095 26232.41183035714 1
1678283123728 26229.934988839286 1
1678283124336 26227.455636160714 1
1678283124934 26224.97488839286 1
1678283125531 26222.493024553572 1
1678283126127 26220.008370535714 1
1678283126724 26217.522321428572 1
1678283127322 26215.034319196428 1
1678283127936 26212.545758928572 1
1678283128568 26210.054129464286 1
1678283129184 26207.561104910714 1
1678283129790 26205.06612723214 1
1678283130397 26202.569196428572 1
