1678282324844 34.1543266882692 1
1678282325466 34.1543266882692 1
1678282326078 34.1543266882692 1
1678282326688 34.1543266882692 1
1678282327320 34.1543266882692 1
1678282327977 34.1543266882692 1
1678282328595 34.1543266882692 1
1678282329208 34.1543266882692 1
1678282329819 34.1543266882692 1
1678282330430 34.1543266882692 1
1678282331041 34.1543266882692 1
1678282331651 34.1543266882692 1
1678282332275 34.1543266882692 1
1678282332920 34.1543266882692 1
1678282333541 34.1543266882692 1
1678282334153 34.1543266882692 1
1678282334765 34.1543266882692 1
1678282335375 34.1543266882692 1
1678282335985 34.1543266882692 1
