1678282324854 0.9999999914850507 1
1678282325468 0.9999999914850507 1
1678282326080 0.9999999914850507 1
1678282326690 0.9999999914850507 1
1678282327322 0.9999999914850507 1
1678282327979 0.9999999914850507 1
1678282328597 0.9999999914850507 1
1678282329210 0.9999999914850507 1
1678282329821 0.9999999914850507 1
1678282330432 0.9999999914850507 1
1678282331044 0.9999999914850507 1
1678282331653 0.9999999914850507 1
1678282332277 0.9999999914850507 1
1678282332923 0.9999999914850507 1
1678282333543 0.9999999914850507 1
1678282334155 0.9999999914850507 1
1678282334767 0.9999999914850507 1
1678282335377 0.9999999914850507 1
1678282335987 0.9999999914850507 1
