1678282324841 1166.518031529018 1
1678282325464 1166.518031529018 1
1678282326075 1166.518031529018 1
1678282326686 1166.518031529018 1
1678282327318 1166.518031529018 1
1678282327974 1166.518031529018 1
1678282328593 1166.518031529018 1
1678282329206 1166.518031529018 1
1678282329816 1166.518031529018 1
1678282330428 1166.518031529018 1
1678282331039 1166.518031529018 1
1678282331649 1166.518031529018 1
1678282332273 1166.518031529018 1
1678282332918 1166.518031529018 1
1678282333539 1166.518031529018 1
1678282334151 1166.518031529018 1
1678282334763 1166.518031529018 1
1678282335373 1166.518031529018 1
1678282335983 1166.518031529018 1
