1678279857824 157.928391852526 1
1678279858434 157.73691170658864 1
1678279859019 157.51390244764337 1
1678279859579 157.24724705885723 1
1678279860139 156.91969340580368 1
1678279860698 156.5063317052677 1
1678279861257 155.97166191073438 1
1678279861815 155.26610671711094 1
1678279862375 154.32244713499117 1
1678279862933 153.05563297609888 1
1678279863518 151.36338172058942 1
1678279864102 149.12588406066533 1
1678279864668 146.20000576356986 1
1678279865230 142.4185534396389 1
1678279865788 137.60310815488117 1
1678279866347 131.57332306177366 1
1678279866906 124.29025233209877 1
1678279867464 115.94570509086508 1
1678279868022 106.8911583179942 1
1678279868613 97.61388795479763 1
1678279869192 88.73149250563064 1
1678279869751 81.00413952027169 1
1678279870310 75.18422175863027 1
1678279870868 71.64497572082739 1
1678279871426 70.04996746782473 1
1678279871985 69.5431901866695 1
1678279872616 69.35649789474101 1
1678279873184 69.15951240206921 1
1678279873775 68.93357314817973 1
1678279874349 68.69874484477695 1
1678279874918 68.5311502507254 1
1678279875478 68.40263580113277 1
1678279876038 68.26294857299577 1
1678279876597 68.11393233122551 1
1678279877157 67.9632258633628 1
1678279877715 67.81354251585083 1
1678279878286 67.66517540516396 1
1678279878862 67.5140984883799 1
1678279879435 67.36037559940456 1
1678279879999 67.22528967366068 1
1678279880560 67.08027833595702 1
1678279881119 66.94411950812969 1
1678279881676 66.80232721065134 1
1678279882234 66.66676316027242 1
1678279882791 66.52648726074798 1
1678279883364 66.39055171590952 1
1678279883952 66.25261481952322 1
1678279884524 66.11749457388474 1
1678279885088 65.9831756682047 1
1678279885645 65.8505491035823 1
1678279886206 65.71821133279002 1
1678279886765 65.58694208953678 1
1678279887324 65.45521616846678 1
1678279887882 65.32467979605862 1
1678279888460 65.19366699273651 1
1678279889045 65.06336813910659 1
1678279889608 64.93307853089979 1
1678279890167 64.80289886825982 1
1678279890725 64.67253617254266 1
1678279891283 64.54216901093548 1
1678279891841 64.41187451614054 1
1678279892398 64.28173912715845 1
1678279892956 64.15159962444429 1
1678279893538 64.02146224781355 1
1678279894121 63.89117443558953 1
1678279894689 63.76070846248803 1
1678279895247 63.62952360120668 1
1678279895805 63.49820036424472 1
1678279896363 63.366231518648796 1
1678279896922 63.233881356398555 1
1678279897480 63.10064118508424 1
1678279898134 62.96676818044011 1
1678279898728 62.83182866033217 1
1678279899305 62.69598346047291 1
1678279899872 62.55909929033392 1
1678279900439 62.42088379778023 1
1678279901000 62.28143591829465 1
1678279901558 62.1404992769661 1
1678279902117 61.99792814528592 1
1678279902675 61.853751819257525 1
1678279903242 61.708111650955466 1
1678279903835 61.56048763933614 1
1678279904406 61.41060366018626 1
1678279904972 61.25833067891227 1
1678279905532 61.103241578638126 1
1678279906092 60.945050184736814 1
1678279906650 60.78345628111056 1
1678279907209 60.618197047891925 1
1678279907768 60.44875950018832 1
1678279908340 60.27486682119256 1
1678279908935 60.09635904326232 1
1678279909506 59.91278596788031 1
1678279910076 59.723484209540494 1
1678279910646 59.52791194475271 1
1678279911213 59.32568822829754 1
1678279911781 59.11613801186187 1
1678279912344 58.89842040141017 1
1678279912903 58.671179197414965 1
1678279913482 58.4331388030753 1
1678279914068 58.18280325959801 1
1678279914636 57.91839571518692 1
1678279915196 57.63796076792078 1
1678279915756 57.33859668115221 1
1678279916318 57.01622814640066 1
1678279916888 56.66686122657864 1
1678279917448 56.28518090054163 1
1678279918006 55.864730013048515 1
1678279918589 55.39971212988079 1
1678279919172 54.88625489649025 1
1678279919731 54.326852593053935 1
1678279920291 53.73125711419219 1
1678279920852 53.10843820098009 1
1678279921410 52.45959362641557 1
1678279921968 51.79718339166974 1
1678279922526 51.114474690438364 1
1678279923158 50.42686162479173 1
1678279923751 49.74149921905402 1
1678279924327 49.04736601208279 1
1678279924886 48.35708330307316 1
1678279925445 47.66777213609345 1
1678279926004 46.98559906239605 1
1678279926563 46.31009439692879 1
1678279927121 45.645170443557646 1
1678279927680 44.987911477745484 1
1678279928245 44.309911630403825 1
1678279928835 43.36590945774225 1
1678279929405 42.03588289323586 1
1678279929965 41.6812856376232 1
1678279930523 40.40704906644152 1
1678279931083 40.184589951015425 1
1678279931642 39.147976569363664 1
1678279932201 38.84468715647738 1
1678279932760 37.995640095866825 1
1678279933329 37.660288248570296 1
1678279933917 36.928487473513904 1
1678279934483 36.575359269485844 1
1678279935042 35.93838823630572 1
1678279935602 35.57772871156108 1
1678279936161 35.032160343044524 1
1678279936721 34.667079056742736 1
1678279937280 34.21408791830455 1
1678279937838 33.8680651558713 1
1678279938412 33.48114485119759 1
1678279939001 33.16554635541247 1
1678279939563 32.844241264208556 1
1678279940122 32.56012893131714 1
1678279940680 32.29085537455322 1
1678279941239 32.03541049852728 1
1678279941797 31.810479660183333 1
1678279942355 31.58181248681853 1
1678279942913 31.383644472017302 1
1678279943489 31.186213779437274 1
1678279944077 31.001418402080382 1
1678279944645 30.842251267366937 1
1678279945203 30.678367625488494 1
1678279945761 30.534757084451698 1
1678279946319 30.400755317884446 1
1678279946876 30.27313205491071 1
1678279947434 30.15870005313706 1
1678279947992 30.04606971146188 1
1678279948572 29.94244444052056 1
1678279949246 29.832219075885547 1
1678279949807 29.741619931073725 1
1678279950366 29.64541498333326 1
1678279950926 29.555950908336246 1
1678279951484 29.476970559867187 1
1678279952044 29.393580423337962 1
1678279952602 29.321385282846613 1
1678279953218 29.249771657571777 1
1678279953806 29.182516686090125 1
1678279954379 29.119437672980997 1
1678279954937 29.057512802939083 1
1678279955496 29.00145954536976 1
1678279956054 28.94402590161595 1
1678279956612 28.891814234437657 1
1678279957170 28.84272490101103 1
1678279957728 28.794640348144963 1
1678279958293 28.75094553654291 1
1678279958883 28.70917169922206 1
1678279959451 28.670143440439364 1
1678279960011 28.632194390741084 1
1678279960570 28.596391094604975 1
1678279961130 28.558346483617502 1
1678279961694 28.523309110228713 1
1678279962256 28.48854672317836 1
1678279962818 28.457326122663357 1
1678279963392 28.424570101887568 1
1678279963984 28.39706302554126 1
1678279964552 28.364706045934366 1
1678279965116 28.334832792381356 1
1678279965678 28.304972523430866 1
1678279966241 28.27729052109775 1
1678279966803 28.250484804799264 1
1678279967365 28.223897070165346 1
1678279967928 28.198688498999665 1
1678279968506 28.174347364226765 1
1678279969098 28.149855166190665 1
1678279969679 28.12607745332001 1
1678279970241 28.103151933758003 1
1678279970803 28.08067905398323 1
