1678279857845 0.9931855116571698 1
1678279858436 0.9909767253058297 1
1678279859021 0.9884065730231149 1
1678279859581 0.9853357417242867 1
1678279860140 0.9815660289355687 1
1678279860700 0.9768123541559491 1
1678279861258 0.9706647736685616 1
1678279861816 0.9625418186187744 1
1678279862376 0.9516338535717556 1
1678279862935 0.9368899890354702 1
1678279863520 0.9170352305684771 1
1678279864104 0.8905662553650993 1
1678279864669 0.8557027493204389 1
1678279865232 0.8103658471788678 1
1678279865790 0.7525284545762199 1
1678279866349 0.6878143804413932 1
1678279866908 0.6292210391589573 1
1678279867466 0.5779956153460911 1
1678279868024 0.5412713885307312 1
1678279868614 0.5265871712139675 1
1678279869194 0.5316488359655652 1
1678279869753 0.5545916897909982 1
1678279870311 0.5933377231870379 1
1678279870870 0.6375350441251483 1
1678279871428 0.6776008009910583 1
1678279871986 0.7051458018166679 1
1678279872617 0.7177583234650748 1
1678279873186 0.7180349997111729 1
1678279873777 0.711651257106236 1
1678279874351 0.7026749423571995 1
1678279874920 0.6927714943885803 1
1678279875480 0.6875931876046317 1
1678279876039 0.6860986011368888 1
1678279876599 0.6861536758286613 1
1678279877158 0.6862445558820452 1
1678279877717 0.6858139719281878 1
1678279878287 0.6851289612906319 1
1678279878864 0.6837187579699925 1
1678279879437 0.6813696282250541 1
1678279880000 0.6788409948348999 1
1678279880561 0.676865782056536 1
1678279881120 0.6750152025903974 1
1678279881678 0.6734088744435992 1
1678279882236 0.6719674638339451 1
1678279882793 0.6704415338379996 1
1678279883366 0.669006884098053 1
1678279883954 0.6674482311521258 1
1678279884525 0.665908830506461 1
1678279885090 0.6643362130437579 1
1678279885647 0.6627708418028695 1
1678279886208 0.6611981391906738 1
1678279886767 0.6596568822860718 1
1678279887325 0.6580855250358582 1
1678279887883 0.6565469758851188 1
1678279888462 0.6549784200532096 1
1678279889047 0.6534254721232823 1
1678279889610 0.6518572994640895 1
1678279890169 0.6502876281738281 1
1678279890726 0.6487149851662772 1
1678279891285 0.6471329927444458 1
1678279891842 0.645548973764692 1
1678279892400 0.6439632177352905 1
1678279892958 0.6423700111252921 1
1678279893540 0.6407760807446071 1
1678279894123 0.6391735332352775 1
1678279894690 0.6375597545078823 1
1678279895249 0.6359226873942784 1
1678279895807 0.6342834063938686 1
1678279896365 0.6326316850525993 1
1678279896923 0.6309715168816703 1
1678279897482 0.6293017523629325 1
1678279898136 0.6276150005204337 1
1678279898730 0.6259090559823173 1
1678279899307 0.6241863625390189 1
1678279899874 0.6224402700151715 1
1678279900441 0.6206717406000409 1
1678279901001 0.6188779899052211 1
1678279901560 0.617061265877315 1
1678279902118 0.6152148757662091 1
1678279902677 0.6133392197745187 1
1678279903244 0.6114418762070792 1
1678279903837 0.6095129762377057 1
1678279904408 0.6075366650308881 1
1678279904973 0.6055149180548531 1
1678279905534 0.6034472584724426 1
1678279906093 0.6013332605361938 1
1678279906652 0.5991626807621547 1
1678279907211 0.5969265443938119 1
1678279907770 0.5946237785475594 1
1678279908342 0.5922563927514213 1
1678279908937 0.5898195334843227 1
1678279909508 0.5873053669929504 1
1678279910077 0.5846988473619733 1
1678279910647 0.581989015851702 1
1678279911215 0.5791798404284886 1
1678279911783 0.576260004724775 1
1678279912345 0.5732112782342094 1
1678279912905 0.5700082012585231 1
1678279913483 0.5666266935212272 1
1678279914070 0.5630447779382978 1
1678279914638 0.5592301998819623 1
1678279915198 0.5551580360957554 1
1678279915757 0.5507812755448478 1
1678279916320 0.5460187877927508 1
1678279916890 0.5407813191413879 1
1678279917449 0.5349829409803663 1
1678279918008 0.528531938791275 1
1678279918591 0.5213502390044076 1
1678279919174 0.5134163498878479 1
1678279919733 0.5048952187810626 1
1678279920292 0.49624923297337126 1
1678279920854 0.48801876817430767 1
1678279921412 0.48016480462891714 1
1678279921969 0.47259197916303364 1
1678279922527 0.4654950627258846 1
1678279923160 0.4573601612022945 1
1678279923754 0.449165084532329 1
1678279924329 0.4404534697532654 1
1678279924888 0.4314482467515128 1
1678279925447 0.42236030101776123 1
1678279926006 0.4133012592792511 1
1678279926565 0.40440971085003447 1
1678279927123 0.3954907442842211 1
1678279927681 0.3868749865463802 1
1678279928247 0.3766141491276877 1
1678279928836 0.35666630949292866 1
1678279929407 0.316676812512534 1
1678279929967 0.32792180350848604 1
1678279930525 0.30330526403018404 1
1678279931085 0.3019654963697706 1
1678279931644 0.2894806350980486 1
1678279932203 0.2815153939383371 1
1678279932761 0.27180504160267965 1
1678279933331 0.2651402588401522 1
1678279933919 0.2557829533304487 1
1678279934485 0.24955274590424129 1
1678279935044 0.2404592399086271 1
1678279935603 0.23558498919010162 1
1678279936163 0.2278465245451246 1
1678279936722 0.22288434420313155 1
1678279937281 0.21681438173566545 1
1678279937840 0.21217529049941472 1
1678279938413 0.2070347602878298 1
1678279939002 0.20293243868010385 1
1678279939565 0.1985250094107219 1
1678279940123 0.19517730815070017 1
1678279940681 0.19200968316623143 1
1678279941240 0.1891125099999564 1
1678279941798 0.18671517712729319 1
1678279942357 0.1841762214899063 1
1678279942915 0.1820972732135228 1
1678279943491 0.1800980887242726 1
1678279944079 0.17831930092402867 1
1678279944646 0.17679117619991302 1
1678279945204 0.17527382501534053 1
1678279945762 0.17401768905775888 1
1678279946320 0.172776141336986 1
1678279946878 0.17165765379156386 1
1678279947436 0.17059176308768137 1
1678279947994 0.16943854519299098 1
1678279948574 0.1685802744967597 1
1678279949248 0.16742767180715287 1
1678279949809 0.1667217037507466 1
1678279950368 0.1656744693006788 1
1678279950927 0.16488916107586452 1
1678279951486 0.16410405508109502 1
1678279952045 0.16325268362249648 1
1678279952604 0.1626132641519819 1
1678279953219 0.1619256160088948 1
1678279953808 0.16132498000349318 1
1678279954380 0.16077049715178354 1
1678279954939 0.1602317573768752 1
1678279955497 0.15977777434246881 1
1678279956055 0.15923853644302913 1
1678279956614 0.15880084250654494 1
1678279957172 0.15834080427885056 1
1678279957730 0.1578956757272993 1
1678279958295 0.15749968694789068 1
1678279958884 0.1571207589336804 1
1678279959453 0.15680207099233354 1
1678279960012 0.15646409456218993 1
1678279960572 0.15621587208339147 1
1678279961132 0.15595388199601853 1
1678279961696 0.15570364147424698 1
1678279962258 0.15539638272353581 1
1678279962820 0.15512791595288686 1
1678279963394 0.1548174513237817 1
1678279963986 0.15464032867125102 1
1678279964554 0.1543563540492739 1
1678279965117 0.15414316207170486 1
1678279965680 0.1538708827325276 1
1678279966243 0.15362599598509924 1
1678279966804 0.1533719322511128 1
1678279967367 0.15312698164156505 1
1678279967929 0.15289693751505443 1
1678279968508 0.1526943434562002 1
1678279969117 0.15248271077871323 1
1678279969680 0.15229614291872298 1
1678279970242 0.15210480668715068 1
1678279970805 0.15192409391914094 1
