1678279857821 24941.376953125 1
1678279858432 24880.93331473214 1
1678279859017 24810.629464285714 1
1678279859578 24726.696707589286 1
1678279860137 24623.790178571428 1
1678279860696 24494.231863839286 1
1678279861255 24327.159319196428 1
1678279861813 24107.563895089286 1
1678279862373 23815.41768973214 1
1678279862931 23426.026785714286 1
1678279863517 22910.87332589286 1
1678279864100 22238.529296875 1
1678279864666 21374.44168526786 1
1678279865228 20283.044363839286 1
1678279865787 18934.615373883928 1
1678279866346 17311.53934151786 1
1678279866904 15448.066824776786 1
1678279867463 13443.406529017857 1
1678279868021 11425.7197265625 1
1678279868611 9528.471121651786 1
1678279869191 7873.277762276785 1
1678279869749 6561.670619419643 1
1678279870308 5652.667201450893 1
1678279870866 5133.002546037947 1
1678279871425 4906.997942243303 1
1678279871983 4836.255301339285 1
1678279872614 4810.323800223215 1
1678279873183 4783.038155691965 1
1678279873774 4751.837506975447 1
1678279874348 4719.517543247768 1
1678279874916 4696.5185546875 1
1678279875477 4678.92058454241 1
1678279876036 4659.830147879465 1
1678279876596 4639.507777622768 1
1678279877155 4619.000069754465 1
1678279877714 4598.676548549107 1
1678279878284 4578.575962611607 1
1678279878860 4558.15349469866 1
1678279879434 4537.420200892857 1
1678279879997 4519.23957170759 1
1678279880558 4499.763741629465 1
1678279881117 4481.51513671875 1
1678279881675 4462.550920758928 1
1678279882233 4444.457310267857 1
1678279882789 4425.773507254465 1
1678279883362 4407.705357142857 1
1678279883950 4389.408970424107 1
1678279884522 4371.523088727678 1
1678279885086 4353.77947126116 1
1678279885644 4336.294817243303 1
1678279886204 4318.88330078125 1
1678279886763 4301.64697265625 1
1678279887322 4284.385323660715 1
1678279887880 4267.31379045759 1
1678279888458 4250.214215959822 1
1678279889043 4233.24187360491 1
1678279889606 4216.3046875 1
1678279890166 4199.41570172991 1
1678279890723 4182.53693498884 1
1678279891281 4165.69158063616 1
1678279891839 4148.889578683035 1
1678279892397 4132.141985212053 1
1678279892954 4115.427734375 1
1678279893536 4098.747628348215 1
1678279894119 4082.0821707589284 1
1678279894687 4065.4279436383927 1
1678279895246 4048.7162737165177 1
1678279895803 4032.0214494977677 1
1678279896361 4015.279296875 1
1678279896920 3998.523751395089 1
1678279897479 3981.69091796875 1
1678279898132 3964.813895089286 1
1678279898726 3947.838692801339 1
1678279899304 3930.7863420758927 1
1678279899871 3913.6409040178573 1
1678279900437 3896.3667340959823 1
1678279900998 3878.9772600446427 1
1678279901557 3861.441650390625 1
1678279902115 3843.743094308036 1
1678279902673 3825.8866141183034 1
1678279903241 3807.891043526786 1
1678279903834 3789.6936383928573 1
1678279904405 3771.2622419084823 1
1678279904970 3752.583077566964 1
1678279905530 3733.606131417411 1
1678279906090 3714.299142020089 1
1678279906649 3694.6285574776784 1
1678279907208 3674.5658133370534 1
1678279907766 3654.0525251116073 1
1678279908338 3633.0595703125 1
1678279908933 3611.5723702566966 1
1678279909504 3589.541922433036 1
1678279910074 3566.8945661272323 1
1678279910644 3543.5723005022323 1
1678279911212 3519.537283761161 1
1678279911779 3494.7177734375 1
1678279912342 3469.02392578125 1
1678279912902 3442.3072684151784 1
1678279913480 3414.431710379464 1
1678279914067 3385.238595145089 1
1678279914635 3354.5405622209823 1
1678279915195 3322.134521484375 1
1678279915754 3287.714669363839 1
1678279916316 3250.850272042411 1
1678279916886 3211.1331612723216 1
1678279917446 3168.0215890066966 1
1678279918004 3120.8680594308034 1
1678279918587 3069.128104073661 1
1678279919170 3012.5009765625 1
1678279919730 2951.406912667411 1
1678279920289 2887.0479910714284 1
1678279920850 2820.5062081473216 1
1678279921409 2752.008963448661 1
1678279921966 2682.9482073102677 1
1678279922524 2612.689522879464 1
1678279923157 2542.8683733258927 1
1678279923748 2474.2167445591517 1
1678279924325 2405.644112723214 1
1678279924885 2338.4075055803573 1
1678279925444 2272.2165004185267 1
1678279926002 2207.6465192522323 1
1678279926561 2144.624843052455 1
1678279927120 2083.4815848214284 1
1678279927678 2023.9121791294642 1
1678279928243 1963.3682686941963 1
1678279928833 1880.6021030970983 1
1678279929403 1767.0154506138392 1
1678279929963 1737.3295724051338 1
1678279930522 1632.7296142578125 1
1678279931082 1614.80126953125 1
1678279931641 1532.5640694754463 1
1678279932200 1508.9097202845983 1
1678279932758 1443.668666294643 1
1678279933327 1418.2973109654017 1
1678279933915 1363.7131870814733 1
1678279934482 1337.7569056919642 1
1678279935040 1291.5677490234375 1
1678279935600 1265.7747802734375 1
1678279936160 1227.2522583007812 1
1678279936719 1201.8063703264509 1
1678279937278 1170.6038120814733 1
1678279937837 1147.0458374023438 1
1678279938410 1120.987060546875 1
1678279938999 1099.9534650530134 1
1678279939562 1078.74418422154 1
1678279940120 1060.1619960239955 1
1678279940678 1042.6993408203125 1
1678279941237 1026.2675258091517 1
1678279941795 1011.9066162109375 1
1678279942353 997.4108799525669 1
1678279942912 984.9331403459821 1
1678279943488 972.5799298967634 1
1678279944075 961.0879429408482 1
1678279944643 951.2444632393973 1
1678279945201 941.1622401646206 1
1678279945759 932.3713902064732 1
1678279946317 924.2059238978794 1
1678279946875 916.4625244140625 1
1678279947433 909.5471888950893 1
1678279947991 902.7663051060268 1
1678279948571 896.5499790736607 1
1678279949245 889.9612949916294 1
1678279949805 884.5639561244419 1
1678279950365 878.8506295340402 1
1678279950924 873.5542340959821 1
1678279951483 868.8917933872768 1
1678279952042 863.9825701032366 1
1678279952601 859.743634905134 1
1678279953159 855.5491420200893 1
1678279953804 851.6192801339286 1
1678279954377 847.941650390625 1
1678279954936 844.3390502929688 1
1678279955494 841.0846557617188 1
1678279956052 837.7566353934152 1
1678279956610 834.7369297572544 1
1678279957169 831.9027797154018 1
1678279957727 829.1313127790179 1
1678279958292 826.6168692452567 1
1678279958881 824.2165396554129 1
1678279959449 821.9771248953683 1
1678279960009 819.8025556291852 1
1678279960568 817.7535836356027 1
1678279961129 815.5791538783482 1
1678279961693 813.5791625976562 1
1678279962255 811.5972943987165 1
1678279962817 809.8194100516183 1
1678279963390 807.9561854771206 1
1678279963982 806.3931884765625 1
1678279964550 804.5565490722656 1
1678279965114 802.8627493722098 1
1678279965677 801.1714695521763 1
1678279966239 799.6051592145648 1
1678279966801 798.0898917061942 1
1678279967363 796.5883658272879 1
1678279967926 795.166033063616 1
1678279968505 793.7938494001116 1
1678279969096 792.4143458775112 1
1678279969677 791.0762329101562 1
1678279970239 789.7871486118862 1
1678279970801 788.5245361328125 1
