1678232747553 158.50811595517976 1
1678232748121 158.50063813103853 1
1678232748678 158.49305168692953 1
1678232749234 158.48531787564065 1
1678232749790 158.47739177989124 1
1678232750354 158.46922847281064 1
1678232750931 158.46075572491353 1
1678232751500 158.45188103935754 1
1678232752059 158.44248195886644 1
1678232752618 158.43238492024872 1
1678232753166 158.42135642606712 1
1678232753712 158.40731432652615 1
1678232754260 158.37208074601227 1
1678232754807 158.28152719972906 1
1678232755364 158.1181569665546 1
1678232755943 157.8917472524971 1
1678232756512 157.59874402514626 1
1678232757068 157.23265823919752 1
1678232757607 156.7894678254319 1
1678232758145 156.2597363037969 1
1678232758683 155.63019659281375 1
1678232759222 154.8860261049695 1
1678232759768 154.0113143020204 1
1678232760417 152.98929117518557 1
1678232760995 151.80243802301774 1
1678232761544 150.4326081242148 1
1678232762084 148.861217613504 1
1678232762627 147.0702729261472 1
1678232763170 145.0433317335104 1
1678232763732 142.76467626895166 1
1678232764283 140.22021802297525 1
1678232764833 137.39849489957902 1
1678232765396 134.2917646071219 1
1678232765976 130.89728755170162 1
1678232766546 127.21883718019963 1
1678232767117 123.26849132783718 1
1678232767684 119.06866489007659 1
1678232768249 114.65434454087736 1
1678232768810 110.07528686268225 1
1678232769358 105.39791007199642 1
1678232769906 100.70633913052062 1
1678232770469 96.1015669004116 1
1678232771043 91.69790200208956 1
1678232771610 87.61515541040423 1
1678232772178 83.96627109690917 1
1678232772738 80.84127881528762 1
1678232773295 78.2909224670179 1
1678232773851 76.31578141710646 1
1678232774407 74.86611282369586 1
1678232774964 73.85411367030807 1
1678232775529 73.17435185971438 1
1678232776101 72.72469174647999 1
1678232776669 72.42080852389363 1
1678232777231 72.20187414866983 1
1678232777787 72.02895245406158 1
1678232778343 71.87973198708879 1
1678232778899 71.74267419202614 1
1678232779454 71.61229503919876 1
1678232780010 71.48612580798958 1
1678232780576 71.36302712627176 1
1678232781152 71.24237408281223 1
1678232781719 71.12375053823442 1
1678232782288 71.00683364372152 1
1678232782855 70.89136518986035 1
1678232783411 70.77715219926202 1
1678232783967 70.66403590923846 1
1678232784522 70.55189405298971 1
1678232785077 70.44062730730347 1
1678232785652 70.33014659510732 1
1678232786321 70.22037268056417 1
1678232786891 70.11122456489288 1
1678232787459 70.00262795011253 1
1678232788028 69.89449284273621 1
1678232788596 69.78673442837356 1
1678232789152 69.67925609870379 1
1678232789708 69.57195763625973 1
1678232790266 69.46472138244759 1
1678232790846 69.35741788745905 1
1678232791419 69.24990229331684 1
1678232791987 69.14199378185059 1
1678232792554 69.0334932216524 1
1678232793113 68.92414961269083 1
1678232793681 68.81366801306952 1
1678232794249 68.70166421779493 1
1678232794814 68.58766548835773 1
1678232795377 68.47107048253703 1
1678232795958 68.351099754222 1
1678232796528 68.22672844721029 1
1678232797086 68.09657930265818 1
1678232797643 67.95870538463636 1
1678232798199 67.80971850780051 1
1678232798755 67.6323824817391 1
1678232799311 66.99106458606998 1
1678232799867 66.7726650466569 1
1678232800432 66.24901316439889 1
1678232801017 65.709791098476 1
1678232801585 65.21163873459165 1
1678232802153 64.30642748212182 1
1678232802721 63.513484797451255 1
1678232803285 62.323525407316524 1
1678232803842 61.37791114986348 1
1678232804398 60.178522372741234 1
1678232804955 59.091795219613914 1
1678232805523 57.962786983927856 1
1678232806103 56.85166564104093 1
1678232806669 55.79797762142123 1
1678232807226 54.75622563012079 1
1678232807782 53.78152107302815 1
1678232808338 52.82461590998979 1
1678232808893 51.91967102282432 1
1678232809448 51.03929970520091 1
1678232810004 50.19906140461212 1
1678232810573 49.3881595892901 1
1678232811150 48.60969751523169 1
1678232811718 47.860990962527914 1
1678232812367 47.13970239165348 1
1678232812926 46.44582472608929 1
1678232813484 45.776053878392084 1
1678232814039 45.130528813641035 1
1678232814594 44.50664518407667 1
1678232815150 43.90400926062865 1
1678232815724 43.320876570300335 1
1678232816289 42.7564770883642 1
1678232816845 42.20962424172042 1
1678232817401 41.67943175463779 1
1678232817956 41.16500921168897 1
1678232818511 40.66551872735617 1
1678232819066 40.18020538592244 1
1678232819620 39.70834462970002 1
1678232820175 39.24928689852098 1
1678232820751 38.80238821688306 1
1678232821321 38.36708943739831 1
1678232821876 37.94283038350145 1
1678232822431 37.529099340292284 1
1678232822986 37.125421577617786 1
1678232823542 36.731349946842556 1
1678232824097 36.34647697936327 1
1678232824653 35.970385041418474 1
1678232825208 35.602707575279275 1
1678232825786 35.24310229063384 1
1678232826358 34.89122801322999 1
1678232826912 34.54677833424804 1
1678232827467 34.209455277118096 1
1678232828022 33.878970366460635 1
1678232828576 33.55506753381165 1
1678232829131 33.23747396077158 1
1678232829685 32.92593977572086 1
1678232830240 32.620250738322454 1
1678232830820 32.32014591167918 1
1678232831388 32.02540914734248 1
1678232831943 31.73581058378056 1
1678232832498 31.451168626173637 1
1678232833054 31.17126087494762 1
1678232833609 30.895938443050824 1
1678232834163 30.62505110577915 1
1678232834717 30.358442724271235 1
1678232835296 30.095851252715182 1
1678232835873 29.836936804095064 1
1678232836509 29.58133552094237 1
1678232837067 29.32869507090184 1
1678232837623 29.07872695867872 1
1678232838179 28.83119539398223 1
1678232838735 28.5859898110344 1
1678232839290 28.343139199642128 1
1678232839846 28.10277411105824 1
1678232840409 27.865027863471287 1
1678232840991 27.630040168241894 1
1678232841553 27.39789346149138 1
1678232842109 27.16866682726186 1
1678232842665 26.94239563878269 1
1678232843221 26.71903342189904 1
1678232843777 26.49859829303308 1
1678232844332 26.280982426816514 1
1678232844888 26.066180333618306 1
1678232845453 25.854127751777774 1
1678232846033 25.644782046088952 1
1678232846594 25.43807293992144 1
1678232847149 25.233984717514836 1
1678232847704 25.0324442445739 1
1678232848260 24.83339996670311 1
1678232848815 24.636849388583737 1
1678232849370 24.442695352528947 1
1678232849925 24.250944273686695 1
1678232850490 24.061534288946945 1
1678232851070 23.87444287080189 1
1678232851627 23.689642046181866 1
1678232852182 23.50707595179146 1
1678232852737 23.326748558509863 1
1678232853293 23.14859475893982 1
1678232853860 22.972606386356723 1
1678232854416 22.798743138292203 1
1678232854973 22.626978762836917 1
1678232855544 22.45730424807042 1
1678232856124 22.289672555932032 1
1678232856704 22.124082926539618 1
1678232857259 21.960492516105923 1
1678232857815 21.798891335790156 1
1678232858371 21.63925555314351 1
1678232858926 21.481554299411915 1
1678232859482 21.32576323347501 1
1678232860038 21.17187973609594 1
1678232860608 21.019868443564665 1
1678232861187 20.869722428529364 1
1678232861762 20.721426483723757 1
1678232862411 20.574944226017696 1
1678232862969 20.430284898906873 1
1678232863527 20.287395522757947 1
1678232864083 20.146288872203378 1
1678232864639 20.006930540087396 1
1678232865197 19.869307395958455 1
1678232865774 19.733412331775245 1
1678232866348 19.599220011235857 1
1678232866904 19.466717049470663 1
1678232867460 19.335897253745994 1
1678232868016 19.206734979211404 1
1678232868571 19.079223444085788 1
1678232869128 18.953335929885636 1
1678232869683 18.829069816431844 1
1678232870239 18.706406260534163 1
1678232870818 18.585319756630344 1
1678232871388 18.465818191350323 1
1678232871944 18.34786623988306 1
1678232872499 18.231463848668053 1
1678232873054 18.116589268137076 1
1678232873609 18.003237841810108 1
1678232874164 17.891391795307214 1
1678232874720 17.78103209258347 1
1678232875275 17.67215228878071 1
1678232875856 17.564729208719438 1
1678232876424 17.458762086341405 1
1678232876981 17.354227474923658 1
1678232877536 17.25111382405033 1
1678232878092 17.149411047657846 1
1678232878647 17.049103288917987 1
1678232879203 16.95017692643978 1
1678232879757 16.8526243384002 1
1678232880347 16.756425678338204 1
1678232880948 16.6615709707491 1
1678232881516 16.56805132760713 1
1678232882072 16.47584284576592 1
1678232882628 16.38494870346157 1
1678232883184 16.2953385236315 1
1678232883741 16.207007779934283 1
1678232884297 16.11994133193176 1
1678232884852 16.03412918670076 1
1678232885413 15.94955721700533 1
1678232885993 15.86621228132633 1
1678232886556 15.784088060863255 1
1678232887112 15.703160397747949 1
1678232887668 15.623433724510388 1
1678232888296 15.544878702369239 1
1678232888854 15.467491550090484 1
1678232889411 15.39126318700416 1
1678232889968 15.31618024457987 1
1678232890535 15.242221465488075 1
1678232891112 15.169378288756949 1
1678232891669 15.097643255631073 1
1678232892224 15.02699836442553 1
1678232892779 14.95743574391022 1
1678232893335 14.888941282366776 1
1678232893890 14.821503830421557 1
1678232894446 14.755120522386859 1
1678232895001 14.689757051359209 1
1678232895564 14.625417104881794 1
1678232896136 14.562091496560006 1
1678232896680 14.499759766040246 1
1678232897219 14.438410780375474 1
1678232897756 14.378036955375746 1
1678232898294 14.318625430955422 1
1678232898831 14.260161407541663 1
1678232899368 14.202639856705321 1
1678232899905 14.146038682890318 1
1678232900451 14.090347087057904 1
1678232901024 14.035564093165794 1
1678232901584 13.981667251446153 1
1678232902139 13.928651042333424 1
1678232902695 13.87650443111312 1
1678232903249 13.825215183910064 1
1678232903804 13.774765026095183 1
1678232904359 13.725146057955849 1
1678232904913 13.676344135623951 1
1678232905473 13.628356760076056 1
1678232906047 13.581166644282897 1
1678232906606 13.53475869404294 1
1678232907161 13.489130518713166 1
1678232907716 13.444265047888408 1
1678232908271 13.400151845238412 1
1678232908825 13.356775149069946 1
1678232909380 13.314130738208348 1
1678232909935 13.272206044613188 1
1678232910499 13.230983856199561 1
1678232911072 13.1904616287778 1
1678232911627 13.15061699094784 1
1678232912255 13.11145104939211 1
1678232912795 13.072944475787393 1
1678232913336 13.035087937687562 1
1678232913895 12.997868960592774 1
1678232914452 12.961279624523655 1
1678232915010 12.925314230260037 1
1678232915574 12.889955593414406 1
