1678232747562 0.999717482498714 1
1678232748123 0.9996317454746791 1
1678232748680 0.9995447056634086 1
1678232749235 0.9994559117725917 1
1678232749792 0.999364972114563 1
1678232750356 0.9992712395531791 1
1678232750933 0.9991739136832101 1
1678232751502 0.9990719216210502 1
1678232752061 0.9989637817655291 1
1678232752619 0.9988474505288261 1
1678232753167 0.9987191813332694 1
1678232753714 0.9985180837767464 1
1678232754262 0.9980085236685616 1
1678232754809 0.996803913797651 1
1678232755366 0.9948342868259975 1
1678232755944 0.9921379600252423 1
1678232756514 0.9886602078165326 1
1678232757070 0.9843482204845974 1
1678232757609 0.9791437642914909 1
1678232758146 0.9729267018181937 1
1678232758685 0.9655380845069885 1
1678232759223 0.9567958797727313 1
1678232759769 0.9465042012078422 1
1678232760419 0.9344556246485028 1
1678232760997 0.9204327293804714 1
1678232761546 0.9042080044746399 1
1678232762086 0.8855444959231785 1
1678232762629 0.8642029336520604 1
1678232763172 0.8399474705968585 1
1678232763733 0.8125422256333488 1
1678232764285 0.7817564351218087 1
1678232764835 0.7477538500513349 1
1678232765398 0.7133128643035889 1
1678232765977 0.6805610741887774 1
1678232766548 0.6506578666823251 1
1678232767118 0.6233102849551609 1
1678232767686 0.5979588202067784 1
1678232768251 0.5764084798949105 1
1678232768812 0.5604162727083478 1
1678232769360 0.5493590661457607 1
1678232769907 0.5442610127585275 1
1678232770471 0.5451390487807137 1
1678232771045 0.5509526899882725 1
1678232771612 0.5609105399676731 1
1678232772179 0.5756352373531887 1
1678232772739 0.5940028088433402 1
1678232773296 0.6140192661966596 1
1678232773853 0.6344116074698312 1
1678232774409 0.6539463826588222 1
1678232774966 0.6718978200639997 1
1678232775531 0.6873853547232491 1
1678232776103 0.6999964884349278 1
1678232776670 0.7094523480960301 1
1678232777233 0.7160698260579791 1
1678232777789 0.7203297870499747 1
1678232778345 0.7226687499455043 1
1678232778900 0.7236142499106271 1
1678232779456 0.7235850862094334 1
1678232780012 0.7229274341038295 1
1678232780578 0.7219006163733346 1
1678232781154 0.7206825017929077 1
1678232781721 0.71938613482884 1
1678232782289 0.7180777192115784 1
1678232782857 0.7167909571102687 1
1678232783413 0.7155390296663556 1
1678232783969 0.7143234951155526 1
1678232784524 0.7131404280662537 1
1678232785079 0.7119815264429364 1
1678232785654 0.7108401571001325 1
1678232786323 0.7097085544041225 1
1678232786892 0.7085826567241124 1
1678232787461 0.7074577212333679 1
1678232788030 0.7063303164073399 1
1678232788598 0.7051980665751866 1
1678232789154 0.7040592857769558 1
1678232789710 0.7029124583516803 1
1678232790268 0.7017559579440525 1
1678232790848 0.7005904827799115 1
1678232791421 0.6994124736104693 1
1678232791989 0.6982199379376003 1
1678232792556 0.6970078945159912 1
1678232793115 0.6957726989473615 1
1678232793683 0.694508569581168 1
1678232794251 0.693209707736969 1
1678232794815 0.6918655037879944 1
1678232795379 0.6904631342206683 1
1678232795960 0.6889887792723519 1
1678232796530 0.6874192527362278 1
1678232797088 0.6857258251735142 1
1678232797645 0.6838667903627668 1
1678232798201 0.6817585825920105 1
1678232798757 0.6788869415010724 1
1678232799313 0.6572352222033909 1
1678232799869 0.6205738868032183 1
1678232800434 0.6379326837403434 1
1678232801019 0.6188591633524213 1
1678232801587 0.6077011142458234 1
1678232802155 0.5944191813468933 1
1678232802723 0.5789311187607902 1
1678232803287 0.5635519879204887 1
1678232803844 0.5533029947962079 1
1678232804400 0.534580682005201 1
1678232804957 0.5232720247336796 1
1678232805525 0.5059479389871869 1
1678232806104 0.4930103208337511 1
1678232806671 0.4789231760161264 1
1678232807227 0.46693568996020723 1
1678232807784 0.45602042760167805 1
1678232808339 0.44608726246016367 1
1678232808895 0.43737382548195974 1
1678232809450 0.4290858379432133 1
1678232810005 0.4216881734984262 1
1678232810575 0.4145549535751343 1
1678232811152 0.40796999420438496 1
1678232811720 0.40157165271895273 1
1678232812369 0.3955084042889731 1
1678232812928 0.38968431098120554 1
1678232813485 0.38409870862960815 1
1678232814041 0.3787109724112919 1
1678232814596 0.37355738452502657 1
1678232815151 0.3686210427965437 1
1678232815725 0.3638425980295454 1
1678232816291 0.35923124636922565 1
1678232816847 0.35475929720061167 1
1678232817402 0.35045352578163147 1
1678232817958 0.3462806599480765 1
1678232818512 0.34223234227725435 1
1678232819067 0.33830355746405466 1
1678232819622 0.3344792297908238 1
1678232820177 0.3307503972734724 1
1678232820753 0.32712735874312265 1
1678232821323 0.3236024124281747 1
1678232821878 0.3201637438365391 1
1678232822433 0.31680867075920105 1
1678232822988 0.3135366950716291 1
1678232823544 0.3103371560573578 1
1678232824099 0.3072241416999272 1
1678232824654 0.30417863386017935 1
1678232825209 0.30120199492999483 1
1678232825788 0.2982907550675528 1
1678232826359 0.295436544077737 1
1678232826914 0.2926367861883981 1
1678232827469 0.2898919199194227 1
1678232828023 0.28719437973839895 1
1678232828578 0.2845434120723179 1
1678232829132 0.2819413755621229 1
1678232829687 0.2793794125318527 1
1678232830242 0.27685639687946867 1
1678232830822 0.27437039996896473 1
1678232831389 0.27191728353500366 1
1678232831945 0.2694941631385258 1
1678232832500 0.26709452271461487 1
1678232833055 0.2647081656115396 1
1678232833610 0.2623307832649776 1
1678232834165 0.25995123386383057 1
1678232834719 0.25756028507437023 1
1678232835298 0.2551530258996146 1
1678232835875 0.25273277504103525 1
1678232836510 0.25029727816581726 1
1678232837069 0.24783121475151607 1
1678232837625 0.2453096445117678 1
1678232838181 0.2427136812891279 1
1678232838736 0.24004887895924704 1
1678232839292 0.23734215753419058 1
1678232839848 0.2346392720937729 1
1678232840411 0.2319803237915039 1
1678232840992 0.229377704007285 1
1678232841555 0.22682436449187143 1
1678232842111 0.2243170291185379 1
1678232842667 0.2218578883579799 1
1678232843222 0.21945059086595262 1
1678232843778 0.21709467257772172 1
1678232844334 0.2147818718637739 1
1678232844890 0.21250843363148825 1
1678232845454 0.2102699386222022 1
1678232846035 0.20806443904127395 1
1678232846595 0.2058895421879632 1
1678232847151 0.20374258501189096 1
1678232847706 0.20162089807646616 1
1678232848262 0.19952444732189178 1
1678232848817 0.197454395038741 1
1678232849372 0.195407897233963 1
1678232849926 0.19338356384209224 1
1678232850491 0.1913804007428033 1
1678232851072 0.18939651548862457 1
1678232851629 0.1874310097524098 1
1678232852184 0.1854846967118127 1
1678232852739 0.1835560883794512 1
1678232853295 0.18164476965154921 1
1678232853861 0.1797543168067932 1
1678232854418 0.17788335042340414 1
1678232854975 0.1760309168270656 1
1678232855545 0.17419445514678955 1
1678232856125 0.1723740143435342 1
1678232856705 0.17056959015982492 1
1678232857261 0.16877975634166173 1
1678232857817 0.16700476195131028 1
1678232858372 0.16524394495146616 1
1678232858928 0.1634982419865472 1
1678232859483 0.16176740399428777 1
1678232860040 0.1600507412637983 1
1678232860610 0.15834887751511165 1
1678232861189 0.15666217037609645 1
1678232861764 0.1549965739250183 1
1678232862413 0.15335303757871901 1
1678232862971 0.1517244768994195 1
1678232863529 0.15011058960642135 1
1678232864085 0.14852572977542877 1
1678232864641 0.14695698661463602 1
1678232865198 0.14542275028569357 1
1678232865776 0.1439073532819748 1
1678232866349 0.14240449028355734 1
1678232866906 0.14091691374778748 1
1678232867461 0.13945820501872472 1
1678232868017 0.13802261544125421 1
1678232868573 0.13660240386213576 1
1678232869129 0.13519609825951712 1
1678232869685 0.13380546867847443 1
1678232870241 0.13242805429867335 1
1678232870819 0.13106473961046763 1
1678232871390 0.12972033343144826 1
1678232871946 0.12839738811765397 1
1678232872501 0.12711655774286815 1
1678232873056 0.12586322107485362 1
1678232873611 0.1246220873934882 1
1678232874166 0.12339850621564048 1
1678232874721 0.12220436866794314 1
1678232875277 0.12103740658078875 1
1678232875858 0.11989062811647143 1
1678232876425 0.1187591158917972 1
1678232876983 0.11765395956380027 1
1678232877538 0.11658542390380587 1
1678232878093 0.1155419158084052 1
1678232878649 0.11452056041785649 1
1678232879204 0.11352091814790453 1
1678232879759 0.11255068225519997 1
1678232880369 0.11160375390733991 1
1678232880950 0.11067551374435425 1
1678232881517 0.10976659612996238 1
1678232882074 0.10887274891138077 1
1678232882629 0.10799346438476018 1
1678232883186 0.10713571416480201 1
1678232883743 0.10629281827381679 1
1678232884299 0.10546816033976418 1
1678232884854 0.10466093037809644 1
1678232885415 0.10387078246900014 1
1678232885995 0.10309323242732457 1
1678232886558 0.10232923712049212 1
1678232887114 0.10158385975020272 1
1678232887670 0.10085178379501615 1
1678232888298 0.10013630028281893 1
1678232888856 0.0994418135711125 1
1678232889413 0.09877213090658188 1
1678232889970 0.09812485426664352 1
1678232890537 0.09750484249421529 1
1678232891114 0.09691298327275685 1
1678232891671 0.09632924731288638 1
1678232892226 0.09576613562447685 1
1678232892781 0.09522353432008199 1
1678232893337 0.09470065044505256 1
1678232893892 0.09419400032077517 1
1678232894448 0.09369954466819763 1
1678232895003 0.09321738885981697 1
1678232895566 0.09275937931878227 1
1678232896138 0.09231389526809965 1
1678232896681 0.09188594881977354 1
1678232897221 0.09147334205252784 1
1678232897757 0.09106922043221337 1
1678232898295 0.09067668233598981 1
1678232898833 0.09029471980673927 1
1678232899370 0.08991967354501997 1
1678232899907 0.08955158825431551 1
1678232900453 0.089194156229496 1
1678232901026 0.08885024807282857 1
1678232901586 0.08851585005010877 1
1678232902141 0.08818833849259786 1
1678232902697 0.0878644489816257 1
1678232903251 0.08754875085183553 1
1678232903806 0.0872396741594587 1
1678232904361 0.08694379563842501 1
1678232904915 0.08665747408355985 1
1678232905475 0.08638156844036919 1
1678232906049 0.08611387759447098 1
1678232906608 0.08585728917803083 1
1678232907163 0.08561138808727264 1
1678232907718 0.08537097807441439 1
1678232908273 0.08513620495796204 1
1678232908827 0.08490405551024846 1
1678232909382 0.0846771491425378 1
1678232909937 0.08445976142372404 1
1678232910501 0.08424476534128189 1
1678232911074 0.08403488035712924 1
1678232911628 0.08382870363337654 1
1678232912257 0.08362729847431183 1
1678232912797 0.08342824556997844 1
1678232913338 0.08323600888252258 1
1678232913897 0.0830482148698398 1
1678232914454 0.08286509343555995 1
1678232915011 0.08268415076392037 1
1678232915576 0.08250524955136436 1
