1678232747550 25124.822823660714 1
1678232748119 25122.452287946428 1
1678232748676 25120.047433035714 1
1678232749232 25117.59598214286 1
1678232749788 25115.08370535714 1
1678232750352 25112.49637276786 1
1678232750929 25109.811104910714 1
1678232751498 25106.998604910714 1
1678232752057 25104.020089285714 1
1678232752616 25100.82059151786 1
1678232753164 25097.326171875 1
1678232753711 25092.87723214286 1
1678232754258 25081.715959821428 1
1678232754805 25053.041852678572 1
1678232755362 25001.3515625 1
1678232755941 24929.803850446428 1
1678232756511 24837.364118303572 1
1678232757066 24722.108816964286 1
1678232757605 24582.93722098214 1
1678232758143 24417.10518973214 1
1678232758681 24220.75809151786 1
1678232759220 23989.681082589286 1
1678232759766 23719.484933035714 1
1678232760415 23405.723214285714 1
1678232760993 23043.98018973214 1
1678232761542 22629.969587053572 1
1678232762082 22159.662109375 1
1678232762625 21629.665178571428 1
1678232763168 21037.56808035714 1
1678232763730 20381.752790178572 1
1678232764282 19661.709542410714 1
1678232764831 18878.34640066964 1
1678232765394 18034.27804129464 1
1678232765974 17134.09988839286 1
1678232766545 16184.632533482143 1
1678232767115 15195.12095424107 1
1678232767682 14177.346958705357 1
1678232768248 13145.618722098214 1
1678232768808 12116.568777901786 1
1678232769356 11108.719447544643 1
1678232769904 10141.76674107143 1
1678232770467 9235.511160714286 1
1678232771041 8408.50523158482 1
1678232771608 7676.415457589285 1
1678232772176 7050.334681919643 1
1678232772736 6535.312360491072 1
1678232773293 6129.468540736607 1
1678232773849 5824.098493303572 1
1678232774405 5604.934849330357 1
1678232774962 5454.430106026785 1
1678232775527 5354.485770089285 1
1678232776099 5288.880789620535 1
1678232776667 5244.773507254465 1
1678232777229 5213.110630580357 1
1678232777786 5188.169991629465 1
1678232778341 5166.695870535715 1
1678232778897 5147.011300223215 1
1678232779452 5128.32080078125 1
1678232780008 5110.266183035715 1
1678232780574 5092.681640625 1
1678232781150 5075.475864955357 1
1678232781717 5058.587890625 1
1678232782285 5041.970424107143 1
1678232782853 5025.585658482143 1
1678232783410 5009.4052734375 1
1678232783965 4993.405970982143 1
1678232784520 4977.569754464285 1
1678232785075 4961.881975446428 1
1678232785650 4946.329520089285 1
1678232786319 4930.900739397322 1
1678232786889 4915.58380998884 1
1678232787457 4900.367919921875 1
1678232788026 4885.240129743303 1
1678232788594 4870.18830217634 1
1678232789150 4855.19873046875 1
1678232789706 4840.257289341518 1
1678232790264 4825.347516741072 1
1678232790844 4810.451416015625 1
1678232791417 4795.548967633928 1
1678232791985 4780.615304129465 1
1678232792552 4765.623186383928 1
1678232793111 4750.53839983259 1
1678232793679 4735.320905412947 1
1678232794247 4719.918666294643 1
1678232794812 4704.267857142857 1
1678232795375 4688.287493024553 1
1678232795956 4671.872837611607 1
1678232796527 4654.886474609375 1
1678232797085 4637.144112723215 1
1678232797641 4618.385637555803 1
1678232798197 4598.157924107143 1
1678232798754 4574.13916015625 1
1678232799310 4487.802734375 1
1678232799866 4458.588797433035 1
1678232800430 4388.931745256697 1
1678232801014 4317.776646205357 1
1678232801583 4252.557826450893 1
1678232802151 4135.316615513393 1
1678232802719 4033.9627511160716 1
1678232803283 3884.2218191964284 1
1678232803840 3767.247977120536 1
1678232804396 3621.4545549665177 1
1678232804953 3491.840262276786 1
1678232805521 3359.6846749441966 1
1678232806101 3232.111886160714 1
1678232806667 3113.414306640625 1
1678232807224 2998.2442452566966 1
1678232807780 2892.4520089285716 1
1678232808336 2790.4400460379466 1
1678232808892 2695.6522391183034 1
1678232809446 2605.0101143973216 1
1678232810002 2519.9457659040177 1
1678232810571 2439.1903076171875 1
1678232811148 2362.9026925223216 1
1678232811716 2290.6744559151784 1
1678232812365 2222.151541573661 1
1678232812923 2157.2146344866073 1
1678232813482 2095.447108677455 1
1678232814037 2036.7646309988838 1
1678232814593 1980.8414655412946 1
1678232815148 1927.5620291573662 1
1678232815722 1876.6983468191963 1
1678232816287 1828.1163330078125 1
1678232816844 1781.652378627232 1
1678232817399 1737.1750313895088 1
1678232817954 1694.5579833984375 1
1678232818509 1653.6844133649554 1
1678232819064 1614.4489048549108 1
1678232819619 1576.7526332310267 1
1678232820174 1540.5065220424108 1
1678232820749 1505.6253313337054 1
1678232821319 1472.0335518973213 1
1678232821874 1439.6583775111608 1
1678232822429 1408.4332972935267 1
1678232822984 1378.2969273158483 1
1678232823541 1349.1920689174108 1
1678232824095 1321.0663888113838 1
1678232824651 1293.8686000279017 1
1678232825206 1267.5527866908483 1
1678232825784 1242.0762590680804 1
1678232826356 1217.3977922712054 1
1678232826910 1193.4798932756696 1
1678232827465 1170.286830357143 1
1678232828020 1147.784633091518 1
1678232828574 1125.9425571986608 1
1678232829129 1104.7296752929688 1
1678232829683 1084.1175101143974 1
1678232830238 1064.0807582310267 1
1678232830818 1044.591831752232 1
1678232831386 1025.6268310546875 1
1678232831941 1007.1616734095982 1
1678232832496 989.176007952009 1
1678232833052 971.6475045340402 1
1678232833607 954.5590122767857 1
1678232834161 937.8937552315848 1
1678232834716 921.6350446428571 1
1678232835271 905.7602626255581 1
1678232835871 890.2427978515625 1
1678232836507 875.0554112025669 1
1678232837065 860.1723545619419 1
1678232837621 845.5723615373884 1
1678232838177 831.2378278459821 1
1678232838733 817.1588134765625 1
1678232839288 803.3335396902902 1
1678232839844 789.7659127371652 1
1678232840407 776.4597778320312 1
1678232840989 763.4191196986607 1
1678232841552 750.6445661272321 1
1678232842107 738.136457170759 1
1678232842663 725.8926827566964 1
1678232843219 713.9067470005581 1
1678232843775 702.1757114955357 1
1678232844330 690.6900373186384 1
1678232844886 679.4457571847098 1
1678232845451 668.4359218052456 1
1678232846031 657.6548461914062 1
1678232846592 647.0955548967634 1
1678232847148 636.7539847237723 1
1678232847702 626.6232648577009 1
1678232848258 616.69775390625 1
1678232848813 606.974347795759 1
1678232849368 597.4453560965402 1
1678232849923 588.1082981654575 1
1678232850488 578.9574323381696 1
1678232851068 569.9890223911831 1
1678232851625 561.1991402762277 1
1678232852181 552.5826198032925 1
1678232852735 544.1371983119419 1
1678232853291 535.857439313616 1
1678232853858 527.7406441824777 1
1678232854414 519.7826886858259 1
1678232854971 511.9801679338728 1
1678232855541 504.3305140904018 1
1678232856122 496.82950265066967 1
1678232856702 489.4750453404018 1
1678232857257 482.2632315499442 1
1678232857813 475.19166346958707 1
1678232858369 468.2573808942522 1
1678232858924 461.4571751185826 1
1678232859480 454.7881774902344 1
1678232860036 448.2484915597098 1
1678232860606 441.8348693847656 1
1678232861185 435.5453142438616 1
1678232861760 429.3775155203683 1
1678232862409 423.32832990373885 1
1678232862967 417.3965410505022 1
1678232863525 411.5784170968192 1
1678232864081 405.8729553222656 1
1678232864637 400.2772696358817 1
1678232865195 394.7893763950893 1
1678232865772 389.4075622558594 1
1678232866346 384.1294250488281 1
1678232866902 378.9530726841518 1
1678232867458 373.8769226074219 1
1678232868014 368.89866856166293 1
1678232868569 364.0167672293527 1
1678232869126 359.22894287109375 1
1678232869681 354.5338701520647 1
1678232870237 349.9296351841518 1
1678232870816 345.4141104561942 1
1678232871386 340.9864414760045 1
1678232871942 336.6441955566406 1
1678232872497 332.3862740652902 1
1678232873053 328.2108067103795 1
1678232873607 324.11657278878346 1
1678232874162 320.10190037318637 1
1678232874718 316.16510227748324 1
1678232875274 312.30496651785717 1
1678232875854 308.51971217564176 1
1678232876422 304.8083735874721 1
1678232876979 301.1692112513951 1
1678232877534 297.6009281703404 1
1678232878090 294.10229928152904 1
1678232878645 290.6719229561942 1
1678232879201 287.3084978376116 1
1678232879755 284.01094709123885 1
1678232880312 280.7778015136719 1
1678232880946 277.60794721330916 1
1678232881514 274.50032479422435 1
1678232882070 271.45339747837613 1
1678232882626 268.466544015067 1
1678232883182 265.53805759974887 1
1678232883739 262.66710117885043 1
1678232884295 259.8525085449219 1
1678232884850 257.09329877580916 1
1678232885411 254.38837541852678 1
1678232885991 251.73669215611048 1
1678232886554 249.13743591308594 1
1678232887111 246.58924647739954 1
1678232887666 244.09168134416853 1
1678232888294 241.64325387137276 1
1678232888852 239.24329485212053 1
1678232889409 236.89098249162947 1
1678232889966 234.5853772844587 1
1678232890533 232.32531520298548 1
1678232891110 230.11003766741072 1
1678232891668 227.93883187430245 1
1678232892222 225.81067984444755 1
1678232892777 223.72488403320312 1
1678232893333 221.68057250976562 1
1678232893888 219.6769757952009 1
1678232894444 217.71358163016183 1
1678232894999 215.7889622279576 1
1678232895562 213.90282549176897 1
1678232896134 212.05450875418526 1
1678232896678 210.24303327287947 1
1678232897217 208.46770586286272 1
1678232897754 206.72794669015067 1
1678232898292 205.02303423200334 1
1678232898829 203.35220336914062 1
1678232899366 201.71497889927454 1
1678232899904 200.11041041782923 1
1678232900449 198.53788103376115 1
1678232901022 196.99705941336495 1
1678232901582 195.48701913016183 1
1678232902137 194.007319859096 1
1678232902693 192.55737522670202 1
1678232903248 191.1365748814174 1
1678232903802 189.74415152413505 1
1678232904357 188.379634312221 1
1678232904911 187.04238891601562 1
1678232905471 185.73210797991072 1
1678232906045 184.44808741978235 1
1678232906604 183.189692905971 1
1678232907160 181.9566421508789 1
1678232907714 180.7482626778739 1
1678232908269 179.56406947544642 1
1678232908823 178.4034423828125 1
1678232909379 177.26607731410436 1
1678232909933 176.15145329066686 1
1678232910497 175.0589338030134 1
1678232911070 173.98827798025948 1
1678232911625 172.93872724260603 1
1678232912253 171.91014862060547 1
1678232912794 170.9018772670201 1
1678232913335 169.91351754324776 1
1678232913893 168.94459751674108 1
1678232914450 167.99476950509208 1
1678232915008 167.0637479509626 1
1678232915572 166.1509552001953 1
