1678279276502 157.56547144021934 1
1678279277118 157.4650338524738 1
1678279277738 157.35492007095206 1
1678279278322 157.23059708110932 1
1678279278905 157.08773459951334 1
1678279279487 156.92133102119763 1
1678279280068 156.72528338824276 1
1678279280651 156.49192521101529 1
1678279281234 156.21155509179349 1
1678279281816 155.87185044503934 1
1678279282428 155.45711864243188 1
1678279283038 154.94751235441447 1
1678279283621 154.31822264167545 1
1678279284205 153.53895213081458 1
1678279284784 152.57375082878536 1
1678279285363 151.38116361168775 1
1678279285942 149.91435520019184 1
1678279286522 148.12056955399544 1
1678279287112 145.93713387075516 1
1678279287735 143.28012978608675 1
1678279288346 140.04317833038138 1
1678279288937 136.12451421597697 1
1678279289519 131.47529505083972 1
1678279290198 126.05871625633996 1
1678279290782 119.87380827651337 1
1678279291366 112.98495178720546 1
1678279291949 105.55550598500298 1
1678279292570 97.88668028051256 1
1678279293188 90.44558517886992 1
1678279293791 83.840642163928 1
1678279294375 78.68122395330526 1
1678279294959 75.30613766101435 1
1678279295544 73.55165377392588 1
1678279296114 72.83963511850145 1
1678279296676 72.55881283313877 1
1678279297254 72.35766556615157 1
1678279297854 72.14223950241707 1
1678279298425 71.92778244375941 1
1678279298989 71.73351952651365 1
1678279299552 71.55868283643652 1
1678279300116 71.39395261802015 1
1678279300679 71.23219839489472 1
1678279301242 71.07077974679162 1
1678279301804 70.90969896541708 1
1678279302389 70.74965837483775 1
1678279302984 70.59119469858273 1
1678279303542 70.43454536916957 1
1678279304093 70.27974088054542 1
1678279304647 70.12669771109887 1
1678279305202 69.97525396659688 1
1678279305754 69.82521001731433 1
1678279306306 69.67636467128436 1
1678279306858 69.52852246857361 1
1678279307442 69.38150458164908 1
1678279308031 69.23513566738853 1
1678279308591 69.08921211959074 1
1678279309141 68.94346460241121 1
1678279309689 68.79749222047191 1
1678279310237 68.65063994977318 1
1678279310784 68.501726019378 1
1678279311332 68.34839911884823 1
1678279311881 68.1854683310004 1
1678279312462 68.0002872236581 1
1678279313051 67.76077530696423 1
1678279313593 67.39119040826372 1
1678279314132 66.75377551688689 1
1678279314671 65.82091901744718 1
1678279315210 65.15762968520414 1
1678279315749 64.55406516865617 1
1678279316381 63.880827985803265 1
1678279316924 63.30249891262263 1
1678279317509 62.890434505035365 1
1678279318099 62.53258804433351 1
1678279318640 62.171623960556616 1
1678279319181 61.83348963828755 1
1678279319721 61.5204117028047 1
1678279320262 61.20212317736543 1
1678279320804 60.86619569105486 1
1678279321345 60.515755251418234 1
1678279321886 60.14901046419158 1
1678279322467 59.75799116746258 1
1678279323057 59.33647481358807 1
1678279323605 58.87239251742235 1
1678279324146 58.25292063301879 1
1678279324686 56.6607969006168 1
1678279325228 52.791586029636896 1
1678279325768 50.18416418374853 1
1678279326309 47.497859407535316 1
1678279326849 46.3393184276395 1
1678279327425 45.40680726417944 1
1678279328017 43.92761181216308 1
1678279328565 43.09025292871855 1
1678279329107 42.012645452645415 1
1678279329648 41.07576352195818 1
1678279330188 40.206180308366015 1
1678279330728 39.26300927313034 1
1678279331269 38.43182099997193 1
1678279331809 37.553345613155045 1
1678279332382 36.72390826230286 1
1678279332973 35.904933079558084 1
1678279333532 35.09142858409365 1
1678279334082 34.30642434378116 1
1678279334631 33.52365155822726 1
1678279335182 32.76119833614456 1
1678279335731 32.01032063401793 1
1678279336280 31.27162435413443 1
1678279336830 30.54851281232268 1
1678279337408 29.836804130467225 1
1678279337997 29.139558877950822 1
1678279338561 28.45567894834478 1
1678279339119 27.785083798621674 1
1678279339678 27.128670700856976 1
1678279340237 26.48582947438929 1
1678279340795 25.857045981113536 1
1678279341355 25.242387500865714 1
1678279342005 24.641836052821418 1
1678279342598 24.055603918915416 1
1678279343184 23.483723949308885 1
1678279343866 22.92624776463192 1
1678279344415 22.38325006194718 1
1678279344958 21.854763339583098 1
1678279345500 21.340793758354142 1
1678279346041 20.84138375661141 1
1678279346583 20.356492111015793 1
1678279347135 19.88610770739913 1
1678279347726 19.43019134115386 1
1678279348303 18.98868413121028 1
1678279348862 18.561515426029047 1
1678279349421 18.14860325242554 1
1678279349981 17.74984170087077 1
1678279350540 17.365110368364167 1
1678279351099 16.994294306994497 1
1678279351657 16.637229019256004 1
1678279352226 16.293773272876756 1
1678279352817 15.963745663981948 1
1678279353390 15.646957019444114 1
1678279353948 15.343221647007763 1
1678279354507 15.052328043199473 1
1678279355066 14.774049674037459 1
1678279355625 14.508161455939643 1
1678279356184 14.254417403995989 1
1678279356743 14.012566356810513 1
1678279357318 13.782346018911902 1
1678279357909 13.563485446912622 1
1678279358478 13.355713979880985 1
1678279359037 13.158733505016913 1
1678279359595 12.972251873644378 1
1678279360153 12.795961175372728 1
1678279360712 12.629551262746979 1
1678279361270 12.47270653952492 1
1678279361827 12.32510242226158 1
1678279362406 12.186398679277588 1
1678279362997 12.056242928724991 1
1678279363561 11.934295064294355 1
1678279364110 11.820205585701096 1
1678279364660 11.713597779227525 1
1678279365213 11.614098566183358 1
1678279365762 11.52133578367087 1
1678279366390 11.434945767529188 1
1678279366941 11.354549163201836 1
1678279367526 11.279766219169787 1
1678279368115 11.21023303069118 1
1678279368675 11.145577688982101 1
1678279369225 11.085449748752414 1
1678279369774 11.029520823220007 1
1678279370325 10.977453186171639 1
1678279370874 10.92893578129467 1
1678279371417 10.883712560767075 1
1678279371958 10.841483496875147 1
1678279372542 10.80202010905616 1
1678279373132 10.765082693470202 1
1678279373679 10.730466007559844 1
1678279374221 10.697986069982683 1
1678279374762 10.667471185498608 1
1678279375312 10.638740540729845 1
1678279375861 10.611691437725813 1
1678279376412 10.58616493314595 1
1678279376962 10.562052880930407 1
1678279377548 10.539256869617018 1
1678279378135 10.51766141551614 1
1678279378689 10.497175965743816 1
1678279379231 10.47774082123319 1
1678279379772 10.459281442734957 1
1678279380313 10.441722528078216 1
1678279380855 10.42498838679525 1
1678279381400 10.409022789490322 1
1678279381950 10.393779782974386 1
1678279382534 10.379214719241904 1
1678279383123 10.365292339259916 1
1678279383701 10.351955855060028 1
1678279384249 10.339150345765812 1
1678279384799 10.326863538528398 1
1678279385348 10.315048206798638 1
1678279385897 10.303689788342549 1
1678279386445 10.29276538791718 1
1678279386994 10.282234784102771 1
1678279387581 10.272057064541311 1
1678279388166 10.262215277188854 1
1678279388718 10.2527037453908 1
1678279389261 10.24352392111596 1
