1678279276506 0.9887191823550633 1
1678279277119 0.9875058616910662 1
1678279277739 0.9861750091825213 1
1678279278324 0.9846703410148621 1
1678279278906 0.982937616961343 1
1678279279489 0.9809147204671588 1
1678279280070 0.9785258429391044 1
1678279280653 0.9756763066564288 1
1678279281235 0.972247302532196 1
1678279281817 0.9680890270641872 1
1678279282430 0.9630132487842015 1
1678279283040 0.9567839758736747 1
1678279283623 0.9491086602210999 1
1678279284206 0.939631061894553 1
1678279284785 0.927927281175341 1
1678279285364 0.9135028975350517 1
1678279285944 0.8957851614270892 1
1678279286523 0.8741088679858616 1
1678279287113 0.8476885642324176 1
1678279287737 0.8154436690466744 1
1678279288348 0.77602847133364 1
1678279288939 0.7311789478574481 1
1678279289521 0.6863069364002773 1
1678279290199 0.6444920301437378 1
1678279290783 0.6055325950895037 1
1678279291367 0.5737203529902867 1
1678279291950 0.5537646838596889 1
1678279292572 0.5489811982427325 1
1678279293190 0.5590912784848895 1
1678279293792 0.5835804002625602 1
1678279294377 0.6202938982418605 1
1678279294961 0.6609950235911778 1
1678279295546 0.699279282774244 1
1678279296115 0.728299651827131 1
1678279296678 0.7447212934494019 1
1678279297256 0.7496152605329242 1
1678279297855 0.7470174516950335 1
1678279298427 0.7410288112504142 1
1678279298991 0.7345367414610726 1
1678279299554 0.7290493079594204 1
1678279300117 0.7250303796359471 1
1678279300680 0.7223341379846845 1
1678279301243 0.720554632799966 1
1678279301805 0.7192603434835162 1
1678279302391 0.7181155937058585 1
1678279302986 0.7169178468840463 1
1678279303544 0.7155829923493522 1
1678279304094 0.714108237198421 1
1678279304648 0.7125319072178432 1
1678279305203 0.7109036019870213 1
1678279305756 0.709263835634504 1
1678279306308 0.7076361349650792 1
1678279306859 0.7060297727584839 1
1678279307443 0.7044417772974286 1
1678279308033 0.7028643999780927 1
1678279308592 0.7012904456683567 1
1678279309142 0.6997084277016776 1
1678279309690 0.6981077364512852 1
1678279310238 0.6964725000517709 1
1678279310786 0.6947795237813678 1
1678279311334 0.692976576941354 1
1678279311882 0.6909431048801967 1
1678279312463 0.6883765033313206 1
1678279313053 0.6844641736575535 1
1678279313594 0.6771637712206159 1
1678279314133 0.6620421835354396 1
1678279314672 0.633764522416251 1
1678279315212 0.6065588763781956 1
1678279315751 0.6115679230008807 1
1678279316382 0.6239768266677856 1
1678279316926 0.6208992685590472 1
1678279317511 0.6152609416416713 1
1678279318100 0.6163628782544818 1
1678279318641 0.6172793592725482 1
1678279319183 0.6142786145210266 1
1678279319723 0.6107074618339539 1
1678279320264 0.608113842351096 1
1678279320805 0.6051032032285418 1
1678279321347 0.6009698935917446 1
1678279321888 0.5963017003876823 1
1678279322468 0.5914640341486249 1
1678279323059 0.5861770255225045 1
1678279323606 0.5798759375299726 1
1678279324147 0.5694047553198678 1
1678279324688 0.5346194803714752 1
1678279325230 0.4406644744532449 1
1678279325769 0.44853732415608 1
1678279326310 0.432363680430821 1
1678279326850 0.4443944650036948 1
1678279327427 0.4312512150832585 1
1678279328019 0.42088388970920015 1
1678279328566 0.4133949279785156 1
1678279329109 0.40020224877766203 1
1678279329650 0.3936421402863094 1
1678279330190 0.3840963840484619 1
1678279330730 0.3762789113180978 1
1678279331271 0.3686494060925075 1
1678279331811 0.3602911915097918 1
1678279332383 0.35282186950956074 1
1678279332975 0.3447159060410091 1
1678279333533 0.3370065178189959 1
1678279334083 0.3292810022830963 1
1678279334633 0.3215819937842233 1
1678279335183 0.3141068049839565 1
1678279335732 0.30665111541748047 1
1678279336282 0.29935536640030996 1
1678279336831 0.2921537288597652 1
1678279337409 0.2850444402013506 1
1678279337999 0.2780622031007494 1
1678279338562 0.27117509501320974 1
1678279339121 0.26439580747059416 1
1678279339680 0.25772050448826384 1
1678279340239 0.2511699412550245 1
1678279340797 0.24473947712353297 1
1678279341357 0.23843520241124289 1
1678279342007 0.23225354509694235 1
1678279342600 0.22619192727974483 1
1678279343213 0.22025915767465318 1
1678279343867 0.21445170683520182 1
1678279344417 0.20877306163311005 1
1678279344960 0.20322384365967341 1
1678279345502 0.19780366122722626 1
1678279346043 0.19250794606549398 1
1678279346584 0.18733833730220795 1
1678279347137 0.1823028177022934 1
1678279347727 0.17743265628814697 1
1678279348305 0.172693561230387 1
1678279348863 0.16806853456156595 1
1678279349423 0.1635550707578659 1
1678279349983 0.15916371558393752 1
1678279350542 0.15490116391863143 1
1678279351100 0.15078129300049373 1
1678279351658 0.14679415311132157 1
1678279352228 0.14293645535196578 1
1678279352818 0.13921353220939636 1
1678279353391 0.13564003791127885 1
1678279353950 0.13220383013997758 1
1678279354509 0.12890758046082088 1
1678279355068 0.12576100123780115 1
1678279355626 0.12277680529015404 1
1678279356185 0.11992119252681732 1
1678279356744 0.11715493244784218 1
1678279357320 0.1145249849983624 1
1678279357911 0.11207185153450284 1
1678279358479 0.1097507221358163 1
1678279359039 0.10753737390041351 1
1678279359597 0.10542669998747962 1
1678279360155 0.10340034003768649 1
1678279360713 0.10147664376667567 1
1678279361271 0.09968038861240659 1
1678279361828 0.09800794401339122 1
1678279362408 0.09643405569451195 1
1678279362999 0.09497015710387911 1
1678279363562 0.09358486426728112 1
1678279364112 0.09225731875215258 1
1678279364662 0.09099695192916053 1
1678279365214 0.08982785897595542 1
1678279365764 0.08876160957983562 1
1678279366391 0.08776620775461197 1
1678279366942 0.08684218036276954 1
1678279367527 0.08597815462521144 1
1678279368124 0.0851790617619242 1
1678279368676 0.0844338887504169 1
1678279369227 0.08373006539685386 1
1678279369776 0.08306728942053658 1
1678279370326 0.08245187465633665 1
1678279370875 0.08187169475214821 1
1678279371419 0.08134046303374427 1
1678279371960 0.08083666009562356 1
1678279372544 0.08036334599767413 1
1678279373137 0.07992085601602282 1
1678279373681 0.0795053562947682 1
1678279374223 0.07911608048847743 1
1678279374764 0.0787491500377655 1
1678279375314 0.07840415303196226 1
1678279375863 0.07808016347033638 1
1678279376413 0.07777654698916844 1
1678279376964 0.07749198909316744 1
1678279377549 0.07722244624580656 1
1678279378137 0.07696604622261864 1
1678279378691 0.07673004482473646 1
1678279379233 0.0765069169657571 1
1678279379774 0.07629614642688207 1
1678279380315 0.0760955661535263 1
1678279380857 0.0759066811629704 1
1678279381401 0.07572636434010097 1
1678279381951 0.07555759378841945 1
1678279382536 0.075396543102605 1
1678279383124 0.0752445501940591 1
1678279383702 0.07510359585285187 1
1678279384251 0.07496918525014605 1
1678279384800 0.07484549177544457 1
1678279385349 0.07472813980919975 1
1678279385898 0.07461611181497574 1
1678279386447 0.07451064671788897 1
1678279386996 0.07440873235464096 1
1678279387582 0.0743108753647123 1
1678279388167 0.07421699698482241 1
1678279388719 0.07412604774747576 1
1678279389263 0.0740380095584052 1
