1678279276499 24826.877790178572 1
1678279277116 24795.236886160714 1
1678279277736 24760.570870535714 1
1678279278320 24721.46065848214 1
1678279278903 24676.55636160714 1
1678279279486 24624.304129464286 1
1678279280067 24562.814453125 1
1678279280649 24489.72265625 1
1678279281232 24402.049944196428 1
1678279281814 24296.033761160714 1
1678279282426 24166.91573660714 1
1678279283037 24008.731584821428 1
1678279283619 23814.113839285714 1
1678279284203 23574.209821428572 1
1678279284782 23278.749441964286 1
1678279285361 22916.256696428572 1
1678279285941 22474.313895089286 1
1678279286520 21939.703125 1
1678279287110 21297.647042410714 1
1678279287733 20529.19559151786 1
1678279288344 19612.091796875 1
1678279288936 18529.883370535714 1
1678279289518 17285.75320870536 1
1678279290196 15890.79994419643 1
1678279290780 14369.729910714286 1
1678279291364 12765.599330357143 1
1678279291947 11141.96484375 1
1678279292568 9581.802176339286 1
1678279293186 8180.403878348215 1
1678279293789 7029.253278459822 1
1678279294374 6190.735002790178 1
1678279294958 5671.014369419643 1
1678279295543 5409.845772879465 1
1678279296112 5305.612444196428 1
1678279296674 5264.781319754465 1
1678279297253 5235.631766183035 1
1678279297852 5204.502720424107 1
1678279298423 5173.605887276785 1
1678279298987 5145.697823660715 1
1678279299551 5120.645089285715 1
1678279300114 5097.096470424107 1
1678279300677 5074.026088169643 1
1678279301240 5051.055733816965 1
1678279301802 5028.185407366072 1
1678279302387 5005.51416015625 1
1678279302983 4983.116768973215 1
1678279303540 4961.025181361607 1
1678279304091 4939.241978236607 1
1678279304645 4917.75373186384 1
1678279305200 4896.536167689732 1
1678279305752 4875.559953962053 1
1678279306305 4854.795793805803 1
1678279306856 4834.215436662947 1
1678279307440 4813.793178013393 1
1678279308029 4793.504010881697 1
1678279308589 4773.319231305803 1
1678279309139 4753.201311383928 1
1678279309687 4733.094935825893 1
1678279310235 4712.910365513393 1
1678279310783 4692.486467633928 1
1678279311331 4671.503662109375 1
1678279311879 4649.258091517857 1
1678279312460 4624.0390625 1
1678279313049 4591.522670200893 1
1678279313591 4541.572544642857 1
1678279314130 4456.066545758928 1
1678279314669 4332.39338030134 1
1678279315209 4245.516706194197 1
1678279315747 4167.227329799107 1
1678279316379 4080.760184151786 1
1678279316923 4007.206368582589 1
1678279317508 3955.2067522321427 1
1678279318097 3910.3245675223216 1
1678279318638 3865.3108258928573 1
1678279319180 3823.380440848214 1
1678279319720 3784.761056082589 1
1678279320261 3745.699881417411 1
1678279320802 3704.693777901786 1
1678279321343 3662.1566336495534 1
1678279321885 3617.9034598214284 1
1678279322465 3571.017508370536 1
1678279323056 3520.8172433035716 1
1678279323603 3465.9586007254466 1
1678279324144 3393.402762276786 1
1678279324685 3210.4459054129466 1
1678279325226 2786.9515555245534 1
1678279325766 2518.4503348214284 1
1678279326307 2256.046648297991 1
1678279326847 2147.33243233817 1
1678279327423 2061.778145926339 1
1678279328015 1929.6350795200892 1
1678279328563 1856.7698974609375 1
1678279329106 1765.0623779296875 1
1678279329646 1687.2183489118304 1
1678279330187 1616.5369349888392 1
1678279330727 1541.5838971819196 1
1678279331267 1477.0048653738838 1
1678279331808 1410.2537667410713 1
1678279332380 1348.6454380580358 1
1678279332971 1289.1642194475446 1
1678279333530 1231.4083600725446 1
1678279334080 1176.9307512555804 1
1678279334630 1123.835213797433 1
1678279335180 1073.2961164202009 1
1678279335729 1024.6606270926338 1
1678279336278 977.9144897460938 1
1678279336828 933.2116350446429 1
1678279337406 890.234880719866 1
1678279337996 849.1138916015625 1
1678279338559 809.7256644112723 1
1678279339118 772.0108816964286 1
1678279339677 735.9647739955357 1
1678279340235 701.4991629464286 1
1678279340794 668.5868268694196 1
1678279341353 637.1781267438616 1
1678279342003 607.2200840541294 1
1678279342595 578.6720799037388 1
1678279343183 551.4852905273438 1
1678279343864 525.6128365652902 1
1678279344414 501.00988333565846 1
1678279344957 477.6306806291853 1
1678279345499 455.42947823660717 1
1678279346040 434.36327689034596 1
1678279346581 414.3867710658482 1
1678279347133 395.45727975027904 1
1678279347724 377.53233555385043 1
1678279348301 360.5701250348772 1
1678279348860 344.5298549107143 1
1678279349419 329.3718000139509 1
1678279349979 315.05688040597096 1
1678279350538 301.54705810546875 1
1678279351097 288.8060389927455 1
1678279351655 276.7973894391741 1
1678279352224 265.48704746791293 1
1678279352815 254.84117562430245 1
1678279353388 244.82726396833147 1
1678279353946 235.4144505092076 1
1678279354506 226.57257952008928 1
1678279355065 218.27254377092635 1
1678279355623 210.48674883161272 1
1678279356182 203.18841552734375 1
1678279356741 196.35201590401786 1
1678279357317 189.95306178501673 1
1678279357908 183.96813746861048 1
1678279358476 178.3750959123884 1
1678279359035 173.1522674560547 1
1678279359593 168.2793186732701 1
1678279360152 163.7366224016462 1
1678279360710 159.5055650983538 1
1678279361268 155.5684084211077 1
1678279361825 151.90814971923828 1
1678279362405 148.50831277029855 1
1678279362995 145.35299355643136 1
1678279363559 142.42739868164062 1
1678279364109 139.71726008823939 1
1678279364658 137.208372933524 1
1678279365211 134.88728550502233 1
1678279365761 132.74117824009485 1
1678279366388 130.7579847063337 1
1678279366939 128.9257866995675 1
1678279367524 127.23312595912388 1
1678279368114 125.66932460239956 1
1678279368673 124.2239020211356 1
1678279369223 122.88719613211495 1
1678279369773 121.65032958984375 1
1678279370323 120.50447845458984 1
1678279370872 119.44163731166294 1
1678279371415 118.45519910539899 1
1678279371956 117.53776441301618 1
1678279372540 116.68363843645368 1
1678279373131 115.88700539725167 1
1678279373678 115.14290073939732 1
1678279374220 114.44690595354352 1
1678279374761 113.79494149344308 1
1678279375310 113.18280029296875 1
1678279375860 112.60799516950335 1
1678279376410 112.06688799176898 1
1678279376960 111.55696105957031 1
1678279377546 111.07593536376953 1
1678279378134 110.62120165143695 1
1678279378688 110.19070325578961 1
1678279379230 109.78305271693638 1
1678279379771 109.39656829833984 1
1678279380312 109.02956935337612 1
1678279380853 108.68038286481585 1
1678279381398 108.3477554321289 1
1678279381948 108.03065817696708 1
1678279382533 107.72809818812779 1
1678279383121 107.43928527832031 1
1678279383699 107.16299002511161 1
1678279384247 106.89802987234933 1
1678279384797 106.64411054338727 1
1678279385346 106.4002195085798 1
1678279385895 106.16602325439453 1
1678279386444 105.94101933070591 1
1678279386992 105.72435215541294 1
1678279387579 105.51515633719308 1
1678279388164 105.3130623953683 1
1678279388716 105.11793409075055 1
1678279389260 104.92978232247489 1
