1678280560974 58.843551145726515 1
1678280561603 40.25555159591401 1
1678280562223 25.360324554085665 1
1678280562843 16.440066525215634 1
1678280563459 11.945915958958246 1
1678280564077 8.937989792183775 1
1678280564714 6.660323740431669 1
1678280565355 4.89538019898913 1
1678280565972 3.5448032712105224 1
1678280566587 2.5508044702261246 1
1678280567204 1.878885158582453 1
1678280567819 1.4924312155711534 1
1678280568434 1.3217700771031584 1
1678280569050 1.270937378590008 1
1678280569682 1.264690713654496 1
1678280570326 1.2671253924918018 1
1678280570948 1.2677412085612636 1
1678280571561 1.266036980802329 1
1678280572174 1.2636236820477416 1
1678280572788 1.2615745897367494 1
1678280573402 1.2601452091886465 1
1678280574108 1.2591656545698868 1
1678280574746 1.258397748941077 1
1678280575393 1.257681101017314 1
1678280576012 1.256948064019233 1
1678280576628 1.2561865505199652 1
1678280577243 1.2554015007391377 1
1678280577858 1.2545990602426045 1
1678280578473 1.2537834606478715 1
1678280579088 1.2529556344784711 1
1678280579723 1.2521138097670261 1
1678280580367 1.2512586183551955 1
1678280580986 1.2503910542916934 1
1678280581601 1.24950893838139 1
1678280582216 1.2486132081556032 1
1678280582832 1.2477027287242952 1
1678280583447 1.2467769623869271 1
1678280584062 1.245838014332932 1
1678280584694 1.2448864634904533 1
1678280585340 1.2439187898591975 1
1678280585966 1.2429359217279545 1
1678280586582 1.2419375076376769 1
1678280587198 1.24092611067823 1
1678280587814 1.239901994378789 1
1678280588430 1.2388658351336232 1
1678280589045 1.2378187721295226 1
1678280589676 1.23676043342852 1
1678280590324 1.2356908451852766 1
1678280590944 1.2346118058323237 1
1678280591559 1.2335204258397845 1
1678280592175 1.2324157189596965 1
1678280592790 1.231295533199303 1
1678280593406 1.2301629826208038 1
1678280594021 1.2290174372113454 1
1678280594650 1.2278609965148295 1
1678280595297 1.2266969060453146 1
1678280595923 1.225524824395852 1
1678280596541 1.2243440053273245 1
1678280597157 1.223153351468323 1
1678280597771 1.22195242293969 1
1678280598387 1.2207430378519568 1
1678280599004 1.2195223991161535 1
1678280599631 1.218291744950975 1
1678280600299 1.2170498975677564 1
1678280600916 1.2157937480849947 1
1678280601531 1.2145221654296978 1
1678280602146 1.213240042007633 1
1678280602760 1.2119485387578257 1
1678280603448 1.210649580940523 1
1678280604068 1.2093434120916742 1
1678280604699 1.2080253214767176 1
1678280605347 1.2066961097424527 1
1678280605974 1.2053528296176497 1
1678280606590 1.2039919615378982 1
1678280607212 1.2026157256732894 1
1678280607830 1.2012285278996189 1
1678280608457 1.1998285063181067 1
1678280609078 1.1984112249809638 1
1678280609709 1.1969841986602423 1
1678280610366 1.1955506188210299 1
1678280610985 1.1941102265439563 1
1678280611602 1.1926588634021043 1
1678280612218 1.1911988196159713 1
1678280612834 1.1897295121343028 1
1678280613454 1.1882500896737596 1
1678280614078 1.1867624731663409 1
1678280614714 1.185268075741308 1
1678280615365 1.1837658431045608 1
1678280615997 1.1822530445266757 1
1678280616629 1.1807256802203676 1
1678280617251 1.1791806824024647 1
1678280617872 1.1776212209980772 1
1678280618491 1.1760531682710211 1
1678280619111 1.174474706310027 1
1678280619747 1.1728865771502341 1
1678280620398 1.1712889668304165 1
1678280621027 1.1696797035428885 1
1678280621647 1.1680541246526126 1
1678280622265 1.1664144176795435 1
1678280622884 1.164764689918316 1
1678280623502 1.1631064580749992 1
1678280624120 1.161434429117398 1
1678280624755 1.1597520602147489 1
1678280625406 1.1580577181025942 1
1678280626038 1.1563480806911983 1
1678280626661 1.1546291272407871 1
1678280627282 1.1529019165461027 1
1678280627901 1.1511660120122826 1
1678280628520 1.1494185517866193 1
1678280629141 1.1476619537428427 1
1678280629777 1.145895997517867 1
1678280630428 1.1441225226921536 1
1678280631050 1.1423415091559117 1
1678280631670 1.1405486736403063 1
1678280632386 1.1387465849046492 1
1678280633020 1.1369362998883032 1
1678280633650 1.1351187095476796 1
1678280634279 1.133289345787885 1
1678280634933 1.1314497996309463 1
1678280635583 1.1296011972617084 1
1678280636231 1.1277402701066408 1
1678280636853 1.1258685452835677 1
1678280637474 1.1239884991214995 1
1678280638096 1.122097509733489 1
1678280638717 1.1201987294467877 1
1678280639337 1.1182872149922227 1
1678280639987 1.1163604830675724 1
1678280640638 1.1144205865001269 1
1678280641266 1.1124635987426659 1
1678280641886 1.1104940454096792 1
1678280642505 1.108510246423196 1
1678280643124 1.106510809264608 1
1678280643743 1.1045016314493186 1
1678280644363 1.1024861893253803 1
1678280645011 1.1004624985986433 1
1678280645652 1.0984277307346875 1
1678280646253 1.096380464937203 1
1678280646853 1.0943214791951192 1
1678280647454 1.0922463026030012 1
1678280648054 1.0901509607401898 1
1678280648655 1.0880366753464399 1
1678280649256 1.0859058685243725 1
1678280649890 1.0837636519166347 1
1678280650539 1.081604226550936 1
1678280651159 1.0794360795742604 1
1678280651778 1.0772599171357575 1
1678280652399 1.0750736233539584 1
1678280653019 1.0728764854945698 1
1678280653639 1.0706639036189198 1
1678280654259 1.0684250626852065 1
1678280654900 1.0661665458902612 1
1678280655552 1.0638916934836955 1
1678280656170 1.0615999913871372 1
1678280656773 1.0592841760899627 1
1678280657384 1.056945611712678 1
1678280657994 1.0545947886898035 1
1678280658604 1.0522304110169154 1
1678280659286 1.0498453632978462 1
1678280659925 1.0474442599631721 1
1678280660576 1.0450235355566362 1
1678280661187 1.042590097563723 1
1678280661787 1.0401474382616716 1
1678280662391 1.0377006415540848 1
1678280663001 1.035246203028119 1
1678280663611 1.0327678384681827 1
1678280664220 1.0302670446983981 1
1678280664854 1.0277458162525817 1
1678280665507 1.0252006095199342 1
1678280666119 1.022632157215651 1
1678280666718 1.0200470954109622 1
1678280667319 1.0174448497657693 1
1678280667919 1.014828275123949 1
1678280668523 1.0121971846511606 1
1678280669124 1.0095449619195762 1
1678280669743 1.0068683954678361 1
1678280670395 1.0041521544124823 1
1678280671021 1.0014041511056697 1
1678280671641 0.9986296912454649 1
1678280672261 0.9958285622521401 1
1678280672880 0.9929954363150472 1
1678280673499 0.9901463998091202 1
1678280674118 0.9872784386703509 1
1678280674748 0.9843808863803352 1
1678280675400 0.9814491385769638 1
1678280676026 0.9784951492051216 1
1678280676646 0.9755163900296335 1
1678280677265 0.9725086277408456 1
1678280677884 0.9694794224810939 1
1678280678503 0.966419259620484 1
1678280679121 0.9633057151978581 1
1678280679752 0.9601574876585082 1
1678280680404 0.9569529776636855 1
1678280681029 0.9536685510428408 1
1678280681648 0.9503311555233485 1
1678280682267 0.9469439987229668 1
1678280682887 0.9434881520147945 1
1678280683508 0.9399572050504343 1
1678280684127 0.9363796169727997 1
1678280684758 0.9327605702919779 1
1678280685411 0.9290923174580249 1
