1678280560982 16.973360197884695 1
1678280561605 11.542987142290388 1
1678280562225 7.20641429083688 1
1678280562845 4.6242446558816095 1
1678280563461 3.3099266460963657 1
1678280564079 2.4450787135532925 1
1678280564716 1.8032383578164237 1
1678280565357 1.3156547886984689 1
1678280565973 0.9503421017101833 1
1678280566589 0.6925507272992816 1
1678280567206 0.5261575409344265 1
1678280567821 0.42712196707725525 1
1678280568436 0.37686300703457426 1
1678280569052 0.3590078353881836 1
1678280569684 0.354753954069955 1
1678280570328 0.35404965707233976 1
1678280570950 0.3537206564630781 1
1678280571563 0.35334743772234234 1
1678280572176 0.3530918444905962 1
1678280572790 0.3529831426484244 1
1678280573404 0.35298918400491985 1
1678280574110 0.3530195781162807 1
1678280574748 0.35300566468920025 1
1678280575395 0.35290788752692087 1
1678280576014 0.3527292949812753 1
1678280576630 0.3524976372718811 1
1678280577245 0.35223608783313204 1
1678280577860 0.35196150626455036 1
1678280578475 0.3516847150666373 1
1678280579090 0.3514110360826765 1
1678280579725 0.35114029901368277 1
1678280580369 0.35087195464542936 1
1678280580988 0.3506039934498923 1
1678280581603 0.3503339929240091 1
1678280582218 0.3500604970114572 1
1678280582833 0.34978246688842773 1
1678280583449 0.3494993575981685 1
1678280584064 0.3492120291505541 1
1678280584696 0.3489202729293278 1
1678280585342 0.3486235184328897 1
1678280585968 0.3483220934867859 1
1678280586584 0.34801597254616873 1
1678280587200 0.34770586660930086 1
1678280587816 0.3473916692393167 1
1678280588432 0.34707372529166086 1
1678280589047 0.3467527415071215 1
1678280589678 0.34642825382096426 1
1678280590326 0.3461002494607653 1
1678280590946 0.3457690179347992 1
1678280591561 0.34543383972985403 1
1678280592177 0.34509497029440744 1
1678280592792 0.3447519711085728 1
1678280593408 0.3444051614829472 1
1678280594023 0.3440546265670231 1
1678280594652 0.34370084745543344 1
1678280595299 0.3433447139603751 1
1678280595925 0.34298566409519743 1
1678280596543 0.3426233487469809 1
1678280597158 0.3422583043575287 1
1678280597773 0.34189033934048246 1
1678280598389 0.34151995182037354 1
1678280599006 0.3411467841693333 1
1678280599633 0.3407706618309021 1
1678280600301 0.34039120163236347 1
1678280600918 0.34000769683292936 1
1678280601533 0.33962081159864155 1
1678280602148 0.33923013295446125 1
1678280602762 0.3388360696179526 1
1678280603450 0.33843943050929476 1
1678280604069 0.33804035612515043 1
1678280604701 0.33763738189424786 1
1678280605349 0.3372309463364737 1
1678280605976 0.3368204193455832 1
1678280606592 0.33640522616250174 1
1678280607214 0.33598634600639343 1
1678280607832 0.3355649283954075 1
1678280608459 0.3351400537150247 1
1678280609080 0.3347102275916508 1
1678280609711 0.3342773786612919 1
1678280610369 0.3338421029703958 1
1678280610987 0.33340396199907574 1
1678280611603 0.3329619211809976 1
1678280612220 0.3325177473681314 1
1678280612836 0.332071385213307 1
1678280613456 0.33162227272987366 1
1678280614080 0.33117044397762846 1
1678280614716 0.33071730392319815 1
1678280615367 0.3302618222577231 1
1678280615999 0.32980368392808096 1
1678280616631 0.32934203318187166 1
1678280617253 0.3288766188280923 1
1678280617874 0.3284075515610831 1
1678280618493 0.32793503999710083 1
1678280619113 0.3274589776992798 1
1678280619749 0.32698013952800203 1
1678280620399 0.32649852548326763 1
1678280621029 0.32601368853024076 1
1678280621649 0.3255248282636915 1
1678280622267 0.32503219161714825 1
1678280622886 0.3245359829493931 1
1678280623504 0.324036317212241 1
1678280624122 0.3235322279589517 1
1678280624757 0.32302506055150715 1
1678280625408 0.32251388686043875 1
1678280626040 0.3219986472811018 1
1678280626663 0.32148117252758573 1
1678280627283 0.32096056427274433 1
1678280627903 0.3204371545995985 1
1678280628522 0.31990995577403475 1
1678280629143 0.31938018117632183 1
1678280629779 0.31884804368019104 1
1678280630430 0.31831379873411997 1
1678280631052 0.317776973758425 1
1678280631672 0.31723681518009733 1
1678280632390 0.3166940467698233 1
1678280633023 0.3161489963531494 1
1678280633652 0.3156026005744934 1
1678280634281 0.3150522751467569 1
1678280634935 0.3144989652293069 1
1678280635585 0.313942836863654 1
1678280636233 0.31338233607155935 1
1678280636854 0.31281801632472445 1
1678280637476 0.3122514656611851 1
1678280638098 0.3116814536707742 1
1678280638719 0.31110949175698416 1
1678280639339 0.31053357890674044 1
1678280639989 0.3099534000669207 1
1678280640640 0.3093694491045816 1
1678280641268 0.30878103205135893 1
1678280641888 0.30818805524281095 1
1678280642507 0.30759028026035856 1
1678280643126 0.3069883670125689 1
1678280643745 0.3063842611653464 1
1678280644365 0.3057772091456822 1
1678280645013 0.3051665595599583 1
1678280645654 0.30455261043139864 1
1678280646254 0.30393609404563904 1
1678280646854 0.3033191178526197 1
1678280647456 0.3027000256947109 1
1678280648056 0.3020754371370588 1
1678280648656 0.3014455565384456 1
1678280649258 0.3008111374718802 1
1678280649892 0.30017232469149996 1
1678280650541 0.2995283007621765 1
1678280651161 0.2988808367933546 1
1678280651780 0.29823010734149386 1
1678280652401 0.2975759889398302 1
1678280653021 0.2969182900020054 1
1678280653641 0.29625708716256277 1
1678280654260 0.29559141397476196 1
1678280654902 0.29492150034223286 1
1678280655554 0.2942460221903665 1
1678280656172 0.2935639960425241 1
1678280656775 0.2928751621927534 1
1678280657386 0.29218085748808725 1
1678280657996 0.291482469865254 1
1678280658605 0.29077883277620586 1
1678280659288 0.29006934591702055 1
1678280659927 0.28935910548482624 1
1678280660578 0.28864229151180815 1
1678280661188 0.2879205729280199 1
1678280661789 0.2871944308280945 1
1678280662392 0.28646416323525564 1
1678280663003 0.28573031084878103 1
1678280663613 0.28499145592961994 1
1678280664222 0.28424745372363497 1
1678280664856 0.28349973474230084 1
1678280665512 0.2827445651803698 1
1678280666120 0.2819809019565582 1
1678280666720 0.28121137619018555 1
1678280667321 0.2804355195590428 1
1678280667921 0.2796551542622702 1
1678280668525 0.27886990138462614 1
1678280669126 0.27807929260390146 1
1678280669745 0.2772810842309679 1
1678280670397 0.2764734923839569 1
1678280671023 0.27565773895808626 1
1678280671643 0.2748328021594456 1
1678280672263 0.2740002019064767 1
1678280672882 0.27315919739859446 1
1678280673501 0.27231242827006746 1
1678280674120 0.27146026492118835 1
1678280674750 0.27060153228896006 1
1678280675402 0.26973551511764526 1
1678280676028 0.26886091913495747 1
1678280676647 0.26797803810664583 1
1678280677267 0.26708565439496723 1
1678280677886 0.2661865140710558 1
1678280678504 0.26527738145419527 1
1678280679123 0.2643574220793588 1
1678280679754 0.2634285943848746 1
1678280680406 0.2624846271106175 1
1678280681031 0.26152327018124716 1
1678280681650 0.2605474442243576 1
1678280682269 0.2595549502543041 1
1678280682889 0.2585432082414627 1
1678280683510 0.2575118456568037 1
1678280684129 0.25646559255463736 1
1678280684760 0.25540852546691895 1
1678280685413 0.25433833471366335 1
