1678280560971 3462.5635114397323 1
1678280561601 1620.5094342912946 1
1678280562221 643.1460614885602 1
1678280562841 270.2757873535156 1
1678280563457 142.7049080984933 1
1678280564075 79.88766152518136 1
1678280564712 44.3599123273577 1
1678280565353 23.964747292654856 1
1678280565970 12.565630231584821 1
1678280566585 6.506603445325579 1
1678280567202 3.5302094391414096 1
1678280567817 2.2273509332111905 1
1678280568433 1.7470761367252894 1
1678280569048 1.6152818202972412 1
1678280569680 1.5994426012039185 1
1678280570324 1.6056067602975028 1
1678280570946 1.6071677718843733 1
1678280571559 1.6028496367590768 1
1678280572172 1.5967448098318917 1
1678280572786 1.5915704454694475 1
1678280573400 1.5879659482410975 1
1678280574106 1.5854981456484114 1
1678280574743 1.5835648945399694 1
1678280575391 1.5817617518561227 1
1678280576010 1.5799184356416975 1
1678280576626 1.5780046497072493 1
1678280577241 1.5760329280580794 1
1678280577856 1.5740188019616264 1
1678280578471 1.5719729661941528 1
1678280579087 1.5698978219713484 1
1678280579721 1.5677889926092965 1
1678280580365 1.5656481300081526 1
1678280580984 1.5634777886526925 1
1678280581599 1.5612725870949882 1
1678280582214 1.5590349435806274 1
1678280582830 1.5567620992660522 1
1678280583445 1.5544527939387731 1
1678280584060 1.5521123579570226 1
1678280584692 1.549742306981768 1
1678280585338 1.5473339557647705 1
1678280585964 1.54488970552172 1
1678280586580 1.5424087728772844 1
1678280587196 1.5398976121629988 1
1678280587812 1.5373569556644984 1
1678280588428 1.5347885574613298 1
1678280589043 1.532195312636239 1
1678280589674 1.529576369694301 1
1678280590322 1.5269318648747034 1
1678280590942 1.524266311100551 1
1678280591557 1.5215726409639632 1
1678280592173 1.5188485043389457 1
1678280592788 1.5160886900765556 1
1678280593404 1.513300963810512 1
1678280594019 1.5104838609695435 1
1678280594648 1.5076426267623901 1
1678280595295 1.5047852993011475 1
1678280595921 1.5019110952104842 1
1678280596538 1.4990182433809554 1
1678280597155 1.496104121208191 1
1678280597769 1.493167723928179 1
1678280598385 1.4902135644640242 1
1678280599002 1.4872348819460188 1
1678280599629 1.4842347758156913 1
1678280600277 1.4812104531696864 1
1678280600914 1.4781544378825597 1
1678280601529 1.4750640903200423 1
1678280602144 1.4719513995306832 1
1678280602759 1.468819260597229 1
1678280603446 1.4656724078314645 1
1678280604066 1.462511488369533 1
1678280604697 1.459325177328927 1
1678280605345 1.4561155012675695 1
1678280605972 1.4528754438672746 1
1678280606588 1.449596643447876 1
1678280607210 1.4462845836366927 1
1678280607828 1.4429499762398856 1
1678280608455 1.4395884445735387 1
1678280609076 1.4361894641603743 1
1678280609707 1.4327711718423026 1
1678280610353 1.4293412821633475 1
1678280610983 1.4258992331368583 1
1678280611600 1.4224351644515991 1
1678280612216 1.4189546278544836 1
1678280612832 1.4154563120433263 1
1678280613452 1.4119382756096976 1
1678280614076 1.40840516771589 1
1678280614712 1.4048604113715035 1
1678280615363 1.4013015713010515 1
1678280615995 1.397722261292594 1
1678280616627 1.3941131319318498 1
1678280617249 1.3904670817511422 1
1678280617870 1.386791740145002 1
1678280618489 1.3831010546003069 1
1678280619109 1.379390835762024 1
1678280619745 1.375662922859192 1
1678280620395 1.3719178438186646 1
1678280621025 1.3681506088801794 1
1678280621645 1.364350438117981 1
1678280622264 1.3605225937707084 1
1678280622882 1.3566767828805106 1
1678280623500 1.3528166328157698 1
1678280624118 1.3489299331392561 1
1678280624753 1.3450248411723547 1
1678280625404 1.3410976784569877 1
1678280626036 1.3371408837182182 1
1678280626660 1.3331684214728219 1
1678280627280 1.3291828291756767 1
1678280627899 1.3251831872122628 1
1678280628518 1.3211630071912492 1
1678280629139 1.317127960068839 1
1678280629775 1.3130776371274675 1
1678280630426 1.3090163469314575 1
1678280631048 1.3049441235406058 1
1678280631668 1.300851276942662 1
1678280632383 1.2967437846320016 1
1678280633018 1.2926241500037057 1
1678280633648 1.2884944847651891 1
1678280634277 1.2843447412763322 1
1678280634931 1.2801786490849085 1
1678280635581 1.275998864855085 1
1678280636229 1.271798116820199 1
1678280636851 1.2675799812589372 1
1678280637473 1.263350146157401 1
1678280638094 1.2591028213500977 1
1678280638715 1.2548451934541975 1
1678280639335 1.2505662952150618 1
1678280639985 1.2462607281548637 1
1678280640636 1.2419332436152868 1
1678280641264 1.2375752585274833 1
1678280641884 1.2331970248903548 1
1678280642503 1.2287949664252145 1
1678280643122 1.2243661710194178 1
1678280643741 1.2199238538742065 1
1678280644361 1.2154757976531982 1
1678280645009 1.211017710821969 1
1678280645650 1.2065434796469552 1
1678280646251 1.2020501238959176 1
1678280646851 1.1975394998277937 1
1678280647452 1.1930019855499268 1
1678280648052 1.1884291172027588 1
1678280648653 1.1838238068989344 1
1678280649254 1.1791915552956718 1
1678280649888 1.1745436532156808 1
1678280650537 1.1698677028928484 1
1678280651157 1.165182249886649 1
1678280651776 1.1604889290673392 1
1678280652397 1.1557832956314087 1
1678280653017 1.1510639531271798 1
1678280653637 1.1463211945125036 1
1678280654257 1.1415321145738875 1
1678280654898 1.1367111035755701 1
1678280655550 1.1318655354636056 1
1678280656168 1.1269945417131697 1
1678280656771 1.122082965714591 1
1678280657382 1.1171340261186873 1
1678280657992 1.1121701683316911 1
1678280658602 1.1071888378688268 1
1678280659284 1.1021752868379866 1
1678280659923 1.0971394777297974 1
1678280660574 1.092074189867292 1
1678280661185 1.0869941115379333 1
1678280661785 1.081906693322318 1
1678280662389 1.0768226214817591 1
1678280662999 1.0717347008841378 1
1678280663609 1.0666094081742423 1
1678280664218 1.061450183391571 1
1678280664852 1.0562614628246851 1
1678280665505 1.0510362897600447 1
1678280666117 1.0457765289715357 1
1678280666716 1.0404960768563407 1
1678280667317 1.035194022314889 1
1678280667917 1.0298764279910497 1
1678280668521 1.0245431406157357 1
1678280669123 1.0191810301371984 1
1678280669741 1.0137839657919747 1
1678280670393 1.0083215492112296 1
1678280671019 1.002810273851667 1
1678280671639 0.9972612602370126 1
1678280672259 0.9916745253971645 1
1678280672878 0.986039936542511 1
1678280673497 0.9803898930549622 1
1678280674116 0.9747187154633659 1
1678280674746 0.9690057294709342 1
1678280675398 0.9632424116134644 1
1678280676024 0.9574527570179531 1
1678280676644 0.9516322272164481 1
1678280677263 0.9457730310303825 1
1678280677882 0.9398903506142753 1
1678280678501 0.9339661853654044 1
1678280679119 0.927957900932857 1
1678280679750 0.9219024011066982 1
1678280680402 0.9157590014593942 1
1678280681027 0.9094837052481515 1
1678280681646 0.9031293051583427 1
1678280682265 0.8967029367174421 1
1678280682885 0.8901698929922921 1
1678280683506 0.8835195473262242 1
1678280684125 0.8768067870821271 1
1678280684756 0.8700422814914158 1
1678280685409 0.8632125343595233 1
