1678281148706 162.59139943318914 1
1678281149308 162.28772450359136 1
1678281149904 161.89345247834189 1
1678281150508 161.3360538305837 1
1678281151131 160.5186470448438 1
1678281151732 159.29386415129116 1
1678281152328 157.45294258750545 1
1678281152925 154.69882985203634 1
1678281153520 150.61320715542465 1
1678281154116 144.67150771692843 1
1678281154712 136.3168674997902 1
1678281155307 125.0807172424785 1
1678281155929 110.83640136842936 1
1678281156545 94.36760592191071 1
1678281157145 78.62335737055973 1
1678281157741 69.44819678602431 1
1678281158337 68.66162847129652 1
1678281158933 68.90029407164009 1
1678281159530 67.61108867797488 1
1678281160127 66.84191672709747 1
1678281160740 66.59505250703823 1
1678281161362 66.28715212911469 1
1678281161970 65.91741585416274 1
1678281162579 65.59496336419436 1
1678281163183 65.3004335658189 1
1678281163779 65.00453361378713 1
1678281164375 64.71309179325281 1
1678281165043 64.42766055410864 1
1678281165648 64.14447091306091 1
1678281166261 63.862346843097114 1
1678281166870 63.58127647281821 1
1678281167472 63.29637798672874 1
1678281168070 62.958397655749344 1
1678281168668 62.4729620645468 1
1678281169263 62.14725484586775 1
1678281169857 61.84648682405233 1
1678281170455 61.54001356913472 1
1678281171067 61.25799903352637 1
1678281171676 60.969256263000226 1
1678281172284 60.6797760872967 1
1678281172888 60.392131172309874 1
1678281173483 60.097847055473835 1
1678281174078 59.80053689700154 1
1678281174673 59.50017438590516 1
1678281175268 59.194016638067126 1
1678281175879 58.88322067835078 1
1678281176490 58.56559859446225 1
1678281177088 58.24004102528803 1
1678281177684 57.90351426542014 1
1678281178280 57.55360315678007 1
1678281178876 57.1896086042759 1
1678281179471 56.816406422647695 1
1678281180066 56.43845260774516 1
1678281180670 56.06263468738798 1
1678281181282 55.69084560857569 1
1678281181890 55.32125668427311 1
1678281182487 54.95356419155095 1
1678281183084 54.585925759444855 1
1678281183681 54.21801055743196 1
1678281184277 53.84832939028842 1
1678281184873 53.47390840160558 1
1678281185471 53.09335848674282 1
1678281186084 52.70438102035579 1
1678281186695 52.30648160197859 1
1678281187298 51.89992980196275 1
1678281187901 51.48288428635253 1
1678281188504 51.052716703545755 1
1678281189103 50.606259965660904 1
1678281189698 50.13949152605231 1
1678281190294 49.65059539609152 1
1678281191004 49.138753016240365 1
1678281191615 48.60265891433849 1
1678281192219 48.03709340762048 1
1678281192817 47.43275498866508 1
1678281193414 46.71304032985071 1
1678281194010 45.876098572142034 1
1678281194604 45.13452501990379 1
1678281195200 44.42523545307761 1
1678281195806 43.67601365196675 1
1678281196419 42.94537229312478 1
1678281197018 42.239365439664645 1
1678281197613 41.55048350222863 1
1678281198208 40.84996541304107 1
1678281198804 40.16460555267547 1
1678281199399 39.5172842884412 1
1678281199994 38.900739623402636 1
1678281200596 38.32690949567882 1
1678281201208 37.76868818477365 1
1678281201817 37.22328194865437 1
1678281202424 36.71481433125256 1
1678281203021 36.22001061396252 1
1678281203620 35.76700470389268 1
1678281204225 35.351925930452325 1
1678281204823 34.975369876201746 1
1678281205419 34.603946511750046 1
1678281206034 34.25204954886629 1
1678281206644 33.86458761029089 1
1678281207247 33.53938915663194 1
1678281207843 33.197634525038616 1
1678281208440 32.90053414206443 1
1678281209036 32.594499300129094 1
1678281209630 32.30792853300487 1
1678281210225 32.03219823835987 1
1678281210838 31.78726079861618 1
1678281211450 31.53682419558431 1
1678281212054 31.29974403015521 1
1678281212652 31.021850901077503 1
1678281213247 30.762376374773364 1
1678281213842 30.45172873342912 1
1678281214437 30.15082760280269 1
1678281215032 29.858939606323304 1
1678281215632 29.5820974581775 1
1678281216244 29.33050302169365 1
1678281216843 29.09770228472616 1
1678281217438 28.884627379801486 1
1678281218033 28.681778955582928 1
1678281218703 28.470206919851353 1
1678281219300 28.26758268436695 1
1678281219896 28.07274349215515 1
1678281220494 27.879665807811357 1
1678281221106 27.689812035642216 1
1678281221709 27.516248782426025 1
1678281222310 27.340432993963958 1
1678281222905 27.193217340652016 1
1678281223501 27.06163538524182 1
1678281224101 26.838468117321575 1
1678281224700 26.785649623247842 1
1678281225296 26.571269560776138 1
1678281225904 26.524019527329575 1
1678281226514 26.343339579077128 1
1678281227110 26.442279810019016 1
1678281227704 26.06430937134192 1
1678281228300 26.283101206672292 1
1678281228895 25.91582268371745 1
1678281229490 25.85181057089671 1
1678281230086 25.761329391282167 1
1678281230688 25.62672968220485 1
1678281231309 25.51281006200698 1
1678281231909 25.46810739493875 1
1678281232506 25.31948447234486 1
1678281233102 25.28361533307343 1
1678281233697 25.106640059349925 1
1678281234292 25.00283919424827 1
1678281234888 24.9098323386583 1
1678281235512 24.812709613915338 1
1678281236133 24.72405782422778 1
1678281236744 24.624987607071755 1
1678281237339 24.54892039451577 1
1678281237934 24.461146740219277 1
1678281238528 24.359237369892053 1
1678281239122 24.257604740886247 1
1678281239717 24.200993094396402 1
1678281240311 24.09551686736495 1
1678281240918 24.00447077208725 1
1678281241526 23.901370975188485 1
1678281242121 23.84858862215903 1
1678281242715 23.746474567996028 1
1678281243310 23.6220414319598 1
1678281243905 23.583846390734323 1
1678281244499 23.56674076381362 1
1678281245093 23.410415153674883 1
1678281245694 23.332544482124614 1
1678281246304 23.285714419446006 1
1678281246995 23.17355177456605 1
1678281247592 23.13854404739785 1
1678281248188 23.087314513561395 1
1678281248783 22.977751022716344 1
1678281249382 22.880163248796407 1
1678281249978 22.926731241194656 1
1678281250577 22.739155482755233 1
1678281251199 22.746024031366254 1
1678281251803 22.62900455385111 1
1678281252398 22.607071587362622 1
1678281252994 22.503603498332357 1
1678281253590 22.49715771358089 1
1678281254185 22.378933085180154 1
1678281254781 22.301531785142647 1
1678281255376 22.2872555098485 1
1678281255986 22.151477749418433 1
1678281256593 22.138992281674586 1
1678281257188 22.1199178824136 1
1678281257782 21.967799512847503 1
1678281258377 21.981061140513717 1
1678281258972 21.889018148683437 1
1678281259567 21.93184081175812 1
1678281260161 21.76369702740739 1
1678281260763 21.755750976330024 1
1678281261375 21.6688183620839 1
1678281261975 21.72589429162002 1
1678281262571 21.621819486706862 1
1678281263167 21.663175118507507 1
1678281263761 21.452215886502895 1
1678281264355 21.491316350256373 1
1678281264950 21.417075803000067 1
1678281265554 21.367695541100478 1
1678281266168 21.295388968238964 1
1678281266770 21.28072289145564 1
1678281267369 21.248431082116415 1
1678281267977 21.17551489204171 1
1678281268585 21.12394808474358 1
