1678281148710 0.9881123219217572 1
1678281149309 0.9848177433013916 1
1678281149906 0.9804657782827105 1
1678281150510 0.9743644595146179 1
1678281151133 0.9654704758099147 1
1678281151734 0.9521838341440473 1
1678281152330 0.9322115097727094 1
1678281152926 0.9022766011101859 1
1678281153522 0.8577149084636143 1
1678281154117 0.7924471156937736 1
1678281154713 0.7002158505575997 1
1678281155309 0.6020063417298454 1
1678281155931 0.5341333959783826 1
1678281156547 0.5089096469538552 1
1678281157147 0.547366065638406 1
1678281157742 0.6463912725448608 1
1678281158339 0.7387502023151943 1
1678281158935 0.7584161077226911 1
1678281159531 0.7205640843936375 1
1678281160129 0.6794958625520978 1
1678281160742 0.6582148841449192 1
1678281161363 0.6547901545252118 1
1678281161972 0.6598415545054844 1
1678281162581 0.6645925981657845 1
1678281163185 0.6644040431295123 1
1678281163780 0.6596824782235282 1
1678281164376 0.6535195708274841 1
1678281165045 0.6483415365219116 1
1678281165650 0.6446891682488578 1
1678281166263 0.641852753502982 1
1678281166871 0.6389399256025042 1
1678281167473 0.635446310043335 1
1678281168072 0.6302837559155056 1
1678281168669 0.6183498416628156 1
1678281169265 0.6133897049086434 1
1678281169859 0.6192832674298968 1
1678281170457 0.6127902013914925 1
1678281171069 0.6085349491664341 1
1678281171678 0.6055037294115339 1
1678281172286 0.5995908294405256 1
1678281172889 0.595795716558184 1
1678281173484 0.5925556889602116 1
1678281174079 0.5883084791047233 1
1678281174674 0.5843958939824786 1
1678281175270 0.5801913397652763 1
1678281175881 0.5758317879268101 1
1678281176491 0.5713273712566921 1
1678281177090 0.5666513187544686 1
1678281177686 0.5614033341407776 1
1678281178282 0.5567321309021541 1
1678281178877 0.5519387722015381 1
1678281179473 0.5465756228991917 1
1678281180067 0.5406724980899266 1
1678281180671 0.5348853256021228 1
1678281181284 0.5302098393440247 1
1678281181891 0.5254204741546086 1
1678281182489 0.5208972649914878 1
1678281183086 0.515920626265662 1
1678281183682 0.5106094436986106 1
1678281184279 0.5051283155168805 1
1678281184874 0.49999359250068665 1
1678281185473 0.4940198234149388 1
1678281186086 0.4895703153950827 1
1678281186697 0.48331878440720694 1
1678281187300 0.47786091906683786 1
1678281187903 0.4714486300945282 1
1678281188506 0.46517596926007954 1
1678281189104 0.4587050420897348 1
1678281189700 0.4522471513066973 1
1678281190295 0.44525774887629915 1
1678281191006 0.4379669002124241 1
1678281191617 0.42985355854034424 1
1678281192221 0.4220204906804221 1
1678281192818 0.41312118087496075 1
1678281193415 0.40018418431282043 1
1678281194011 0.38242373296192717 1
1678281194606 0.3731160930224827 1
1678281195201 0.36740459714617046 1
1678281195808 0.3579448333808354 1
1678281196420 0.3459447920322418 1
1678281197019 0.33490628004074097 1
1678281197614 0.3244927227497101 1
1678281198210 0.3159948672567095 1
1678281198806 0.3057170127119337 1
1678281199401 0.295926822083337 1
1678281199996 0.2867516960416521 1
1678281200598 0.2782407062394278 1
1678281201210 0.26904390113694326 1
1678281201818 0.25785735675266813 1
1678281202425 0.24685319832393102 1
1678281203023 0.23654973081180028 1
1678281203622 0.2274826807635171 1
1678281204226 0.22014395041125162 1
1678281204825 0.21403280326298305 1
1678281205421 0.20933157418455398 1
1678281206036 0.20495647830622538 1
1678281206646 0.20112610714776175 1
1678281207248 0.1981977735246931 1
1678281207845 0.19546745078904287 1
1678281208442 0.19296343198844365 1
1678281209037 0.19025773448603495 1
1678281209632 0.18769006431102753 1
1678281210226 0.18521191605499812 1
1678281210839 0.1829348078795842 1
1678281211452 0.18075246683188848 1
1678281212056 0.17879063742501394 1
1678281212653 0.17689952467169082 1
1678281213249 0.17494126515729086 1
1678281213843 0.17326839481081283 1
1678281214439 0.171840529356684 1
1678281215033 0.1704217940568924 1
1678281215634 0.16914367037160055 1
1678281216245 0.1680894366332463 1
1678281216844 0.16711893251964025 1
1678281217440 0.16615062739167893 1
1678281218037 0.1653383799961635 1
1678281218705 0.16440477967262268 1
1678281219302 0.16348870524338313 1
1678281219898 0.16254485717841557 1
1678281220496 0.16152710148266383 1
1678281221108 0.16053350269794464 1
1678281221711 0.1596222881759916 1
1678281222311 0.15866337503705705 1
1678281222907 0.15792730450630188 1
1678281223503 0.15740553821836198 1
1678281224102 0.15651707989828928 1
1678281224702 0.15627622178622655 1
1678281225297 0.15570985206535884 1
1678281225905 0.1556509073291506 1
1678281226516 0.1550953026328768 1
1678281227112 0.15514148133141653 1
1678281227706 0.15378903491156443 1
1678281228302 0.15391160334859574 1
1678281228896 0.15269011897700174 1
1678281229492 0.15212801098823547 1
1678281230087 0.1514077271733965 1
1678281230689 0.15068986586162023 1
1678281231311 0.1498692056962422 1
1678281231911 0.14933072669165476 1
1678281232507 0.14875970780849457 1
1678281233104 0.1481351809842246 1
1678281233699 0.14759431779384613 1
1678281234294 0.14702823970999038 1
1678281234890 0.1464859183345522 1
1678281235514 0.14586459951741354 1
1678281236135 0.14532847702503204 1
1678281236745 0.1447522214480809 1
1678281237340 0.14426331860678537 1
1678281237935 0.14378319893564498 1
1678281238530 0.14327929488250188 1
1678281239124 0.14248949076448167 1
1678281239718 0.14197911322116852 1
1678281240313 0.14133851655891963 1
1678281240919 0.14089046205793107 1
1678281241528 0.14027888434273855 1
1678281242123 0.13986619242600032 1
1678281242717 0.13953449257782527 1
1678281243312 0.1389938827071871 1
1678281243907 0.1384869239159993 1
1678281244501 0.13843421850885665 1
1678281245095 0.13798074424266815 1
1678281245696 0.1371700188943318 1
1678281246306 0.13684457753385817 1
1678281246997 0.1365572831460408 1
1678281247594 0.13614060410431453 1
1678281248190 0.13589732561792647 1
1678281248785 0.1353220556463514 1
1678281249384 0.13479826492922647 1
1678281249980 0.1345993493284498 1
1678281250579 0.1341701682124819 1
1678281251201 0.13376469484397344 1
1678281251804 0.13321862050465175 1
1678281252400 0.13286083723817552 1
1678281252996 0.1323773062654904 1
1678281253592 0.13219518533774785 1
1678281254187 0.1316493856055396 1
1678281254783 0.13148411789110728 1
1678281255378 0.1311569448028292 1
1678281255987 0.13076016306877136 1
1678281256594 0.13053249993494578 1
1678281257189 0.13046517542430333 1
1678281257784 0.12978646797793253 1
1678281258378 0.12968099330152785 1
1678281258973 0.12924745785338537 1
1678281259568 0.12929186118500574 1
1678281260163 0.1287644079753331 1
1678281260765 0.1286402185048376 1
1678281261377 0.12812860629388265 1
1678281261976 0.1281577529651778 1
1678281262573 0.12774593702384404 1
1678281263168 0.12759884233985627 1
1678281263762 0.1269301644393376 1
1678281264357 0.12675693098987853 1
1678281264952 0.12651934261832917 1
1678281265555 0.126328244805336 1
1678281266169 0.12594897193568094 1
1678281266772 0.12582951890570776 1
1678281267370 0.12543261689799173 1
1678281267978 0.1251601470368249 1
1678281268586 0.1248076685837337 1
