1678281148703 26435.96316964286 1
1678281149306 26337.305524553572 1
1678281149902 26209.48995535714 1
1678281150507 26029.322265625 1
1678281151130 25766.23604910714 1
1678281151731 25374.53515625 1
1678281152327 24791.429129464286 1
1678281152923 23931.727957589286 1
1678281153519 22684.33816964286 1
1678281154114 20929.845145089286 1
1678281154710 18582.28836495536 1
1678281155306 15645.185825892857 1
1678281155927 12284.70786830357 1
1678281156543 8905.245047433036 1
1678281157143 6181.63232421875 1
1678281157739 4823.052036830357 1
1678281158336 4714.419224330357 1
1678281158932 4747.250523158482 1
1678281159528 4571.259312220982 1
1678281160125 4467.841831752232 1
1678281160739 4434.901018415178 1
1678281161360 4393.986537388393 1
1678281161969 4345.105712890625 1
1678281162578 4302.69921875 1
1678281163182 4264.146623883928 1
1678281163777 4225.589390345982 1
1678281164373 4187.784249441965 1
1678281165041 4150.923444475447 1
1678281165646 4114.513148716518 1
1678281166259 4078.399344308036 1
1678281166868 4042.5787179129466 1
1678281167470 4006.431466238839 1
1678281168068 3963.759835379464 1
1678281168666 3902.8709891183034 1
1678281169261 3862.2812848772323 1
1678281169856 3824.9879324776784 1
1678281170453 3787.173270089286 1
1678281171065 3752.5424455915177 1
1678281171674 3717.2502092633927 1
1678281172282 3682.035226004464 1
1678281172886 3647.2095075334823 1
1678281173481 3611.751220703125 1
1678281174076 3576.1042131696427 1
1678281174671 3540.270751953125 1
1678281175267 3503.9316057477677 1
1678281175878 3467.2336774553573 1
1678281176488 3429.9293387276784 1
1678281177087 3391.9023786272323 1
1678281177682 3352.816964285714 1
1678281178278 3312.417236328125 1
1678281178874 3270.6513323102677 1
1678281179469 3228.1040387834823 1
1678281180064 3185.2989327566966 1
1678281180668 3143.0190080915177 1
1678281181280 3101.470284598214 1
1678281181888 3060.4414411272323 1
1678281182486 3019.894217354911 1
1678281183083 2979.623291015625 1
1678281183679 2939.5926688058034 1
1678281184276 2899.642578125 1
1678281184871 2859.4588797433034 1
1678281185469 2818.904715401786 1
1678281186082 2777.751778738839 1
1678281186693 2735.968017578125 1
1678281187297 2693.602713448661 1
1678281187900 2650.487374441964 1
1678281188503 2606.3798828125 1
1678281189101 2560.9935477120534 1
1678281189696 2513.9686104910716 1
1678281190292 2465.181623186384 1
1678281191002 2414.6170479910716 1
1678281191614 2362.2184535435267 1
1678281192217 2307.562343052455 1
1678281192815 2249.8662458147323 1
1678281193412 2182.108136858259 1
1678281194008 2104.6164202008927 1
1678281194603 2037.1253487723213 1
1678281195198 1973.6015450613838 1
1678281195804 1907.5941685267858 1
1678281196417 1844.3050013950892 1
1678281197016 1784.1639927455358 1
1678281197611 1726.4426792689733 1
1678281198207 1668.7196742466517 1
1678281198802 1613.1955392020088 1
1678281199397 1561.615757533482 1
1678281199992 1513.267543247768 1
1678281200594 1468.9519914899554 1
1678281201206 1426.4738071986608 1
1678281201815 1385.572719029018 1
1678281202422 1347.9775913783483 1
1678281203019 1311.889168875558 1
1678281203618 1279.2786254882812 1
1678281204223 1249.7586669921875 1
1678281204822 1223.2764979771205 1
1678281205418 1197.433114188058 1
1678281206032 1173.2028982979912 1
1678281206642 1146.810294015067 1
1678281207245 1124.890625 1
1678281207842 1102.0829380580358 1
1678281208438 1082.4451468331474 1
1678281209034 1062.4013846261162 1
1678281209629 1043.80224609375 1
1678281210223 1026.061723981585 1
1678281210836 1010.429949079241 1
1678281211448 994.5712803431919 1
1678281212053 979.6739763532366 1
1678281212650 962.3552333286831 1
1678281213245 946.3238002232143 1
1678281213840 927.3077828543527 1
1678281214435 909.0724051339286 1
1678281215030 891.5562744140625 1
1678281215630 875.1004900251116 1
1678281216242 860.2784075055804 1
1678281216841 846.6762782505581 1
1678281217436 834.3216988699777 1
1678281218031 822.6444440569196 1
1678281218701 810.5526820591518 1
1678281219299 799.0562308175223 1
1678281219895 788.0789271763393 1
1678281220492 777.2757655552456 1
1678281221105 766.7256905691964 1
1678281221708 757.1439470563616 1
1678281222308 747.4992762974331 1
1678281222903 739.4710693359375 1
1678281223500 732.3321097237723 1
1678281224099 720.3033708844866 1
1678281224699 717.4710257393973 1
1678281225294 706.0323660714286 1
1678281225902 703.5236118861607 1
1678281226513 693.9715401785714 1
1678281227108 699.1941615513393 1
1678281227703 679.3482230050223 1
1678281228298 690.8014090401786 1
1678281228893 671.629865373884 1
1678281229488 668.3161097935268 1
1678281230084 663.6460920061384 1
1678281230686 656.7292742047991 1
1678281231307 650.9034772600446 1
1678281231908 648.624494280134 1
1678281232504 641.0762939453125 1
1678281233100 639.2612043108259 1
1678281233695 630.3433750697544 1
1678281234291 625.1419677734375 1
1678281234886 620.4997471400669 1
1678281235482 615.6705583844866 1
1678281236131 611.279035295759 1
1678281236742 606.3900146484375 1
1678281237337 602.6494925362723 1
1678281237932 598.3476998465402 1
1678281238526 593.3724452427456 1
1678281239120 588.4313877650669 1
1678281239715 585.6880667550223 1
1678281240309 580.5939331054688 1
1678281240916 576.214617047991 1
1678281241524 571.2755344935825 1
1678281242119 568.7551792689732 1
1678281242714 563.8950544084821 1
1678281243308 558.0008414132254 1
1678281243903 556.1978105817523 1
1678281244498 555.3912702287946 1
1678281245091 548.0475376674107 1
1678281245692 544.4076320103237 1
1678281246302 542.2244960239956 1
1678281246993 537.0135018484933 1
1678281247590 535.3922206333706 1
1678281248187 533.0240914481027 1
1678281248781 527.9770420619419 1
1678281249381 523.5018702915737 1
1678281249977 525.635005405971 1
1678281250576 517.0691920689175 1
1678281251197 517.381609235491 1
1678281251801 512.0718470982143 1
1678281252397 511.0796857561384 1
1678281252992 506.41217041015625 1
1678281253589 506.12210518973217 1
1678281254184 500.81664603097096 1
1678281254779 497.3583199637277 1
1678281255374 496.7217581612723 1
1678281255984 490.6879664829799 1
1678281256591 490.1349792480469 1
1678281257186 489.29076712472096 1
1678281257781 482.58421543666293 1
1678281258375 483.1670488630022 1
1678281258970 479.12911551339283 1
1678281259565 481.0056413922991 1
1678281260159 473.65850830078125 1
1678281260761 473.3127005440848 1
1678281261373 469.5376892089844 1
1678281261973 472.0144827706473 1
1678281262569 467.5030779157366 1
1678281263165 469.2931562151228 1
1678281263759 460.1975664411272 1
1678281264353 461.8766784667969 1
1678281264949 458.6911359514509 1
1678281265545 456.5784127371652 1
1678281266166 453.49359130859375 1
1678281266768 452.8691667829241 1
1678281267367 451.4958234514509 1
1678281267975 448.40243094308033 1
1678281268583 446.221182686942 1
