1678283131515 1.6653726794081822 1
1678283132119 0.7529726516257962 1
1678283132719 0.2397403330661605 1
1678283133357 0.30141291173028156 1
1678283133975 0.08864631604440887 1
1678283134572 0.14875733097456434 1
1678283135170 0.0740396567957819 1
1678283135766 0.07110148239791393 1
1678283136362 0.05468105897389758 1
1678283136959 0.046728536153408155 1
1678283137555 0.04475812134734749 1
1678283138176 0.04103433699557481 1
1678283138801 0.039963318709607315 1
1678283139483 0.039040561458825236 1
1678283140087 0.038718458540794344 1
1678283140686 0.03826519222532991 1
1678283141283 0.03779063457851104 1
1678283141879 0.037560259899893346 1
1678283142476 0.03725914427305354 1
1678283143095 0.03693264767667862 1
1678283143725 0.03662309822772881 1
1678283144338 0.03634181661908207 1
1678283144942 0.03603232362810692 1
1678283145538 0.03571975668232462 1
1678283146134 0.035420510723897666 1
1678283146730 0.03511327030295446 1
1678283147326 0.034801436232909454 1
1678283147935 0.0344949408562278 1
1678283148565 0.0341872805316311 1
1678283149180 0.03387724437026035 1
1678283149788 0.03356906977461289 1
1678283150386 0.03326076387738448 1
1678283150985 0.03295073077889711 1
1678283151583 0.03264235243355022 1
1678283152188 0.03233498017863492 1
1678283152795 0.032029069148605586 1
1678283153433 0.03172479712495404 1
1678283154055 0.03142212425929299 1
1678283154659 0.03112100061931163 1
1678283155258 0.030821727239190806 1
1678283155854 0.030524112138167716 1
1678283156451 0.030228116956401634 1
1678283157048 0.02993390878263684 1
1678283157645 0.029641389060132074 1
1678283158271 0.029350566058720242 1
1678283158895 0.029061410456798536 1
1678283159494 0.028773902008978024 1
1678283160093 0.028488009294294663 1
1678283160690 0.02820361634084221 1
1678283161286 0.027920819308708707 1
1678283161882 0.027639615137239382 1
1678283162478 0.02735992255655567 1
1678283163092 0.027081552740917475 1
1678283163722 0.026804523790177393 1
1678283164324 0.02652866456610697 1
1678283164922 0.026253792130661334 1
1678283165518 0.02597964333965368 1
1678283166114 0.025706193389876328 1
1678283166710 0.02543377770807698 1
1678283167306 0.02516234619494041 1
1678283168014 0.02489186256354361 1
1678283168652 0.024622270667824093 1
1678283169262 0.024353372804955153 1
1678283169867 0.02408431527288863 1
1678283170471 0.023815417904229093 1
1678283171069 0.02354681234655277 1
1678283171666 0.02327901209791509 1
1678283172264 0.02301170370572897 1
1678283172867 0.0227451057696693 1
1678283173502 0.02247939606362556 1
1678283174119 0.022214548627498647 1
1678283174727 0.0219505270528343 1
1678283175336 0.02168700923123056 1
1678283175942 0.021424013072122574 1
1678283176546 0.021161402417447323 1
1678283177143 0.02089963493414943 1
1678283177738 0.0206385718739173 1
1678283178369 0.02037844596672449 1
1678283178991 0.020119169467612955 1
1678283179600 0.01986031498099494 1
1678283180209 0.019601470447677738 1
1678283180813 0.019343755154528658 1
1678283181409 0.019087484509134365 1
1678283182006 0.018832380810209732 1
1678283182602 0.018577213177510977 1
1678283183223 0.01832306382962858 1
1678283183850 0.018070442920581065 1
1678283184459 0.01781961552910596 1
1678283185060 0.01757055003007096 1
1678283185655 0.017323532241701585 1
1678283186251 0.017078816739174912 1
1678283186847 0.01683591888988653 1
1678283187443 0.016595281849937325 1
1678283188053 0.016356611663867385 1
1678283188681 0.01612039043842418 1
1678283189292 0.01588603341503548 1
1678283189900 0.015652844485768633 1
1678283190507 0.015421087882625894 1
1678283191105 0.015192037761482856 1
1678283191702 0.014965566689878765 1
1678283192300 0.014741666684948517 1
1678283192902 0.014521779552937214 1
1678283193536 0.014305406694612003 1
1678283194152 0.014092697441898738 1
1678283194761 0.013882944225529811 1
1678283195371 0.013676113951297322 1
1678283195979 0.013471360136027748 1
1678283196657 0.01326922745124573 1
1678283197255 0.01307076990626265 1
1678283197855 0.012874796830594334 1
1678283198472 0.012681087512741615 1
1678283199086 0.012489836121411758 1
1678283199682 0.0123019132803528 1
1678283200279 0.012116424560330007 1
1678283200876 0.011933784833407955 1
1678283201473 0.011753289396044312 1
1678283202069 0.01157546496055668 1
1678283202665 0.011401589852160365 1
1678283203291 0.011232089573948625 1
1678283203913 0.011067434917648679 1
1678283204507 0.010907930319918928 1
1678283205100 0.010752532149623675 1
1678283205693 0.010601480059594206 1
1678283206284 0.010453826303218712 1
1678283206876 0.010309345113018306 1
1678283207467 0.010166102214630698 1
1678283208076 0.010025716680159679 1
1678283208705 0.009888284613525613 1
1678283209311 0.00975182027995193 1
1678283209903 0.009618748132941378 1
1678283210495 0.009488741971392127 1
1678283211086 0.00936239907245583 1
1678283211677 0.00923841440952517 1
1678283212268 0.009115170909247931 1
1678283212860 0.008994787194370066 1
1678283213494 0.008878308524726033 1
1678283214137 0.00876643063560477 1
1678283214735 0.008658616176032974 1
1678283215329 0.008554726626977165 1
1678283215920 0.008453914663832936 1
1678283216512 0.008355386545867495 1
1678283217103 0.008258711720727929 1
1678283217694 0.008164195891395973 1
1678283218312 0.008071153669653343 1
1678283218934 0.00798108085270712 1
1678283219538 0.007893287241279898 1
1678283220138 0.00780587911648992 1
1678283220729 0.007718604895396633 1
1678283221320 0.0076320891390171 1
1678283221912 0.00754913698100634 1
1678283222599 0.007468894777532995 1
1678283223215 0.0073912808403731505 1
1678283223841 0.007317082868479894 1
1678283224443 0.007243681145745355 1
1678283225037 0.007173111365648318 1
1678283225629 0.007107002765865812 1
1678283226221 0.007043690639509735 1
1678283226813 0.006984150460707693 1
1678283227406 0.006925976771262896 1
1678283228006 0.006869358099990266 1
1678283228632 0.0068116262081946615 1
1678283229244 0.006754483294129546 1
1678283229848 0.006697162989877397 1
1678283230453 0.0066419927716501815 1
1678283231058 0.0065885178828363235 1
1678283231662 0.006538711017165979 1
1678283232266 0.00649290616894471 1
1678283232915 0.006450632531495188 1
1678283233546 0.006410392609232427 1
1678283234159 0.00637282676537912 1
1678283234752 0.0063374889336108055 1
1678283235345 0.006304354731777045 1
1678283235939 0.00627298759996485 1
1678283236532 0.006242960051903004 1
1678283237126 0.006214726480021027 1
1678283237718 0.006187079142653862 1
1678283238341 0.006160940418288207 1
1678283238966 0.006136538437759862 1
1678283239562 0.006112984460734491 1
1678283240155 0.006090504389025583 1
1678283240747 0.006068329482577652 1
1678283241340 0.006045906807390866 1
1678283241932 0.0060237328820747305 1
1678283242523 0.006002483920044831 1
1678283243128 0.005981381971368643 1
1678283243754 0.005961012024933975 1
1678283244358 0.0059412869630421795 1
1678283244950 0.005922126108766454 1
1678283245544 0.0059032734232561295 1
1678283246138 0.005884817136022238 1
1678283246732 0.005866300922322939 1
1678283247324 0.005848800912444169 1
1678283247938 0.005831741047340726 1
1678283248564 0.005814898726898303 1
1678283249176 0.005799038363630239 1
1678283249770 0.005783331397763775 1
1678283250436 0.005767859118568057 1
1678283251038 0.005752655243042275 1
1678283251633 0.005737611670383179 1
1678283252229 0.005722985258653674 1
