1678283131518 0.548293296779905 1
1678283132121 0.23287990476403916 1
1678283132722 0.0686560259865863 1
1678283133359 0.0957203283905983 1
1678283133977 0.02500323498887675 1
1678283134574 0.04791984547461782 1
1678283135172 0.019728312801037515 1
1678283135768 0.02066527067550591 1
1678283136364 0.015296592776264464 1
1678283136961 0.011489356867969036 1
1678283137557 0.011217373290232249 1
1678283138178 0.011296223449919904 1
1678283138803 0.011001356611294406 1
1678283139485 0.010263533730592047 1
1678283140089 0.010287801868149213 1
1678283140688 0.010434688601110662 1
1678283141285 0.010230052151850291 1
1678283141882 0.010045141646904605 1
1678283142478 0.010033007711172104 1
1678283143097 0.009977709235889571 1
1678283143727 0.00983970838465861 1
1678283144340 0.009756645852965968 1
1678283144944 0.009690944637571062 1
1678283145540 0.009590426193816321 1
1678283146136 0.009495139122009277 1
1678283146732 0.009412923428629125 1
1678283147328 0.009320358346615518 1
1678283147937 0.009226750316364425 1
1678283148567 0.009139608458748885 1
1678283149182 0.009048690753323691 1
1678283149790 0.008956846781075 1
1678283150388 0.008867602396224226 1
1678283150987 0.008776640852114983 1
1678283151585 0.008685897969241654 1
1678283152190 0.008595946244895458 1
1678283152797 0.008506220166704484 1
1678283153435 0.008416962543768542 1
1678283154057 0.008328874395894153 1
1678283154661 0.0082412958810372 1
1678283155260 0.008154160941817932 1
1678283155857 0.008067741923566376 1
1678283156453 0.007982105216277497 1
1678283157050 0.007897298117833478 1
1678283157647 0.007813537626394204 1
1678283158274 0.007730813031750066 1
1678283158897 0.007649348782641547 1
1678283159496 0.007568834416036095 1
1678283160095 0.007488783648503678 1
1678283160692 0.007409163018954652 1
1678283161288 0.0073298754702721325 1
1678283161884 0.0072510165960661 1
1678283162480 0.007172420288303069 1
1678283163094 0.007094213605991432 1
1678283163724 0.007016983881060567 1
1678283164326 0.006941087610487427 1
1678283164924 0.006865853709833962 1
1678283165520 0.006790859824312585 1
1678283166116 0.006715944103364434 1
1678283166712 0.0066413115710020065 1
1678283167308 0.0065667528792151385 1
1678283168016 0.00649256378944431 1
1678283168655 0.006418834240841014 1
1678283169264 0.006345369187848908 1
1678283169869 0.00627155601978302 1
1678283170473 0.006198210309126547 1
1678283171071 0.006124945889626231 1
1678283171668 0.006051602307707071 1
1678283172266 0.0059782710990735465 1
1678283172869 0.005905424643840108 1
1678283173504 0.005832837495420661 1
1678283174121 0.005760237042393003 1
1678283174729 0.005687687878629991 1
1678283175338 0.005614935353930507 1
1678283175944 0.0055425275516297135 1
1678283176548 0.005470332223922014 1
1678283177145 0.005398836319467851 1
1678283177740 0.005327936261892319 1
1678283178372 0.005257369551275458 1
1678283178993 0.005187085563583034 1
1678283179602 0.005116819869726896 1
1678283180211 0.005046529429299491 1
1678283180815 0.004977033407028232 1
1678283181411 0.004908032116613218 1
1678283182008 0.004839493094810418 1
1678283182604 0.004771051130124501 1
1678283183225 0.004702934995293617 1
1678283183853 0.00463518181017467 1
1678283184461 0.004567895483757768 1
1678283185062 0.004501206933387688 1
1678283185657 0.004434867728767651 1
1678283186253 0.0043691651496504036 1
1678283186849 0.004303807758593133 1
1678283187445 0.004238779057881662 1
1678283188055 0.0041742398337061915 1
1678283188683 0.004110084247908422 1
1678283189294 0.004046261476884995 1
1678283189903 0.003982800059020519 1
1678283190509 0.003920072090945074 1
1678283191107 0.003858259879052639 1
1678283191704 0.00379764025897852 1
1678283192302 0.0037383902152734144 1
1678283192904 0.003680176633809294 1
1678283193538 0.0036227075449590173 1
1678283194154 0.0035661169926502873 1
1678283194764 0.003510299737432173 1
1678283195373 0.0034552254115364383 1
1678283195981 0.00340024711165045 1
1678283196660 0.003346035722643137 1
1678283197259 0.0032931691634335686 1
1678283197857 0.0032409191065068755 1
1678283198475 0.003189036190243704 1
1678283199088 0.0031377593321459635 1
1678283199684 0.0030871526604252203 1
1678283200281 0.0030372804696006434 1
1678283200878 0.002988177917099425 1
1678283201475 0.0029402075202337335 1
1678283202071 0.0028927597283784834 1
1678283202667 0.002846668241545558 1
1678283203293 0.002801222793225731 1
1678283203916 0.002757708641833493 1
1678283204509 0.0027162027212658097 1
1678283205102 0.002676175907254219 1
1678283205695 0.0026370467551584753 1
1678283206286 0.0025988563762179445 1
1678283206878 0.0025616185407021214 1
1678283207469 0.002524600297744785 1
1678283208078 0.0024877715124083416 1
1678283208708 0.002451184704633696 1
1678283209313 0.0024149951059371233 1
1678283209905 0.0023803583213261197 1
1678283210497 0.0023468835944575922 1
1678283211088 0.0023150055203586817 1
1678283211679 0.002284141390451363 1
1678283212270 0.0022530268012945142 1
1678283212862 0.0022228410400982413 1
1678283213496 0.0021938585144068512 1
1678283214139 0.0021661247925034593 1
1678283214737 0.0021401018602773547 1
1678283215331 0.002114592885066356 1
1678283215922 0.002089978478449796 1
1678283216514 0.0020658762992492746 1
1678283217105 0.0020421879765178475 1
1678283217696 0.0020190173028303044 1
1678283218314 0.001996207466748144 1
1678283218936 0.001973980206197926 1
1678283219540 0.0019521049855809128 1
1678283220140 0.001930350188298949 1
1678283220731 0.001908675251927759 1
1678283221322 0.0018869254937661545 1
1678283221914 0.0018661004058750613 1
1678283222601 0.0018461087519036873 1
1678283223217 0.0018268129123108728 1
1678283223852 0.001807983748481742 1
1678283224445 0.0017886873434430786 1
1678283225039 0.0017700139599453127 1
1678283225631 0.001752765300417585 1
1678283226223 0.0017359987001067825 1
1678283226815 0.0017199574337740029 1
1678283227408 0.0017042001210419194 1
1678283228008 0.0016891694561179196 1
1678283228634 0.0016740584978833795 1
1678283229246 0.0016588479213948762 1
1678283229850 0.001643980886521084 1
1678283230456 0.0016294678540102073 1
1678283231060 0.0016157332907563873 1
1678283231664 0.0016030783465664303 1
1678283232268 0.0015918773632230504 1
1678283232917 0.0015820597265181796 1
1678283233548 0.0015729435752811177 1
1678283234161 0.0015643393022141286 1
1678283234754 0.0015565496370462434 1
1678283235347 0.0015494475872921093 1
1678283235941 0.0015427018515765667 1
1678283236534 0.0015360515431634017 1
1678283237128 0.0015297015031267489 1
1678283237720 0.0015231800664748465 1
1678283238343 0.0015169258528788174 1
1678283238968 0.0015112799924931356 1
1678283239564 0.0015057524765974709 1
1678283240157 0.0015005030103826097 1
1678283240750 0.0014956006115036352 1
1678283241342 0.001490626101648169 1
1678283241934 0.0014857275943670953 1
1678283242525 0.0014811379535655891 1
1678283243130 0.0014767487633175083 1
1678283243756 0.0014724733773618937 1
1678283244360 0.0014683163525270565 1
1678283244952 0.0014642685751563736 1
1678283245546 0.0014602825810600603 1
1678283246140 0.0014564022588144457 1
1678283246734 0.0014526417279349907 1
1678283247326 0.0014492175541818142 1
1678283247940 0.0014459577422322972 1
1678283248566 0.0014426663318382843 1
1678283249178 0.0014395710480000292 1
1678283249772 0.0014364710243950998 1
1678283250438 0.0014333513099700212 1
1678283251040 0.0014302528496565564 1
1678283251635 0.001427236694975623 1
1678283252231 0.0014243690197223 1
