1678283131512 2.7734661613191878 1
1678283132117 0.5669678140963826 1
1678283132717 0.05747542729867356 1
1678283133354 0.09084974335772651 1
1678283133973 0.00785816934824522 1
1678283134570 0.022128743518676077 1
1678283135168 0.005481870778437171 1
1678283135764 0.005055420799180865 1
1678283136360 0.002990018210506865 1
1678283136957 0.002183556091040373 1
1678283137553 0.002003289426543883 1
1678283138174 0.001683816812666399 1
1678283138799 0.0015970668422856501 1
1678283139480 0.0015241654390203102 1
1678283140084 0.0014991190317752106 1
1678283140683 0.0014642249360414489 1
1678283141281 0.0014281320618465543 1
1678283141877 0.001410773123747536 1
1678283142474 0.0013882438319602183 1
1678283143092 0.0013640204644096749 1
1678283143723 0.0013412513237978732 1
1678283144336 0.0013207276351749897 1
1678283144940 0.001298328346040632 1
1678283145536 0.0012759010174444743 1
1678283146132 0.0012546125799417496 1
1678283146728 0.0012329417513683438 1
1678283147324 0.0012111399638732629 1
1678283147932 0.0011899009446746536 1
1678283148562 0.001168770150148443 1
1678283149178 0.0011476676861223365 1
1678283149785 0.0011268824455328286 1
1678283150384 0.0011062784137071244 1
1678283150982 0.0010857506588633572 1
1678283151581 0.001065523172396102 1
1678283152186 0.001045550943152713 1
1678283152793 0.001025861270526158 1
1678283153431 0.0010064627526194922 1
1678283154053 0.0009873498929664493 1
1678283154657 0.0009685166795471949 1
1678283155255 0.0009499788700070764 1
1678283155852 0.0009317214218234378 1
1678283156449 0.000913739054729896 1
1678283157046 0.0008960388950072229 1
1678283157643 0.0008786119454141174 1
1678283158269 0.0008614557279673006 1
1678283158893 0.0008445655777385193 1
1678283159492 0.0008279374368222696 1
1678283160090 0.0008115666735518191 1
1678283160688 0.0007954439747014216 1
1678283161284 0.0007795721508695611 1
1678283161880 0.0007639483249347125 1
1678283162475 0.0007485653623007238 1
1678283163090 0.0007334104988590948 1
1678283163720 0.0007184824956181858 1
1678283164322 0.0007037700436610196 1
1678283164919 0.0006892616012399751 1
1678283165516 0.0006749418680556118 1
1678283166112 0.0006608083785977215 1
1678283166707 0.0006468770485038736 1
1678283167303 0.0006331436660340321 1
1678283168011 0.0006196048218823437 1
1678283168650 0.0006062562128395907 1
1678283169260 0.0005930867669771292 1
1678283169865 0.0005800542421638966 1
1678283170469 0.0005671741299530757 1
1678283171067 0.00055445237168377 1
1678283171664 0.0005419124042548772 1
1678283172261 0.0005295385074402605 1
1678283172865 0.0005173398364734437 1
1678283173499 0.0005053232473853443 1
1678283174116 0.0004934861707235021 1
1678283174725 0.00048182563789721044 1
1678283175333 0.00047032636939547956 1
1678283175940 0.000458988336114479 1
1678283176544 0.0004478049522731453 1
1678283177141 0.0004367947403807193 1
1678283177736 0.00042595064899485024 1
1678283178367 0.0004152810600187097 1
1678283178989 0.0004047809800665293 1
1678283179597 0.00039443211114433197 1
1678283180206 0.00038421764371118376 1
1678283180811 0.00037418086347835403 1
1678283181407 0.0003643320648864444 1
1678283182004 0.00035465856698075574 1
1678283182600 0.0003451128494426874 1
1678283183220 0.00033573466810464325 1
1678283183848 0.0003265409073459783 1
1678283184457 0.00031753869760515433 1
1678283185058 0.0003087242283592267 1
1678283185653 0.0003001047693292743 1
1678283186249 0.0002916859812103212 1
1678283186845 0.00028344816486683806 1
1678283187441 0.0002754033796788592 1
1678283188051 0.00026753874512256255 1
1678283188679 0.00025986698788723776 1
1678283189290 0.0002523660576636238 1
1678283189898 0.0002450115404956575 1
1678283190504 0.00023780995148367116 1
1678283191103 0.000230798011346321 1
1678283191700 0.00022396818634920886 1
1678283192298 0.000217316736650121 1
1678283192900 0.00021088208138410534 1
1678283193533 0.00020464466069824994 1
1678283194150 0.00019860412118889923 1
1678283194759 0.00019273614036917155 1
1678283195368 0.00018703609280886928 1
1678283195977 0.00018147754391455756 1
1678283196655 0.00017607239715289325 1
1678283197253 0.0001708450259424613 1
1678283197852 0.0001657603934290819 1
1678283198470 0.00016080998050581132 1
1678283199083 0.00015599600633972192 1
1678283199679 0.00015133707035732056 1
1678283200277 0.0001468077441261682 1
1678283200874 0.00014241522045007775 1
1678283201470 0.00013813981162716767 1
1678283202067 0.00013399138905307545 1
1678283202663 0.00012999625115688623 1
1678283203289 0.00012615983619720543 1
1678283203911 0.0001224881156563892 1
1678283204504 0.00011898294386420665 1
1678283205098 0.00011561694762869073 1
1678283205691 0.00011239137945397357 1
1678283206282 0.00010928248437786741 1
1678283206874 0.00010628259665931441 1
1678283207465 0.0001033496342383192 1
1678283208074 0.000100514994950832 1
1678283208703 9.777817259808736e-05 1
1678283209309 9.509799877248173e-05 1
1678283209901 9.252031564496324e-05 1
1678283210493 9.003622419965853e-05 1
1678283211084 8.765451639192179e-05 1
1678283211675 8.534830080212228e-05 1
1678283212266 8.308634070479976e-05 1
1678283212858 8.090619667200372e-05 1
1678283213492 7.882436226022296e-05 1
1678283214134 7.685030608886986e-05 1
1678283214733 7.497163408385989e-05 1
1678283215327 7.318334766231211e-05 1
1678283215918 7.146867314336955e-05 1
1678283216510 6.981248433086356e-05 1
1678283217101 6.820631928608886e-05 1
1678283217692 6.66540945530869e-05 1
1678283218310 6.514352155915861e-05 1
1678283218931 6.36976515774482e-05 1
1678283219536 6.230398347335202e-05 1
1678283220136 6.093174878125345e-05 1
1678283220727 5.9576861531240866e-05 1
1678283221318 5.824878462590277e-05 1
1678283221910 5.698946915799752e-05 1
1678283222597 5.578438919785965e-05 1
1678283223213 5.463103246126723e-05 1
1678283223839 5.353970170420196e-05 1
1678283224441 5.247091654122674e-05 1
1678283225035 5.145352666399309e-05 1
1678283225627 5.050948831402431e-05 1
1678283226219 4.961357782511706e-05 1
1678283226811 4.8778357657803486e-05 1
1678283227403 4.796915423607321e-05 1
1678283228004 4.718808070590187e-05 1
1678283228629 4.639825160016439e-05 1
1678283229241 4.562304457067512e-05 1
1678283229846 4.485199211298355e-05 1
1678283230451 4.411606797865326e-05 1
1678283231056 4.340856789245403e-05 1
1678283231660 4.275474176600775e-05 1
1678283232264 4.215783051872027e-05 1
1678283232865 4.161066005638402e-05 1
1678283233544 4.1093133404501714e-05 1
1678283234157 4.0612920981532496e-05 1
1678283234750 4.016376598363942e-05 1
1678283235343 3.974488858407962e-05 1
1678283235937 3.935037342931277e-05 1
1678283236529 3.8974550209656756e-05 1
1678283237123 3.8622825221474546e-05 1
1678283237716 3.8279948317462443e-05 1
1678283238339 3.795718683769727e-05 1
1678283238964 3.7657103998104245e-05 1
1678283239560 3.736857901718135e-05 1
1678283240152 3.7094243712739884e-05 1
1678283240745 3.682462270912116e-05 1
1678283241338 3.655298912365522e-05 1
1678283241930 3.628535783458834e-05 1
1678283242521 3.6029813210396764e-05 1
1678283243126 3.577693028741383e-05 1
1678283243752 3.553366436140745e-05 1
1678283244356 3.5298890777214963e-05 1
1678283244948 3.50715776481333e-05 1
1678283245542 3.4848637109722146e-05 1
1678283246136 3.4631072724420975e-05 1
1678283246729 3.441348651124697e-05 1
1678283247322 3.420847211340775e-05 1
1678283247915 3.4009203643238705e-05 1
1678283248561 3.38130472040835e-05 1
1678283249174 3.362884594285528e-05 1
1678283249768 3.3446922056360305e-05 1
1678283250434 3.326819881164868e-05 1
1678283251036 3.309304234530178e-05 1
1678283251631 3.292018768011725e-05 1
1678283252227 3.275256027076726e-05 1
