1678225078687 157.16693631465785 1
1678225079285 157.02661462596987 1
1678225079862 156.86400253142392 1
1678225080438 156.67187600175953 1
1678225081014 156.44067651303845 1
1678225081589 156.1578799873476 1
1678225082166 155.80751005562004 1
1678225082742 155.37017828112042 1
1678225083316 154.82425412440577 1
1678225083891 154.14836874600255 1
1678225084469 153.32394146637932 1
1678225085044 152.33575665843009 1
1678225085618 151.17044284574473 1
1678225086194 149.81519400551704 1
1678225086772 148.2579948458574 1
1678225087374 146.4878912673209 1
1678225087966 144.47136742089862 1
1678225088524 142.13312539595205 1
1678225089070 139.46434916314635 1
1678225089608 136.46226298413052 1
1678225090154 133.11313138743247 1
1678225090696 129.40665211929104 1
1678225091244 125.33976480201724 1
1678225091918 120.92137962421374 1
1678225092490 116.17719074085713 1
1678225093056 111.15502943725232 1
1678225093605 105.93026142041855 1
1678225094172 100.60983484325725 1
1678225094737 95.3298999779141 1
1678225095303 90.22516090092726 1
1678225095866 85.30484536891899 1
1678225096424 80.60859943587528 1
1678225096996 76.84522643167122 1
1678225097584 74.41943966089751 1
1678225098148 73.14643830660495 1
1678225098705 72.5804659490995 1
1678225099262 72.30840119109604 1
1678225099818 72.10237811395335 1
1678225100374 71.89625365109437 1
1678225100929 71.69323484035993 1
1678225101485 71.50334228264637 1
1678225102059 71.3267815453985 1
1678225102645 71.15845809124947 1
1678225103203 70.99379698522586 1
1678225103758 70.83062522177843 1
1678225104316 70.66849610735956 1
1678225104875 70.5076686162956 1
1678225105431 70.34844616868389 1
1678225105986 70.19101459286576 1
1678225106542 70.0354131065613 1
1678225107121 69.88159229700112 1
1678225107703 69.7294521585097 1
1678225108266 69.5788518336487 1
1678225108825 69.42964486397364 1
1678225109377 69.28168318739823 1
1678225109928 69.13481159983151 1
1678225110480 68.98884950502352 1
1678225111031 68.84351290407263 1
1678225111582 68.69815491379858 1
1678225112156 68.55074107230716 1
1678225112736 68.39107351798161 1
1678225113293 68.14168296915115 1
1678225113845 67.91207843675856 1
1678225114397 67.71315808130463 1
1678225114948 67.46733900008383 1
1678225115499 67.26262826201697 1
1678225116050 67.06854788790652 1
1678225116601 66.8725949271295 1
1678225117178 66.69458280727943 1
1678225117847 66.52205055543948 1
1678225118400 66.34879105528425 1
1678225118952 66.18020060628365 1
1678225119505 66.01387201814573 1
1678225120056 65.84692704552951 1
1678225120609 65.68063357181545 1
1678225121164 65.51507108765536 1
1678225121717 65.34910142609965 1
1678225122301 65.18268723245268 1
1678225122874 65.01603966977316 1
1678225123426 64.84881999327428 1
1678225123978 64.68078084712107 1
1678225124529 64.51193312794167 1
1678225125081 64.34215934818363 1
1678225125632 64.17126274752279 1
1678225126184 63.99912806325679 1
1678225126738 63.82564473236626 1
1678225127320 63.65063378163309 1
1678225127896 63.473932843882004 1
1678225128459 63.295371274940706 1
1678225129013 63.11475589835847 1
1678225129565 62.931879492616574 1
1678225130116 62.74652274087727 1
1678225130668 62.558468744996865 1
1678225131220 62.36748228028884 1
1678225131775 62.173340545233465 1
1678225132357 61.975832399559614 1
1678225132928 61.77478130200636 1
1678225133481 61.57005143134874 1
1678225134034 61.36157498829901 1
1678225134587 61.14937411160536 1
1678225135139 60.933571015737385 1
1678225135690 60.71441393926848 1
1678225136242 60.49227030803266 1
1678225136798 60.26762561959497 1
1678225137381 60.04106522301082 1
1678225137950 59.81322654992372 1
1678225138511 59.58475666511963 1
1678225139072 59.3562652538752 1
1678225139625 59.128271438110964 1
1678225140177 58.90116144182921 1
1678225140729 58.67517586301556 1
1678225141280 58.45041754670302 1
1678225141838 58.226824034197286 1
1678225142421 58.00423472311942 1
1678225142985 57.782385677531984 1
1678225143630 57.56094069016038 1
1678225144186 57.339517287343256 1
1678225144740 57.11768248644869 1
1678225145292 56.89496650852953 1
1678225145843 56.67086938825786 1
1678225146394 56.444834016138046 1
1678225146959 56.21624235056855 1
1678225147540 55.98438496770375 1
1678225148096 55.74842596672894 1
1678225148648 55.507358293984645 1
1678225149199 55.259936434787775 1
1678225149750 55.00458109218933 1
1678225150302 54.739285748873954 1
1678225150853 54.46146335266243 1
1678225151404 54.16781488452197 1
1678225151969 53.85423376763113 1
1678225152552 53.51588731687535 1
1678225153108 53.14761696871389 1
1678225153659 52.744855770661246 1
1678225154210 52.30435917892794 1
1678225154761 51.82305885808442 1
1678225155312 51.291807724241266 1
1678225155864 50.67622105662929 1
1678225156415 49.91866937924994 1
1678225156979 49.09094517767508 1
1678225157562 48.10659869674474 1
1678225158115 47.228642187311955 1
1678225158667 46.27580647667811 1
1678225159218 45.36454446515748 1
1678225159773 44.41086798647939 1
1678225160324 43.38336952721167 1
1678225160875 42.346395336122406 1
1678225161426 41.266155141088056 1
1678225161991 40.1446207625863 1
1678225162572 39.00594052634632 1
1678225163125 37.844241446098245 1
1678225163677 36.6637848485347 1
1678225164228 35.479933534235236 1
1678225164780 34.2994477150911 1
1678225165331 33.12695793678688 1
1678225165882 31.971515784649316 1
1678225166434 30.84184388446382 1
1678225166999 29.743564308023604 1
1678225167674 28.681129144701867 1
1678225168230 27.658973048701878 1
1678225168793 26.68069635720681 1
1678225169353 25.74845147205372 1
1678225169907 24.863215188653683 1
1678225170462 24.025286840839136 1
1678225171015 23.234390949233166 1
1678225171568 22.489691804117648 1
1678225172141 21.789836813317454 1
1678225172720 21.133168051372607 1
1678225173277 20.517805813463475 1
1678225173828 19.94174593290165 1
1678225174379 19.4029466596301 1
1678225174930 18.899336587416908 1
1678225175482 18.42887775086291 1
1678225176032 17.989613882019896 1
1678225176585 17.57963398781011 1
1678225177159 17.197121013603674 1
1678225177737 16.840397569657597 1
1678225178290 16.507852180437908 1
1678225178832 16.19799740370659 1
1678225179375 15.90945680611544 1
1678225179917 15.640935442611793 1
1678225180459 15.391245483549316 1
1678225181002 15.15928164290282 1
1678225181537 14.944036883266953 1
1678225182101 14.74457854975628 1
1678225182680 14.560019239116516 1
1678225183248 14.389549029352384 1
1678225183781 14.232371121764228 1
1678225184315 14.087732586202096 1
1678225184850 13.954889762268447 1
1678225185384 13.833074237894255 1
1678225185917 13.721498273064093 1
1678225186450 13.619341754055354 1
1678225187004 13.525748911416194 1
1678225187586 13.439822947315553 1
1678225188132 13.360643573593821 1
1678225188675 13.287284359837404 1
1678225189218 13.218831050151515 1
1678225189759 13.154413142283659 1
1678225190302 13.09324938977595 1
1678225190843 13.034754899585614 1
1678225191386 12.978420582226166 1
1678225191941 12.923917708101566 1
1678225192523 12.87110950031553 1
1678225193154 12.819944636627282 1
1678225193706 12.77051123167914 1
1678225194258 12.722903568613528 1
1678225194810 12.677225353849852 1
1678225195362 12.633539530248855 1
1678225195914 12.591866142388254 1
1678225196466 12.552123468617912 1
1678225197033 12.514221689666385 1
1678225197616 12.478031013672265 1
1678225198161 12.443387776016145 1
1678225198716 12.410144920657853 1
1678225199267 12.37820542781592 1
1678225199818 12.347463248635691 1
1678225200369 12.317822850066687 1
1678225200920 12.289235665457035 1
1678225201471 12.26163608434793 1
1678225202037 12.23498500228213 1
1678225202619 12.209204761855805 1
1678225203174 12.18425052906163 1
1678225203724 12.16007428318653 1
1678225204276 12.136642776441597 1
1678225204827 12.113916694028077 1
1678225205378 12.091840072890221 1
1678225205929 12.070364104648702 1
1678225206481 12.049479111389733 1
1678225207048 12.029135166778639 1
1678225207629 12.00932394826353 1
1678225208172 11.990010963197676 1
1678225208713 11.97116712147479 1
1678225209248 11.952778365436656 1
1678225209783 11.934812689821623 1
1678225210317 11.917254402638632 1
1678225210851 11.900097522129915 1
1678225211386 11.883292379011255 1
1678225211932 11.866841018685852 1
1678225212515 11.850748685302724 1
1678225213069 11.834979131550014 1
1678225213602 11.819525119683405 1
1678225214136 11.80436406752367 1
1678225214673 11.78949123485234 1
1678225215207 11.774884202947192 1
1678225215741 11.76055146891918 1
1678225216276 11.746479005452235 1
1678225216851 11.732651399430601 1
1678225217434 11.719074400271856 1
1678225217993 11.705701347611814 1
1678225218620 11.692567197502363 1
1678225219164 11.679642614432385 1
1678225219709 11.666932452022383 1
1678225220253 11.654423243639325 1
1678225220797 11.642105526279629 1
1678225221335 11.629966881876712 1
1678225221877 11.617998725008643 1
1678225222459 11.606211912948243 1
1678225223024 11.594599901613153 1
1678225223575 11.583146044428144 1
1678225224127 11.571869177393914 1
1678225224678 11.560751670124759 1
1678225225228 11.549772797510224 1
1678225225779 11.5389421646569 1
1678225226331 11.528241706248242 1
1678225226886 11.517686263429516 1
1678225227467 11.507254450754951 1
1678225228029 11.496955184174011 1
1678225228589 11.48679470302859 1
1678225229142 11.476761172670141 1
1678225229692 11.466817049242236 1
1678225230244 11.45700551716157 1
1678225230795 11.447324632292709 1
1678225231345 11.43774685381114 1
1678225231902 11.42825608499618 1
1678225232484 11.41887712079025 1
1678225233044 11.409599442477331 1
1678225233587 11.400420907264476 1
1678225234130 11.391338980109653 1
1678225234673 11.382365622202864 1
1678225235216 11.373480774709515 1
1678225235758 11.364672465464176 1
1678225236301 11.355949078632431 1
1678225236863 11.347315180361184 1
1678225237469 11.338763141069055 1
1678225238035 11.330313010292459 1
1678225238586 11.321935318293963 1
1678225239138 11.313622085573346 1
1678225239689 11.30538430007416 1
1678225240241 11.297226709462196 1
1678225240792 11.289146108501564 1
1678225241345 11.281135947975983 1
1678225241902 11.273193767629328 1
1678225242557 11.265314438395688 1
1678225243119 11.257496882038525 1
1678225243671 11.249746216833076 1
1678225244223 11.242065150294717 1
1678225244774 11.234452078903697 1
1678225245326 11.226903597546482 1
1678225245879 11.219402253285955 1
1678225246430 11.211968554815115 1
1678225246991 11.204580944709807 1
1678225247571 11.197242531661479 1
1678225248130 11.189969337525588 1
1678225248682 11.182750963469559 1
1678225249233 11.175591514296041 1
1678225249784 11.168476221106575 1
1678225250335 11.161423868346882 1
1678225250886 11.154422117209993 1
1678225251438 11.147469498688519 1
1678225251999 11.140565126441995 1
1678225252581 11.133689364746765 1
1678225253139 11.126872240382498 1
1678225253691 11.120100286409878 1
1678225254242 11.113370692271257 1
1678225254793 11.106695065388719 1
1678225255344 11.100069084590732 1
1678225255895 11.093477463012995 1
1678225256446 11.086919917867473 1
1678225257008 11.080415543096787 1
1678225257591 11.073941008106932 1
1678225258140 11.067503948130335 1
1678225258688 11.061124480587036 1
1678225259222 11.054780916361356 1
1678225259755 11.048451368019283 1
1678225260289 11.042164829529073 1
1678225260828 11.035930806018657 1
1678225261367 11.029733279545473 1
1678225261915 11.02356964214422 1
1678225262498 11.017432135519151 1
1678225263063 11.011341292449481 1
1678225263615 11.005283622560675 1
1678225264166 10.999258288854056 1
1678225264716 10.993262717189769 1
1678225265267 10.987298692247546 1
1678225265818 10.981368945208244 1
1678225266368 10.975487930767777 1
1678225266924 10.969617126992487 1
1678225267506 10.963779265581232 1
1678225268142 10.95796166790695 1
1678225268695 10.952181731755886 1
1678225269252 10.946430008051824 1
1678225269804 10.940715357659144 1
1678225270356 10.935034250520598 1
1678225270908 10.929377813712911 1
1678225271460 10.92374433950238 1
1678225272021 10.918140002729878 1
1678225272604 10.912563749641203 1
1678225273153 10.907021718900923 1
1678225273686 10.901493567134741 1
1678225274220 10.895999771371034 1
1678225274753 10.890530475785607 1
1678225275287 10.88508211266227 1
1678225275829 10.879659672310973 1
1678225276380 10.87426770380237 1
1678225276937 10.868903143864678 1
1678225277520 10.863569143251388 1
1678225278075 10.858248783375306 1
1678225278608 10.852952428132003 1
1678225279143 10.847686241615133 1
1678225279678 10.842426443852867 1
1678225280213 10.837192555050278 1
1678225280747 10.831986725782354 1
1678225281281 10.826811362222882 1
1678225281816 10.82165598326868 1
1678225282396 10.816514017465382 1
1678225282965 10.811404990985931 1
1678225283507 10.806318410798546 1
1678225284049 10.801247699256802 1
1678225284591 10.796193989208547 1
1678225285135 10.7911690711052 1
1678225285678 10.786152320996633 1
1678225286220 10.781150422515038 1
1678225286766 10.776176746964019 1
1678225287343 10.771234571437986 1
1678225287917 10.766321712177305 1
1678225288474 10.761421650115325 1
1678225289030 10.756528171207988 1
1678225289582 10.751654361401561 1
1678225290135 10.746791322713793 1
1678225290687 10.741951955615656 1
1678225291239 10.73714527563687 1
1678225291790 10.73233994651395 1
1678225292369 10.727561573134178 1
1678225292941 10.722817408283456 1
1678225293584 10.718078821054059 1
1678225294136 10.713353347174088 1
1678225294688 10.708633930368787 1
1678225295239 10.703942623472587 1
1678225295791 10.699283589112065 1
1678225296343 10.694631493355397 1
1678225296923 10.689981808196416 1
1678225297506 10.685362994989076 1
1678225298073 10.68075662372827 1
1678225298626 10.676176135148863 1
1678225299178 10.67160026804654 1
1678225299730 10.667052324453085 1
1678225300283 10.662507347522224 1
1678225300835 10.657985077753674 1
1678225301387 10.653477103831193 1
1678225301943 10.64898503032052 1
1678225302525 10.644513484995006 1
1678225303090 10.640056911033582 1
1678225303642 10.635610305847333 1
1678225304194 10.631179679393911 1
1678225304746 10.626766026008394 1
1678225305297 10.622377421376571 1
1678225305848 10.617985052546556 1
1678225306399 10.613620029985245 1
1678225306955 10.609277456305874 1
1678225307540 10.604927862917247 1
1678225308106 10.600586046742366 1
1678225308658 10.59627413187381 1
1678225309210 10.591984334444291 1
1678225309762 10.587706901907925 1
1678225310313 10.583435979230225 1
1678225310865 10.579181464639623 1
1678225311416 10.574940595166886 1
1678225311972 10.570704932465585 1
1678225312554 10.566487066878024 1
1678225313117 10.56227835183228 1
1678225313667 10.558094902183747 1
1678225314218 10.553932255696283 1
1678225314769 10.549772925699914 1
1678225315321 10.545597124139515 1
1678225315872 10.541458027299099 1
1678225316423 10.537349162131639 1
1678225316979 10.533239884102834 1
1678225317636 10.529144425909323 1
1678225318199 10.525064201663996 1
1678225318752 10.52098679779081 1
1678225319305 10.516914238440027 1
1678225319856 10.51286213223383 1
1678225320407 10.508825057842143 1
1678225320958 10.504805470810107 1
1678225321509 10.500809463128503 1
1678225322070 10.49680980564298 1
1678225322652 10.492818958866273 1
1678225323211 10.488838283708207 1
1678225323765 10.484878238834023 1
1678225324317 10.480920909326688 1
1678225324868 10.476969523176951 1
1678225325419 10.473039749432443 1
1678225325970 10.46912031677785 1
1678225326521 10.465219620609464 1
1678225327082 10.461329972199945 1
1678225327666 10.457442733312377 1
1678225328223 10.453567446644106 1
1678225328774 10.449697971737944 1
1678225329325 10.445843183909266 1
1678225329875 10.44201531162142 1
1678225330426 10.438188959230663 1
1678225330976 10.434368567713035 1
1678225331528 10.430561562575258 1
1678225332091 10.426765083895681 1
1678225332674 10.42298531270635 1
1678225333223 10.419222633311257 1
1678225333756 10.4154572342441 1
1678225334291 10.411695184092038 1
1678225334824 10.407937062443587 1
1678225335357 10.404207386721604 1
1678225335890 10.400481351255857 1
1678225336424 10.396772588117114 1
1678225336974 10.393071677569115 1
1678225337556 10.389386863161782 1
1678225338120 10.385711970359948 1
1678225338670 10.382027378308944 1
1678225339222 10.378366209856715 1
1678225339773 10.374711996207655 1
1678225340324 10.371057230649317 1
1678225340875 10.367426407601553 1
1678225341426 10.363819815141245 1
1678225341980 10.360211704150982 1
1678225342576 10.356602388759223 1
1678225343233 10.352996973553257 1
1678225343785 10.349413312944556 1
1678225344338 10.34584389716351 1
1678225344890 10.342273512935364 1
1678225345442 10.338710803752836 1
1678225345994 10.33516279043466 1
1678225346546 10.331613664174716 1
1678225347108 10.328089331241088 1
1678225347691 10.324581002357078 1
1678225348250 10.321071111322453 1
1678225348805 10.317567473659729 1
1678225349340 10.314079183572057 1
1678225349874 10.310587123471967 1
1678225350408 10.307096629600386 1
1678225350942 10.303625474539198 1
1678225351477 10.300181084891515 1
1678225352019 10.296735066724752 1
1678225352602 10.293299224669 1
1678225353166 10.2898656778017 1
1678225353717 10.286431249728887 1
1678225354270 10.283020741624718 1
1678225354821 10.279622726430185 1
1678225355374 10.276231701336922 1
1678225355925 10.272850537873087 1
1678225356477 10.26946900410074 1
1678225357035 10.266088692149824 1
1678225357617 10.262724046599644 1
1678225358180 10.2593623876712 1
1678225358731 10.256023697188299 1
1678225359282 10.252693061734373 1
1678225359833 10.249374583234188 1
1678225360383 10.24605077499021 1
1678225360934 10.242736529004777 1
1678225361484 10.239426106651807 1
1678225362041 10.236110727266999 1
1678225362622 10.232815309776324 1
1678225363185 10.229542483841149 1
1678225363735 10.22628049410638 1
1678225364286 10.223026312458169 1
1678225364837 10.219775307189995 1
1678225365388 10.216521880558838 1
1678225365939 10.21327035222643 1
1678225366490 10.210027075593242 1
1678225367047 10.206791631392722 1
1678225367629 10.20358223934794 1
1678225368198 10.200394115794559 1
1678225368831 10.197192864194063 1
1678225369392 10.193994082104528 1
1678225369951 10.190810178131315 1
1678225370510 10.1876142597394 1
1678225371069 10.184433926192101 1
1678225371628 10.181273420601817 1
1678225372195 10.178116645309277 1
1678225372776 10.174971958923798 1
1678225373333 10.1718273718403 1
1678225373885 10.168693870438423 1
1678225374437 10.165556186655708 1
1678225374989 10.162434533122328 1
1678225375540 10.159333645023654 1
1678225376092 10.156230737018134 1
1678225376644 10.153126666034467 1
1678225377212 10.150025081939095 1
1678225377793 10.14693860805234 1
1678225378352 10.143851033874316 1
1678225378916 10.140784821372913 1
1678225379467 10.137731012800183 1
1678225380018 10.134675477472943 1
1678225380569 10.13162058048878 1
1678225381120 10.128575630502255 1
1678225381671 10.125534393363436 1
1678225382237 10.122501933020231 1
1678225382819 10.119478365067472 1
1678225383371 10.116467899205242 1
1678225383922 10.113472918040417 1
1678225384473 10.110470581659552 1
1678225385024 10.107461584419926 1
1678225385574 10.104459780981442 1
1678225386125 10.101470734429475 1
1678225386675 10.098515771911716 1
1678225387241 10.095546179609132 1
1678225387824 10.092584406868522 1
1678225388377 10.089620792500957 1
1678225388927 10.086668571611499 1
1678225389478 10.083726619300258 1
1678225390028 10.080793539025827 1
1678225390579 10.077854522083342 1
1678225391130 10.07492281543763 1
1678225391681 10.072005675689645 1
1678225392246 10.06909743272226 1
1678225392918 10.066197336324445 1
1678225393490 10.063297757983428 1
1678225394042 10.060405306702526 1
1678225394594 10.057516466669583 1
1678225395145 10.054639208331832 1
1678225395696 10.051786390578085 1
1678225396248 10.048921862632005 1
1678225396800 10.046054402307876 1
1678225397372 10.043187371297323 1
1678225397949 10.040333416460818 1
1678225398527 10.037489834345807 1
1678225399078 10.034661792978172 1
1678225399629 10.031827685058515 1
1678225400181 10.029000111889527 1
1678225400732 10.026175219909039 1
1678225401283 10.023363178327205 1
1678225401837 10.020563290972582 1
1678225402411 10.017760608306093 1
1678225402988 10.014968894788849 1
1678225403540 10.012175368694384 1
1678225404091 10.009396307429041 1
1678225404643 10.006629217904386 1
1678225405194 10.003860981674368 1
1678225405745 10.001096610840424 1
1678225406296 9.998320084201065 1
1678225406846 9.995559523926554 1
1678225407421 9.992822850800632 1
1678225407997 9.99009977456979 1
1678225408553 9.987360023023712 1
1678225409109 9.984628743649273 1
1678225409662 9.98190479691732 1
1678225410214 9.979180761961212 1
1678225410765 9.976469420781815 1
1678225411316 9.973769854868571 1
1678225411867 9.971076553758076 1
1678225412441 9.968363445626865 1
1678225413016 9.965684596251213 1
1678225413567 9.962999009802319 1
1678225414117 9.960318608224526 1
1678225414668 9.957648266449558 1
1678225415218 9.954975894565688 1
1678225415770 9.95231227803259 1
1678225416321 9.949656766625006 1
1678225416872 9.947007284966485 1
1678225417446 9.94436356387373 1
1678225418021 9.941715521957528 1
1678225418644 9.939080098155193 1
1678225419197 9.936455328116434 1
1678225419749 9.933844237509486 1
1678225420301 9.931228125432453 1
1678225420852 9.928607811228945 1
1678225421404 9.925986201378869 1
1678225421957 9.923388391681241 1
1678225422537 9.920788748187348 1
1678225423110 9.918209137619483 1
1678225423661 9.915633582455428 1
1678225424214 9.91304608852439 1
1678225424767 9.910461658218443 1
1678225425320 9.907885354150386 1
1678225425871 9.905312946382788 1
1678225426423 9.902755554183793 1
1678225426975 9.900209115862499 1
1678225427555 9.897655800717152 1
1678225428124 9.895100339737247 1
1678225428676 9.892557880347004 1
1678225429227 9.890036532510752 1
1678225429778 9.887512006402714 1
1678225430335 9.884971785125721 1
1678225430887 9.882447950380424 1
1678225431439 9.879920602703377 1
1678225431990 9.877412966842595 1
1678225432570 9.874915013973697 1
1678225433145 9.87243447942664 1
1678225433697 9.869944542483188 1
1678225434248 9.867443649648573 1
1678225434799 9.864951790107723 1
1678225435350 9.862476595979128 1
1678225435900 9.859994313966034 1
1678225436451 9.857506984200855 1
1678225437002 9.855039597257761 1
1678225437581 9.852590010990266 1
1678225438155 9.850138543076506 1
1678225438716 9.847680377655035 1
1678225439272 9.84522879428702 1
1678225439824 9.842784406918026 1
1678225440376 9.840361231997521 1
1678225440930 9.837937127866283 1
1678225441492 9.835508935634659 1
1678225442112 9.833088512313298 1
1678225442720 9.830666495237399 1
1678225443282 9.828257909634607 1
1678225443833 9.825839804308487 1
1678225444477 9.82342626294547 1
1678225445029 9.821035766673159 1
1678225445581 9.818646408967926 1
1678225446132 9.816257691019583 1
1678225446686 9.813875610451719 1
1678225447250 9.811494673374476 1
1678225447831 9.809119158443881 1
1678225448389 9.806749458587126 1
1678225448940 9.804370737359655 1
1678225449495 9.80200689469478 1
1678225450046 9.799662334530447 1
1678225450598 9.797321718764744 1
1678225451149 9.794973589140294 1
1678225451701 9.792618107201205 1
1678225452264 9.790268459805734 1
1678225452846 9.787918582422416 1
1678225453403 9.785587576482373 1
1678225453954 9.7832772936701 1
1678225454506 9.78096072641051 1
1678225455058 9.77864879317611 1
1678225455609 9.776333470345396 1
1678225456161 9.774012971327888 1
1678225456713 9.771697832762097 1
1678225457276 9.769404681503625 1
1678225457856 9.76712415948264 1
1678225458417 9.764837635669654 1
1678225458969 9.76254460345696 1
1678225459520 9.76026030101782 1
1678225460071 9.757981774577583 1
1678225460623 9.755709810227403 1
1678225461174 9.753446703356452 1
1678225461725 9.751190727660525 1
1678225462288 9.748930428774845 1
1678225462869 9.746675029187209 1
1678225463435 9.7444243085996 1
1678225463997 9.742175081795557 1
1678225464561 9.739933728199356 1
1678225465113 9.73769695139469 1
1678225465664 9.735454174981466 1
1678225466215 9.733227286660036 1
1678225466766 9.73100548893861 1
1678225467333 9.728780102997522 1
1678225467914 9.72656373260893 1
1678225468542 9.724346969146731 1
1678225469097 9.722136314514247 1
1678225469649 9.719930539429615 1
1678225470201 9.717728749957816 1
1678225470752 9.715537062758251 1
1678225471303 9.713343871162943 1
1678225471854 9.711150240368113 1
1678225472424 9.708962849458493 1
1678225473003 9.70678428517758 1
1678225473558 9.704598605608691 1
1678225474109 9.70243888835454 1
1678225474661 9.700275768916292 1
1678225475212 9.69811733667092 1
1678225475763 9.695952803479353 1
1678225476314 9.693781715517567 1
1678225476865 9.691624086160965 1
1678225477437 9.689481330452873 1
1678225478017 9.687348114088703 1
1678225478581 9.68521701614901 1
1678225479133 9.683079258468416 1
1678225479685 9.680941085017183 1
1678225480237 9.678811729396037 1
1678225480790 9.676679033068433 1
1678225481342 9.674565187401974 1
1678225481893 9.672444794926237 1
1678225482464 9.670323599395218 1
1678225483044 9.668215917204872 1
1678225483596 9.666130213893354 1
1678225484147 9.664043440151836 1
1678225484698 9.661940479452033 1
1678225485249 9.659831363048832 1
1678225485801 9.6577346514019 1
1678225486353 9.655652666597362 1
1678225486904 9.653585643968528 1
1678225487477 9.65151597658498 1
1678225488060 9.649426494190363 1
1678225488624 9.647359549746607 1
1678225489175 9.645294309356473 1
1678225489726 9.6432222408226 1
1678225490278 9.641161427430948 1
1678225490829 9.639108653848382 1
1678225491381 9.637065169268594 1
1678225491932 9.635024871126662 1
1678225492504 9.632985668285478 1
1678225493082 9.630940488448365 1
1678225493666 9.628904099355019 1
1678225494310 9.626876336760459 1
1678225494862 9.624851147804664 1
1678225495414 9.622837991595102 1
1678225495966 9.620818693142043 1
1678225496518 9.618796081347602 1
1678225497070 9.616771740806474 1
1678225497651 9.614762844229766 1
1678225498222 9.61276197478647 1
1678225498779 9.610760008347834 1
1678225499333 9.608758929238782 1
1678225499884 9.606773770495652 1
1678225500436 9.60477929357673 1
1678225500988 9.60278826139969 1
1678225501539 9.600811801373684 1
1678225502091 9.598836864671464 1
1678225502674 9.59685748981909 1
1678225503247 9.59487821780137 1
1678225503806 9.592910580769766 1
1678225504364 9.590949017536763 1
1678225504920 9.58898483660849 1
1678225505472 9.587024743870886 1
1678225506024 9.58506544425552 1
1678225506575 9.583111316960341 1
1678225507126 9.58116145510307 1
1678225507709 9.579213642597859 1
1678225508279 9.57728165074317 1
1678225508831 9.57535160248669 1
1678225509382 9.573428792926629 1
1678225509934 9.571495690344275 1
1678225510486 9.56955331354681 1
1678225511038 9.567613675133064 1
1678225511589 9.565689025314269 1
1678225512141 9.563774643688959 1
1678225512725 9.561875836743495 1
1678225513293 9.559975911604317 1
1678225513844 9.558069280101055 1
1678225514395 9.556173616503395 1
1678225514946 9.55428059980004 1
1678225515498 9.552377680720124 1
1678225516049 9.550481686252956 1
1678225516600 9.548580235903366 1
1678225517204 9.546693191420434 1
1678225517812 9.544812396831523 1
1678225518377 9.542937398985838 1
1678225518934 9.54106745878046 1
1678225519485 9.53920446441761 1
1678225520133 9.537331163904316 1
1678225520702 9.5354637819291 1
1678225521263 9.533594948109874 1
1678225521827 9.53173157951629 1
1678225522401 9.529881227645502 1
1678225522992 9.52803978203806 1
1678225523577 9.526184422614811 1
1678225524131 9.524336941056996 1
1678225524683 9.522495739556058 1
1678225525240 9.5206595052496 1
1678225525799 9.518838488828825 1
1678225526360 9.517004469213726 1
1678225526921 9.515166946113784 1
1678225527503 9.513353642679954 1
1678225528099 9.511540738378994 1
1678225528669 9.509710698035857 1
1678225529231 9.507888444368163 1
1678225529800 9.506075529688578 1
1678225530355 9.50427327811712 1
1678225530910 9.502472863988167 1
1678225531459 9.50067331322972 1
1678225531993 9.498878757019442 1
1678225532561 9.497089599858766 1
1678225533141 9.495285011398243 1
1678225533707 9.493489723652283 1
1678225534265 9.491706095872402 1
1678225534824 9.489934364331903 1
1678225535383 9.488158683521426 1
1678225535941 9.486383302243645 1
1678225536493 9.484607473726262 1
1678225537045 9.48283125518574 1
1678225537620 9.481061888690482 1
1678225538196 9.479297193489904 1
1678225538744 9.47754269217519 1
1678225539278 9.475795342358165 1
1678225539812 9.474046922494868 1
1678225540347 9.472290010409028 1
1678225540883 9.47053553442481 1
1678225541418 9.468795582015462 1
1678225541953 9.467057669922674 1
1678225542518 9.465317596364942 1
1678225543098 9.463586301228704 1
1678225543679 9.46185555323341 1
1678225544323 9.460123394086763 1
1678225544878 9.458400597242123 1
1678225545414 9.456670744220327 1
1678225545949 9.454947548813221 1
1678225546483 9.453240757112978 1
1678225547018 9.451529794105818 1
1678225547585 9.449810851403424 1
1678225548165 9.448095287421593 1
1678225548716 9.446393949613652 1
1678225549251 9.444697844510072 1
1678225549787 9.442999934297248 1
1678225550330 9.441309857323114 1
1678225550872 9.439620112795001 1
1678225551414 9.437925561929799 1
1678225551960 9.436221062248205 1
1678225552526 9.434537973116809 1
1678225553112 9.432864751576068 1
1678225553652 9.431197126984829 1
1678225554185 9.429527069146568 1
1678225554720 9.427844692477699 1
1678225555254 9.42616588902385 1
1678225555787 9.424497252567795 1
1678225556321 9.422838904177997 1
1678225556857 9.421184660006894 1
1678225557409 9.419537009933931 1
1678225557997 9.417891675486006 1
1678225558567 9.416232337371547 1
1678225559123 9.414570391419591 1
1678225559676 9.412916025699147 1
1678225560230 9.41126293259294 1
1678225560782 9.409623216979465 1
1678225561324 9.407997059627922 1
1678225561867 9.406371721911318 1
1678225562423 9.404750333276475 1
1678225563007 9.403115509308046 1
1678225563569 9.401472981537866 1
1678225564124 9.399852197290933 1
1678225564679 9.398240585085333 1
1678225565235 9.39662916043211 1
1678225565790 9.395011948924708 1
1678225566345 9.393401826878703 1
1678225566901 9.391806167080343 1
1678225567471 9.3902006023922 1
1678225568060 9.388590816102651 1
1678225568624 9.386987139744717 1
1678225569176 9.385388124840988 1
1678225569799 9.38378320425562 1
1678225570335 9.382180448669738 1
1678225570871 9.380595660786787 1
1678225571406 9.379010953742624 1
1678225571942 9.377435625762411 1
1678225572500 9.375858638134853 1
1678225573083 9.37427754842828 1
1678225573642 9.372697703724164 1
1678225574196 9.371125792221019 1
1678225574750 9.369548149723894 1
1678225575304 9.367971695847316 1
1678225575858 9.366411442165042 1
1678225576411 9.36484627319443 1
1678225576956 9.36328212302204 1
1678225577517 9.361726152131496 1
1678225578099 9.360174347368098 1
1678225578654 9.35862310051761 1
1678225579201 9.357071538256102 1
1678225579763 9.35552921338201 1
1678225580317 9.353986168128428 1
1678225580862 9.352448928255965 1
1678225581404 9.350911610504875 1
1678225581949 9.349363023525253 1
1678225582513 9.347826247633355 1
1678225583096 9.346300414047139 1
1678225583659 9.344774564586693 1
1678225584210 9.343249574138095 1
1678225584767 9.34172748487378 1
1678225585331 9.340204680806126 1
1678225585902 9.338679177522481 1
1678225586476 9.337162529834101 1
1678225587042 9.335648029078518 1
1678225587620 9.334140405339145 1
1678225588207 9.3326317205568 1
1678225588787 9.331122032618882 1
1678225589348 9.329615429843713 1
1678225589906 9.328105721108038 1
1678225590469 9.326613180237695 1
1678225591027 9.32511590062336 1
1678225591589 9.323618789704362 1
1678225592154 9.322134299202563 1
1678225592736 9.320638697272717 1
1678225593319 9.319152036223395 1
1678225593885 9.31767122055721 1
1678225594443 9.316188414644072 1
1678225595009 9.314712217764798 1
1678225595655 9.31323631352854 1
1678225596221 9.311748002468045 1
1678225596788 9.3102663018406 1
1678225597362 9.308799644870131 1
1678225597947 9.307331702858603 1
1678225598521 9.305876119804243 1
1678225599090 9.30440806797114 1
1678225599657 9.30293246209613 1
1678225600228 9.301472382373138 1
1678225600800 9.300029476839807 1
1678225601371 9.298567886366936 1
1678225601937 9.2971094072152 1
1678225602519 9.29565615134511 1
1678225603109 9.294207300330559 1
1678225603679 9.292752769607056 1
1678225604243 9.291313964614186 1
1678225604809 9.289874232844465 1
1678225605378 9.288442374433082 1
1678225605945 9.287012994514534 1
1678225606509 9.285581809974802 1
1678225607066 9.284139545762425 1
1678225607638 9.28269928831898 1
1678225608218 9.281266381715792 1
1678225608798 9.27983031761371 1
1678225609353 9.278410183067523 1
1678225609905 9.276992885752469 1
1678225610456 9.275571435504547 1
1678225611008 9.274159227879801 1
1678225611559 9.272747040259553 1
1678225612111 9.271327407758582 1
1678225612683 9.269912907530337 1
1678225613264 9.268493252509021 1
1678225613850 9.267086317251174 1
1678225614405 9.265685755586313 1
1678225614956 9.264285982184264 1
1678225615507 9.262890645002967 1
1678225616058 9.261484976921807 1
1678225616611 9.260078918911688 1
1678225617163 9.258669586700606 1
1678225617739 9.25726834032162 1
1678225618317 9.255870296667434 1
1678225618888 9.25447769484785 1
1678225619448 9.253081997603857 1
1678225620097 9.251694100680231 1
1678225620652 9.250312004571501 1
1678225621206 9.248926873720523 1
1678225621759 9.247541299679916 1
1678225622311 9.246166539543136 1
1678225622896 9.244781789691237 1
1678225623465 9.24339807047332 1
1678225624017 9.242008955149563 1
1678225624569 9.240630246326836 1
1678225625121 9.239270619118804 1
1678225625673 9.159838556781459 1
1678225626225 9.006194389884824 1
1678225626777 8.97639087445111 1
1678225627375 8.950132666454731 1
1678225627992 8.965735894081371 1
1678225628561 8.95636397943234 1
1678225629113 8.946448968668829 1
1678225629665 8.948479401300192 1
1678225630216 8.951096656145339 1
1678225630768 8.948792783967447 1
1678225631319 8.946870721660197 1
1678225631871 8.947778909336412 1
