1678225078706 0.9834522690091815 1
1678225079287 0.9817302056721279 1
1678225079864 0.9797292522021702 1
1678225080440 0.9773584859711784 1
1678225081016 0.9744978206498283 1
1678225081591 0.9709914071219308 1
1678225082168 0.9666434270995004 1
1678225082744 0.961222767829895 1
1678225083318 0.9544831599508014 1
1678225083893 0.9461959515299115 1
1678225084470 0.9361732942717416 1
1678225085045 0.9242585982595172 1
1678225085620 0.9102978450911385 1
1678225086196 0.8941254190036229 1
1678225086774 0.8755707315036229 1
1678225087376 0.8544625469616481 1
1678225087968 0.8303164839744568 1
1678225088526 0.802189861025129 1
1678225089072 0.7700331636837551 1
1678225089609 0.7363106608390808 1
1678225090156 0.7027436069079808 1
1678225090698 0.67012072460992 1
1678225091246 0.6401280164718628 1
1678225091920 0.6118579166276115 1
1678225092492 0.5871435148375375 1
1678225093058 0.5673712917736599 1
1678225093607 0.5540268165724618 1
1678225094174 0.5478813222476414 1
1678225094739 0.5495680570602417 1
1678225095305 0.5579773017338344 1
1678225095868 0.574157748903547 1
1678225096425 0.6017086676188877 1
1678225096998 0.6361509646688189 1
1678225097586 0.6716556634221759 1
1678225098150 0.7034040178571429 1
1678225098707 0.7264999662126813 1
1678225099264 0.739418591771807 1
1678225099819 0.7434684974806649 1
1678225100376 0.7416769351278033 1
1678225100931 0.7370690788541522 1
1678225101486 0.7318164450781686 1
1678225102061 0.7271097813333783 1
1678225102647 0.7233922907284328 1
1678225103204 0.7206373299871173 1
1678225103760 0.7186077237129211 1
1678225104318 0.7170179912022182 1
1678225104877 0.7156300033841815 1
1678225105433 0.7142784680638995 1
1678225105988 0.7128740549087524 1
1678225106544 0.7113925559180123 1
1678225107123 0.709840680871691 1
1678225107705 0.7082411050796509 1
1678225108268 0.7066192712102618 1
1678225108827 0.7049942442349025 1
1678225109379 0.7033777577536446 1
1678225109930 0.7017770920481 1
1678225110482 0.7001871551786151 1
1678225111032 0.6985944083758763 1
1678225111583 0.6969733323369708 1
1678225112158 0.6952410340309143 1
1678225112738 0.6929661972182137 1
1678225113295 0.6863900252750942 1
1678225113847 0.6732154914311 1
1678225114399 0.6731508374214172 1
1678225114950 0.6743217025484357 1
1678225115501 0.6730374779020037 1
1678225116051 0.6740102938243321 1
1678225116603 0.6741485340254647 1
1678225117180 0.6732436163084847 1
1678225117849 0.6726498348372323 1
1678225118402 0.6716398852212089 1
1678225118954 0.6701157007898603 1
1678225119507 0.6685807619776044 1
1678225120058 0.6669591239520481 1
1678225120610 0.6651529754911151 1
1678225121166 0.6633092675890241 1
1678225121719 0.6614686931882586 1
1678225122303 0.6595848458153861 1
1678225122876 0.6576725925718035 1
1678225123428 0.6557580658367702 1
1678225123980 0.653826892375946 1
1678225124531 0.6518727370670864 1
1678225125082 0.6499019861221313 1
1678225125634 0.6479116082191467 1
1678225126186 0.6458941612924848 1
1678225126740 0.6438495857375008 1
1678225127322 0.6417755654879979 1
1678225127897 0.6396679367337909 1
1678225128461 0.637523523398808 1
1678225129015 0.635340324469975 1
1678225129567 0.6331151383263725 1
1678225130118 0.6308442013604301 1
1678225130670 0.6285269345555987 1
1678225131222 0.6261592337063381 1
1678225131777 0.6237382973943438 1
1678225132359 0.6212598426001412 1
1678225132930 0.6187232732772827 1
1678225133483 0.6161285042762756 1
1678225134036 0.6134765573910305 1
1678225134589 0.6107673730169024 1
1678225135141 0.6080075587545123 1
1678225135692 0.6052051271711077 1
1678225136244 0.6023664729935783 1
1678225136800 0.5995078427450997 1
1678225137383 0.5966395224843707 1
1678225137952 0.5937747955322266 1
1678225138513 0.590931066444942 1
1678225139074 0.588120835168021 1
1678225139627 0.5853580577032906 1
1678225140179 0.5826457057680402 1
1678225140731 0.5799838304519653 1
1678225141282 0.5773760591234479 1
1678225141840 0.5748170529093061 1
1678225142423 0.572294967515128 1
1678225142987 0.5697997851031167 1
1678225143632 0.5673182606697083 1
1678225144189 0.5648423050131116 1
1678225144742 0.5623626581260136 1
1678225145293 0.559864912714277 1
1678225145845 0.557338399546487 1
1678225146396 0.5547707591738019 1
1678225146961 0.5521492234298161 1
1678225147542 0.5494599597794669 1
1678225148098 0.5466895018305097 1
1678225148649 0.5438188484736851 1
1678225149201 0.5408280747277396 1
1678225149752 0.5376869142055511 1
1678225150303 0.5343586078711918 1
1678225150855 0.5307970685618264 1
1678225151406 0.5269358711583274 1
1678225151970 0.5226938298770359 1
1678225152554 0.5179746406418937 1
1678225153110 0.5126792447907584 1
1678225153661 0.5067403742245266 1
1678225154212 0.500163095338004 1
1678225154763 0.49300776209150043 1
1678225155314 0.4851551226207188 1
1678225155865 0.4755706361361912 1
1678225156417 0.4619515836238861 1
1678225156981 0.44945551242147175 1
1678225157564 0.43616790430886404 1
1678225158117 0.42531678080558777 1
1678225158668 0.4132850595882961 1
1678225159220 0.4037598839827946 1
1678225159774 0.392314966235842 1
1678225160326 0.3809171404157366 1
1678225160877 0.36967373320034574 1
1678225161428 0.35775249344961985 1
1678225161993 0.34579471179417204 1
1678225162574 0.33377446447099957 1
1678225163127 0.32157765541757855 1
1678225163679 0.3094069617135184 1
1678225164230 0.29740685650280546 1
1678225164781 0.28553831790174755 1
1678225165333 0.2738710961171559 1
1678225165884 0.26253209156649454 1
1678225166435 0.25157952308654785 1
1678225167001 0.241030610033444 1
1678225167678 0.2309103352682931 1
1678225168231 0.22126137358801706 1
1678225168795 0.21212860941886902 1
1678225169355 0.20348392001220159 1
1678225169909 0.19530327192374639 1
1678225170464 0.18761803848402842 1
1678225171017 0.18043023347854614 1
1678225171570 0.17372561352593557 1
1678225172143 0.1674537935427257 1
1678225172722 0.16156065889767238 1
1678225173279 0.15602031988756998 1
1678225173830 0.15080248883792333 1
1678225174381 0.14591137851987565 1
1678225174932 0.14138573833874293 1
1678225175483 0.13716257682868413 1
1678225176034 0.13321336039475032 1
1678225176587 0.129531985947064 1
1678225177161 0.12607313373259135 1
1678225177739 0.12290031675781522 1
1678225178292 0.12000690294163567 1
1678225178834 0.1173989006451198 1
1678225179377 0.11499711232525962 1
1678225179919 0.11277753646884646 1
1678225180461 0.11078771203756332 1
1678225181004 0.10896699343408857 1
1678225181539 0.10727941883461815 1
1678225182102 0.10574284621647426 1
1678225182682 0.10435940963881356 1
1678225183250 0.10307442077568599 1
1678225183783 0.10188622027635574 1
1678225184317 0.10079412800925118 1
1678225184852 0.09979687950440816 1
1678225185386 0.0988643446138927 1
1678225185919 0.09799816140106746 1
1678225186452 0.0971867846591132 1
1678225187006 0.09645265340805054 1
1678225187588 0.09579963875668389 1
1678225188133 0.09518604832036155 1
1678225188676 0.0946243309548923 1
1678225189219 0.09411648448024477 1
1678225189761 0.09363870429141181 1
1678225190304 0.09319504563297544 1
1678225190845 0.09277689989124026 1
1678225191388 0.0923769378236362 1
1678225191943 0.0919969209602901 1
1678225192525 0.09163584453719002 1
1678225193156 0.09128652938774653 1
1678225193708 0.09094920541558947 1
1678225194260 0.0906210509794099 1
1678225194812 0.09030859385217939 1
1678225195364 0.09000776920999799 1
1678225195915 0.08971501035349709 1
1678225196468 0.0894386385168348 1
1678225197035 0.08917011001280375 1
1678225197617 0.08891503619296211 1
1678225198162 0.08866583023752485 1
1678225198718 0.08842424409730094 1
1678225199269 0.08818972217185157 1
1678225199820 0.08796674013137817 1
1678225200371 0.08775242098740169 1
1678225200922 0.08754759281873703 1
1678225201473 0.08734652187143054 1
1678225202039 0.08715355609144483 1
1678225202621 0.08696466897215162 1
1678225203175 0.08677874399083 1
1678225203726 0.08659571728536061 1
1678225204278 0.08641612529754639 1
1678225204828 0.0862414783665112 1
1678225205380 0.08607280573674611 1
1678225205931 0.08590909200055259 1
1678225206483 0.08574790507555008 1
1678225207050 0.08559032103845052 1
1678225207631 0.08543960537229266 1
1678225208174 0.08529240318707057 1
1678225208715 0.08514795771666936 1
1678225209250 0.08500543449606214 1
1678225209784 0.08486551365682057 1
1678225210319 0.08472812175750732 1
1678225210852 0.08459252119064331 1
1678225211388 0.08445880881377629 1
1678225211934 0.08432732841798238 1
1678225212517 0.08419754036835261 1
1678225213071 0.08406942018440791 1
1678225213604 0.08394290400402886 1
1678225214138 0.08381794073751994 1
1678225214675 0.08369583849396024 1
1678225215209 0.0835779458284378 1
1678225215743 0.08346333035400935 1
1678225216278 0.08335107564926147 1
1678225216853 0.083241948059627 1
1678225217436 0.08313511205571038 1
1678225217994 0.08303050164665494 1
1678225218622 0.08292718125241143 1
1678225219166 0.08282608964613505 1
1678225219711 0.08272660417216164 1
1678225220255 0.08262821499790464 1
1678225220799 0.08253119566610881 1
1678225221337 0.08243546315601893 1
1678225221879 0.08234063110181264 1
1678225222461 0.08224675697939736 1
1678225223026 0.08215405898434776 1
1678225223577 0.08206226783139366 1
1678225224129 0.08197145802634102 1
1678225224680 0.0818817349416869 1
1678225225230 0.08179283461400441 1
1678225225781 0.08170532435178757 1
1678225226333 0.08161865600517818 1
1678225226888 0.08153314569166728 1
1678225227469 0.08144854647772652 1
1678225228031 0.0813649765082768 1
1678225228591 0.08128300096307482 1
1678225229144 0.08120186839784894 1
1678225229694 0.08112150749989919 1
1678225230246 0.08104188314505986 1
1678225230796 0.0809637073959623 1
1678225231347 0.08088653641087669 1
1678225231904 0.08080994018486568 1
1678225232486 0.08073399428810392 1
1678225233046 0.08065867530448097 1
1678225233589 0.08058404496737889 1
1678225234132 0.08051005112273353 1
1678225234675 0.0804366831268583 1
1678225235218 0.08036391969238009 1
1678225235760 0.08029226533004216 1
1678225236303 0.0802214156304087 1
1678225236887 0.08015147490160805 1
1678225237471 0.08008222920554024 1
1678225238037 0.08001360084329333 1
1678225238588 0.07994543548141207 1
1678225239139 0.07987769693136215 1
1678225239691 0.07981042351041522 1
1678225240243 0.0797436386346817 1
1678225240794 0.07967732420989446 1
1678225241347 0.0796114546912057 1
1678225241904 0.07954603433609009 1
1678225242559 0.07948173476116997 1
1678225243121 0.07941826752253942 1
1678225243673 0.07935528457164764 1
1678225244225 0.07929314460073199 1
1678225244776 0.07923142399106707 1
1678225245327 0.07917010464838573 1
1678225245880 0.07910916209220886 1
1678225246432 0.0790487038237708 1
1678225246993 0.0789886542728969 1
1678225247573 0.07892895702804838 1
1678225248132 0.07887000696999687 1
1678225248683 0.07881138580186027 1
1678225249234 0.07875313077654157 1
1678225249785 0.07869515035833631 1
1678225250337 0.07863755843469075 1
1678225250888 0.07858041461024966 1
1678225251440 0.07852377210344587 1
1678225252001 0.07846745210034507 1
1678225252583 0.07841134816408157 1
1678225253141 0.07835586475474494 1
1678225253693 0.07830087095499039 1
1678225254244 0.07824614856924329 1
1678225254795 0.07819172101361412 1
1678225255346 0.07813759041684014 1
1678225255897 0.07808383660657066 1
1678225256448 0.07803036591836385 1
1678225257010 0.07797719751085554 1
1678225257593 0.07792425155639648 1
1678225258142 0.07787155040672847 1
1678225258689 0.07781914195844106 1
1678225259223 0.07776697725057602 1
1678225259757 0.07771496794053487 1
1678225260291 0.07766334606068474 1
1678225260830 0.07761211373976298 1
1678225261369 0.07756111238683973 1
1678225261917 0.0775103462593896 1
1678225262500 0.07746003461735589 1
1678225263065 0.07741018384695053 1
1678225263616 0.07736065983772278 1
1678225264168 0.07731135189533234 1
1678225264718 0.07726241648197174 1
1678225265269 0.07721387169190816 1
1678225265820 0.07716551848820277 1
1678225266370 0.07711745372840337 1
1678225266927 0.07706949646983828 1
1678225267508 0.077021738248212 1
1678225268143 0.07697421738079616 1
1678225268697 0.07692705307688032 1
1678225269253 0.0768801559294973 1
1678225269806 0.07683394210679191 1
1678225270358 0.07678821682929993 1
1678225270910 0.07674264694963183 1
1678225271461 0.07669723140341896 1
1678225272023 0.07665198402745384 1
1678225272606 0.07660726670707975 1
1678225273155 0.07656291446515492 1
1678225273688 0.07651867398193904 1
1678225274222 0.0764746123126575 1
1678225274755 0.07643092530114311 1
1678225275289 0.07638738730124064 1
1678225275831 0.07634398660489491 1
1678225276382 0.07630076259374619 1
1678225276939 0.07625768546547208 1
1678225277522 0.07621477970055171 1
1678225278077 0.07617198037249702 1
1678225278610 0.07612936837332589 1
1678225279145 0.07608692880187716 1
1678225279680 0.07604501715728215 1
1678225280214 0.07600328326225281 1
1678225280748 0.075961705829416 1
1678225281283 0.07592025718518666 1
1678225281818 0.07587893945830208 1
1678225282398 0.07583771858896528 1
1678225282967 0.07579666269677025 1
1678225283508 0.07575571537017822 1
1678225284051 0.07571491705519813 1
1678225284593 0.07567484251090459 1
1678225285137 0.07563527779919761 1
1678225285679 0.07559580888066973 1
1678225286222 0.0755564815231732 1
1678225286767 0.0755172882761274 1
1678225287345 0.0754782280751637 1
1678225287919 0.07543931369270597 1
1678225288475 0.07540046849421092 1
1678225289032 0.07536170844520841 1
1678225289584 0.07532300587211337 1
1678225290137 0.07528440015656608 1
1678225290689 0.07524593600205012 1
1678225291241 0.0752077294247491 1
1678225291792 0.0751695569072451 1
1678225292371 0.07513150679213661 1
1678225292943 0.0750936142035893 1
1678225293586 0.07505576206105095 1
1678225294138 0.07501800038984843 1
1678225294689 0.07498027703591756 1
1678225295241 0.07494268459933144 1
1678225295793 0.0749052305306707 1
1678225296345 0.0748678350022861 1
1678225296925 0.07483047246932983 1
1678225297508 0.07479323553187507 1
1678225298075 0.07475618166582924 1
1678225298628 0.07471925126654762 1
1678225299180 0.0746823421546391 1
1678225299732 0.07464559163366045 1
1678225300284 0.07460885494947433 1
1678225300837 0.0745722268308912 1
1678225301389 0.07453567960432597 1
1678225301945 0.07449921326977867 1
1678225302527 0.07446283634219851 1
1678225303092 0.07442654137100492 1
1678225303643 0.07439028684582029 1
1678225304195 0.07435413024255208 1
1678225304747 0.07431802898645401 1
1678225305299 0.07428206609828132 1
1678225305850 0.07424609363079071 1
1678225306401 0.07421023611511503 1
1678225306960 0.07417447652135577 1
1678225307542 0.0741387243781771 1
1678225308108 0.0741030148097447 1
1678225308660 0.07406742764370781 1
1678225309212 0.07403194265706199 1
1678225309763 0.07399651833942958 1
1678225310315 0.0739611302103315 1
1678225310866 0.07392582829509463 1
1678225311418 0.07389056469712939 1
1678225311974 0.07385536176817757 1
1678225312556 0.07382023121629443 1
1678225313118 0.07378515601158142 1
1678225313669 0.07375028410128184 1
1678225314220 0.07371554949453898 1
1678225314771 0.0736808670418603 1
1678225315323 0.07364612179143089 1
1678225315874 0.0736115915434701 1
1678225316425 0.07357719327722277 1
1678225316983 0.07354279394660677 1
1678225317638 0.07350849360227585 1
1678225318200 0.0734742060303688 1
1678225318754 0.07343997061252594 1
1678225319306 0.07340576180389949 1
1678225319857 0.07337164719189916 1
1678225320409 0.07333759218454361 1
1678225320960 0.07330362179449626 1
1678225321511 0.07326975784131459 1
1678225322072 0.07323588590536799 1
1678225322654 0.07320204590048109 1
1678225323213 0.07316826709679194 1
1678225323767 0.07313454896211624 1
1678225324319 0.07310085371136665 1
1678225324869 0.07306719518133573 1
1678225325421 0.07303362818700927 1
1678225325971 0.07300010110650744 1
1678225326523 0.07296666290078845 1
1678225327084 0.07293333006756646 1
1678225327667 0.07290006003209523 1
1678225328225 0.07286683310355459 1
1678225328775 0.07283364874976021 1
1678225329327 0.07280053357992854 1
1678225329877 0.07276751633201327 1
1678225330428 0.07273451504962784 1
1678225330978 0.07270155314888273 1
1678225331530 0.07266865085278239 1
1678225332093 0.07263577463371414 1
1678225332676 0.07260298622506005 1
1678225333225 0.0725702356014933 1
1678225333758 0.07253753074577876 1
1678225334292 0.07250480300613812 1
1678225334826 0.07247210400445121 1
1678225335359 0.07243952634079116 1
1678225335892 0.07240697049668857 1
1678225336426 0.07237448915839195 1
1678225336975 0.0723420221890722 1
1678225337558 0.07230962333934647 1
1678225338122 0.07227726972528867 1
1678225338672 0.07224491930433682 1
1678225339224 0.07221266467656408 1
1678225339775 0.0721804393189294 1
1678225340326 0.07214822726590293 1
1678225340877 0.07211613282561302 1
1678225341427 0.0720841187451567 1
1678225341996 0.07205212169459888 1
1678225342578 0.07202010921069554 1
1678225343235 0.0719881100314004 1
1678225343787 0.07195620398436274 1
1678225344339 0.07192435700978551 1
1678225344891 0.07189276814460754 1
1678225345444 0.07186134212783404 1
1678225345996 0.0718301140836307 1
1678225346547 0.07179889295782362 1
1678225347110 0.07176775591714042 1
1678225347693 0.07173667369144303 1
1678225348252 0.07170558401516505 1
1678225348807 0.07167453372052737 1
1678225349342 0.07164353079029492 1
1678225349875 0.07161251828074455 1
1678225350410 0.07158151056085314 1
1678225350944 0.07155060342379979 1
1678225351479 0.07151978675808225 1
1678225352021 0.07148897115673337 1
1678225352604 0.07145821037037033 1
1678225353168 0.07142745277711324 1
1678225353719 0.07139671114938599 1
1678225354271 0.07136625424027443 1
1678225354823 0.07133589365652629 1
1678225355376 0.071305549038308 1
1678225355927 0.07127524114080838 1
1678225356479 0.07124494122607368 1
1678225357036 0.07121462587799345 1
1678225357619 0.07118438822882515 1
1678225358182 0.07115417878542628 1
1678225358733 0.071124048105308 1
1678225359283 0.07109398288386208 1
1678225359835 0.07106395438313484 1
1678225360385 0.07103389820882253 1
1678225360935 0.07100388194833483 1
1678225361486 0.0709738949579852 1
1678225362042 0.07094386698944229 1
1678225362624 0.07091390820486206 1
1678225363187 0.07088402711919375 1
1678225363737 0.07085417849676949 1
1678225364288 0.07082437298127583 1
1678225364839 0.07079458183475903 1
1678225365390 0.07076481623308999 1
1678225365941 0.07073507351534707 1
1678225366492 0.07070536219647952 1
1678225367049 0.0706756663109575 1
1678225367631 0.07064608111977577 1
1678225368200 0.07061655819416046 1
1678225368833 0.07058699854782649 1
1678225369394 0.0705574309187276 1
1678225369953 0.07052792981266975 1
1678225370512 0.07049838027783803 1
1678225371071 0.07046889194420405 1
1678225371630 0.07043947598763875 1
1678225372196 0.07041006162762642 1
1678225372778 0.07038069782512528 1
1678225373335 0.07035132391112191 1
1678225373887 0.07032199523278646 1
1678225374439 0.0702928975224495 1
1678225374990 0.07026388815471105 1
1678225375542 0.07023496180772781 1
1678225376093 0.07020601843084608 1
1678225376646 0.07017706919993673 1
1678225377214 0.07014813220926694 1
1678225377795 0.07011926174163818 1
1678225378354 0.070090366261346 1
1678225378917 0.07006153783627919 1
1678225379469 0.07003278764230865 1
1678225380020 0.07000402574028287 1
1678225380571 0.06997524521180562 1
1678225381122 0.06994649980749403 1
1678225381673 0.0699177724974496 1
1678225382239 0.06988912022539548 1
1678225382821 0.06986056800399508 1
1678225383373 0.06983203228030886 1
1678225383924 0.06980357319116592 1
1678225384474 0.06977508004222598 1
1678225385025 0.06974657039557185 1
1678225385576 0.06971807245697294 1
1678225386127 0.06968971235411507 1
1678225386677 0.06966156086751393 1
1678225387243 0.06963335403374263 1
1678225387826 0.06960519190345492 1
1678225388379 0.06957698719842094 1
1678225388929 0.06954894906708173 1
1678225389479 0.0695209519139358 1
1678225390030 0.06949299680335182 1
1678225390581 0.06946503264563424 1
1678225391132 0.06943709722587041 1
1678225391683 0.06940921129924911 1
1678225392248 0.06938135144965989 1
1678225392919 0.06935353364263262 1
1678225393492 0.06932581003223147 1
1678225394044 0.06929830674614225 1
1678225394596 0.06927083751985005 1
1678225395147 0.06924338958093099 1
1678225395698 0.06921604967543057 1
1678225396250 0.06918865495494433 1
1678225396802 0.06916122936776706 1
1678225397374 0.06913381123117038 1
1678225397951 0.06910643034747668 1
1678225398529 0.06907908405576434 1
1678225399080 0.06905181439859527 1
1678225399631 0.06902450429541725 1
1678225400183 0.06899724049227578 1
1678225400734 0.06896998307534627 1
1678225401285 0.06894276663661003 1
1678225401839 0.06891558904732976 1
1678225402413 0.06888840081436294 1
1678225402990 0.06886123812624387 1
1678225403542 0.06883407118065017 1
1678225404093 0.06880694680980273 1
1678225404645 0.06877987938267845 1
1678225405196 0.0687527773635728 1
1678225405747 0.06872570833989552 1
1678225406297 0.06869856481041227 1
1678225406848 0.06867148407867976 1
1678225407423 0.0686444847711495 1
1678225407998 0.0686175317636558 1
1678225408555 0.06859051702278 1
1678225409111 0.06856352037617139 1
1678225409664 0.06853655512843813 1
1678225410215 0.06850958349449295 1
1678225410766 0.06848265762839999 1
1678225411317 0.06845577912671226 1
1678225411868 0.06842899961130959 1
1678225412443 0.06840217964989799 1
1678225413018 0.06837548794490951 1
1678225413569 0.06834876537322998 1
1678225414119 0.06832205184868403 1
1678225414670 0.06829536599772316 1
1678225415220 0.06826869717666081 1
1678225415772 0.06824206614068576 1
1678225416323 0.06821556655423981 1
1678225416874 0.06818911699312073 1
1678225417448 0.06816266104578972 1
1678225418023 0.06813618221453258 1
1678225418646 0.06810975234423365 1
1678225419199 0.06808335440499443 1
1678225419751 0.06805700063705444 1
1678225420302 0.06803062664611 1
1678225420854 0.06800422498158046 1
1678225421406 0.06797780149749347 1
1678225421959 0.06795148019279752 1
1678225422539 0.06792513813291277 1
1678225423112 0.06789887164320264 1
1678225423663 0.06787261899028506 1
1678225424216 0.06784631099019732 1
1678225424769 0.0678200333246163 1
1678225425321 0.06779378067169871 1
1678225425873 0.06776759933148112 1
1678225426425 0.0677414701453277 1
1678225426977 0.06771547560180936 1
1678225427557 0.06768954971006938 1
1678225428126 0.06766366107123238 1
1678225428677 0.06763783895543643 1
1678225429228 0.06761209347418376 1
1678225429780 0.06758632404463631 1
1678225430337 0.06756047904491425 1
1678225430889 0.0675347096153668 1
1678225431441 0.06750890665820666 1
1678225431992 0.06748318246432713 1
1678225432572 0.06745747796126775 1
1678225433147 0.06743183519159045 1
1678225433699 0.06740614239658628 1
1678225434250 0.06738051186714854 1
1678225434800 0.06735495424696378 1
1678225435352 0.06732947060040065 1
1678225435902 0.06730402739984649 1
1678225436453 0.06727859005331993 1
1678225437004 0.0672532186976501 1
1678225437583 0.06722792770181384 1
1678225438157 0.06720259998525892 1
1678225438718 0.06717725204569953 1
1678225439274 0.06715191900730133 1
1678225439826 0.06712659820914268 1
1678225440378 0.0671013705432415 1
1678225440931 0.0670761274439948 1
1678225441494 0.06705085188150406 1
1678225442139 0.06702567477311407 1
1678225442722 0.06700050511530467 1
1678225443284 0.0669753902724811 1
1678225443835 0.06695032545498439 1
1678225444479 0.06692527500646454 1
1678225445031 0.06690032141549247 1
1678225445583 0.06687536090612411 1
1678225446134 0.06685040571859904 1
1678225446687 0.06682545691728592 1
1678225447252 0.06680052621023995 1
1678225447833 0.06677560614688056 1
1678225448391 0.06675068821225848 1
1678225448942 0.06672581072364535 1
1678225449497 0.06670100135462624 1
1678225450048 0.06667626862015043 1
1678225450600 0.0666515279029097 1
1678225451151 0.06662676483392715 1
1678225451702 0.06660195652927671 1
1678225452266 0.06657720357179642 1
1678225452848 0.06655243943844523 1
1678225453405 0.06652774076376643 1
1678225453956 0.06650312032018389 1
1678225454507 0.06647847592830658 1
1678225455060 0.06645382621458598 1
1678225455611 0.06642916585717883 1
1678225456163 0.06640448314802987 1
1678225456715 0.06637981374348913 1
1678225457278 0.06635522310222898 1
1678225457858 0.0663306824862957 1
1678225458419 0.06630609290940422 1
1678225458971 0.06628150173595973 1
1678225459522 0.06625692972115108 1
1678225460073 0.06623236941439765 1
1678225460625 0.06620782720191139 1
1678225461176 0.06618332862854004 1
1678225461727 0.06615885506783213 1
1678225462290 0.06613434531858989 1
1678225462871 0.06610985366361481 1
1678225463437 0.0660853801029069 1
1678225463999 0.06606089696288109 1
1678225464562 0.06603644681828362 1
1678225465115 0.06601201849324363 1
1678225465666 0.065987621567079 1
1678225466217 0.06596326349037034 1
1678225466768 0.06593892137919154 1
1678225467335 0.0659145638346672 1
1678225467916 0.06589023556028094 1
1678225468544 0.065865907818079 1
1678225469099 0.0658415997666972 1
1678225469651 0.06581728692565646 1
1678225470202 0.06579300441912242 1
1678225470753 0.06576879322528839 1
1678225471305 0.06574457670961108 1
1678225471856 0.0657203458249569 1
1678225472426 0.0656961447426251 1
1678225473005 0.06567196654421943 1
1678225473560 0.0656477723802839 1
1678225474111 0.06562367134860583 1
1678225474663 0.06559954423989568 1
1678225475214 0.06557544161166463 1
1678225475765 0.06555130226271492 1
1678225476316 0.06552714694823537 1
1678225476867 0.06550303314413343 1
1678225477438 0.06547897841249194 1
1678225478019 0.06545495614409447 1
1678225478583 0.06543093227914401 1
1678225479135 0.0654068940452167 1
1678225479686 0.06538283718483788 1
1678225480239 0.06535882449575833 1
1678225480791 0.06533480063080788 1
1678225481343 0.06531095877289772 1
1678225481895 0.06528708232300622 1
1678225482466 0.06526320587311472 1
1678225483046 0.06523938051291875 1
1678225483598 0.06521564455968994 1
1678225484149 0.06519191339612007 1
1678225484700 0.06516810719455991 1
1678225485251 0.06514429939644677 1
1678225485803 0.06512053630181722 1
1678225486355 0.06509682376469884 1
1678225486906 0.0650731772184372 1
1678225487479 0.06504950991698674 1
1678225488062 0.06502576651317733 1
1678225488625 0.06500210187264852 1
1678225489177 0.06497846064823014 1
1678225489728 0.06495476780193192 1
1678225490280 0.06493112498096057 1
1678225490831 0.06490750504391533 1
1678225491383 0.06488400059086936 1
1678225491934 0.06486050678150994 1
1678225492506 0.0648370236158371 1
1678225493083 0.06481352235589709 1
1678225493668 0.06479005994541305 1
1678225494312 0.0647667082292693 1
1678225494864 0.06474339216947556 1
1678225495416 0.06472008941429001 1
1678225495968 0.06469677122575897 1
1678225496520 0.06467344079698835 1
1678225497072 0.0646501210119043 1
1678225497653 0.06462683741535459 1
1678225498224 0.06460358415331159 1
1678225498781 0.0645803197153977 1
1678225499334 0.06455706006714276 1
1678225499886 0.06453388024653707 1
1678225500438 0.06451063975691795 1
1678225500989 0.06448742906962122 1
1678225501541 0.06446425829614912 1
1678225502093 0.06444109656981059 1
1678225502676 0.06441791994231087 1
1678225503249 0.06439473426767758 1
1678225503808 0.0643716071333204 1
1678225504366 0.06434850714036397 1
1678225504921 0.06432545664055007 1
1678225505474 0.06430248011435781 1
1678225506026 0.06427951423185212 1
1678225506577 0.06425656963671957 1
1678225507128 0.06423365537609373 1
1678225507710 0.06421074058328356 1
1678225508280 0.06418790348938533 1
1678225508832 0.06416509513344083 1
1678225509384 0.06414228092346873 1
1678225509935 0.06411944861922945 1
1678225510488 0.06409658065864018 1
1678225511039 0.06407372759921211 1
1678225511590 0.06405093946627208 1
1678225512143 0.06402819124715668 1
1678225512726 0.06400554307869502 1
1678225513295 0.06398302103791918 1
1678225513846 0.06396049580403737 1
1678225514397 0.06393809137599808 1
1678225514948 0.06391569333417076 1
1678225515500 0.06389324579920087 1
1678225516051 0.06387084296771459 1
1678225516602 0.06384841246264321 1
1678225517230 0.0638260506093502 1
1678225517814 0.06380369673882212 1
1678225518379 0.06378138544304031 1
1678225518936 0.06375906031046595 1
1678225519487 0.06373680063656398 1
1678225520135 0.06371459418109485 1
1678225520704 0.06369242923600334 1
1678225521265 0.0636702621621745 1
1678225521828 0.0636481014745576 1
1678225522403 0.0636260025203228 1
1678225523019 0.0636039354971477 1
1678225523579 0.06358182004519872 1
1678225524133 0.06355974663581167 1
1678225524685 0.06353769611035075 1
1678225525242 0.06351570093205997 1
1678225525801 0.06349400963102068 1
1678225526362 0.06347225393567767 1
1678225526923 0.06345052165644509 1
1678225527505 0.06342886281864983 1
1678225528101 0.06340719812682696 1
1678225528671 0.06338547170162201 1
1678225529233 0.06336380754198347 1
1678225529801 0.06334218276398522 1
1678225530357 0.06332059311015266 1
1678225530911 0.06329901250345367 1
1678225531460 0.06327744254044124 1
1678225531995 0.06325590131538254 1
1678225532563 0.06323436434779849 1
1678225533143 0.06321278161236218 1
1678225533709 0.0631913175540311 1
1678225534267 0.06316989766699928 1
1678225534826 0.06314859858580998 1
1678225535385 0.06312728353909083 1
1678225535943 0.0631059684923717 1
1678225536494 0.06308464599507195 1
1678225537047 0.06306334584951401 1
1678225537622 0.0630420558154583 1
1678225538198 0.06302080782396453 1
1678225538746 0.06299960134284836 1
1678225539279 0.06297841402036804 1
1678225539814 0.06295722031167575 1
1678225540349 0.06293601116963796 1
1678225540885 0.06291481426783971 1
1678225541419 0.06289367484194892 1
1678225541955 0.06287254339882306 1
1678225542520 0.06285140344074794 1
1678225543120 0.06283029328499522 1
1678225543681 0.06280919324074473 1
1678225544325 0.06278812672410693 1
1678225544880 0.06276707138334002 1
1678225545416 0.06274600965636117 1
1678225545950 0.06272497719952039 1
1678225546485 0.06270400594387736 1
1678225547020 0.06268302883420672 1
1678225547587 0.06266207993030548 1
1678225548167 0.06264119542070798 1
1678225548717 0.06262036572609629 1
1678225549253 0.06259956104414803 1
1678225549788 0.06257874571851321 1
1678225550332 0.06255798574004855 1
1678225550874 0.06253723161561149 1
1678225551416 0.062516452478511 1
1678225551962 0.062495658972433636 1
1678225552528 0.06247495168021747 1
1678225553114 0.06245428430182593 1
1678225553653 0.062433638742991855 1
1678225554187 0.0624129804117339 1
1678225554722 0.06239240510123117 1
1678225555255 0.06237184149878366 1
1678225555789 0.06235132100326674 1
1678225556323 0.062330856387104304 1
1678225556859 0.06231040880084038 1
1678225557411 0.06228998995253018 1
1678225557999 0.06226957802261625 1
1678225558569 0.06224912405014038 1
1678225559124 0.0622286567730563 1
1678225559678 0.062208232070718496 1
1678225560232 0.06218782812356949 1
1678225560784 0.06216748058795929 1
1678225561326 0.06214721979839461 1
1678225561869 0.06212697657091277 1
1678225562425 0.062106749308960776 1
1678225563009 0.06208648958376476 1
1678225563571 0.06206619739532471 1
1678225564126 0.06204599354948316 1
1678225564681 0.062025832810572216 1
1678225565237 0.062005682715347836 1
1678225565791 0.06198552144425256 1
1678225566346 0.061965402747903554 1
1678225566902 0.061945323433194845 1
1678225567473 0.061925221766744344 1
1678225568062 0.06190511690718787 1
1678225568625 0.061885026416608264 1
1678225569178 0.06186496998582568 1
1678225569800 0.06184490131480353 1
1678225570336 0.06182483530470303 1
1678225570872 0.06180485657283238 1
1678225571408 0.061784910304205756 1
1678225571944 0.061765440340553014 1
1678225572502 0.061745959733213694 1
1678225573085 0.061726471675293784 1
1678225573644 0.06170700171164104 1
1678225574198 0.06168763765266964 1
1678225574752 0.06166827252932957 1
1678225575306 0.06164890368069921 1
1678225575860 0.06162962157811437 1
1678225576413 0.061610326170921326 1
1678225576958 0.06159104460052082 1
1678225577519 0.06157181092670986 1
1678225578101 0.06155258257474218 1
1678225578656 0.06153336752738271 1
1678225579203 0.061514398881367276 1
1678225579765 0.06149584587131228 1
1678225580319 0.06147730935897146 1
1678225580863 0.06145878827997616 1
1678225581406 0.06144027890903609 1
1678225581951 0.061421728027718406 1
1678225582514 0.061403244733810425 1
1678225583098 0.06138479283877781 1
1678225583660 0.061366344669035504 1
1678225584212 0.06134791565792901 1
1678225584768 0.06132949250085013 1
1678225585333 0.06131113533462797 1
1678225585904 0.061292817017861774 1
1678225586477 0.061274543936763494 1
1678225587044 0.06125629799706595 1
1678225587622 0.06123811112982886 1
1678225588209 0.061219927455697744 1
1678225588789 0.061201835849455426 1
1678225589350 0.061183779899563105 1
1678225589908 0.06116573140025139 1
1678225590471 0.061147741441215785 1
1678225591029 0.06112973498446601 1
1678225591591 0.061111751411642344 1
1678225592156 0.061093809349196296 1
1678225592738 0.06107583801661219 1
1678225593321 0.06105790287256241 1
1678225593887 0.06103999753083501 1
1678225594445 0.0610220730304718 1
1678225595011 0.0610042368727071 1
1678225595657 0.06098645659429686 1
1678225596223 0.06096863693424633 1
1678225596790 0.06095085505928312 1
1678225597364 0.06093313332114901 1
1678225597949 0.060915400407144 1
1678225598523 0.060897719647203176 1
1678225599092 0.06088001600333622 1
1678225599659 0.06086228575025286 1
1678225600230 0.06084460499031203 1
1678225600802 0.06082698596375329 1
1678225601373 0.06080932383026395 1
1678225601939 0.06079167925885746 1
1678225602521 0.06077404533113752 1
1678225603111 0.060756436948265345 1
1678225603680 0.060738815260784965 1
1678225604244 0.06072125530668667 1
1678225604811 0.06070369961006301 1
1678225605380 0.06068616999047143 1
1678225605947 0.06066864728927612 1
1678225606511 0.06065112033060619 1
1678225607068 0.06063357527766909 1
1678225607640 0.06061602224196706 1
1678225608220 0.06059851444193295 1
1678225608800 0.06058100185223988 1
1678225609354 0.0605635584465095 1
1678225609906 0.06054610865456717 1
1678225610458 0.06052865566951888 1
1678225611010 0.06051122610058103 1
1678225611561 0.060493799192564826 1
1678225612113 0.06047636004430907 1
1678225612685 0.06045893153973988 1
1678225613266 0.06044153070875576 1
1678225613852 0.060424214495079856 1
1678225614406 0.060406913714749474 1
1678225614958 0.06038960814476013 1
1678225615509 0.060372325990881236 1
1678225616060 0.06035512685775757 1
1678225616613 0.06033813314778464 1
1678225617165 0.060321135712521415 1
1678225617741 0.0603041872382164 1
1678225618319 0.06028723557080541 1
1678225618890 0.06027031955974443 1
1678225619450 0.0602534253682409 1
1678225620099 0.060236608875649314 1
1678225620654 0.06021983602217266 1
1678225621208 0.06020305039627211 1
1678225621760 0.06018627381750515 1
1678225622313 0.060169532895088196 1
1678225622898 0.06015274141516004 1
1678225623467 0.06013596962605204 1
1678225624019 0.060119171759911945 1
1678225624571 0.060102454253605435 1
1678225625123 0.06008579049791608 1
1678225625675 0.060028629643576484 1
1678225626227 0.05904589965939522 1
1678225626778 0.05901950278452465 1
1678225627408 0.059071440781865804 1
1678225627994 0.059097315051725934 1
1678225628562 0.05897260723369462 1
1678225629115 0.05896648019552231 1
1678225629667 0.059005801166806905 1
1678225630218 0.0589972548186779 1
1678225630769 0.05897751024791172 1
1678225631321 0.058979248361928124 1
1678225631873 0.05898641369172505 1
