1678225078677 24701.445870535714 1
1678225079283 24657.35770089286 1
1678225079860 24606.315290178572 1
1678225080436 24546.076729910714 1
1678225081012 24473.68526785714 1
1678225081587 24385.28348214286 1
1678225082164 24275.98018973214 1
1678225082740 24139.89229910714 1
1678225083314 23970.549665178572 1
1678225083889 23761.719587053572 1
1678225084466 23508.231026785714 1
1678225085041 23206.182756696428 1
1678225085616 22852.502790178572 1
1678225086192 22444.592354910714 1
1678225086770 21980.433035714286 1
1678225087372 21458.702287946428 1
1678225087964 20871.976004464286 1
1678225088522 20201.825334821428 1
1678225089068 19450.3046875 1
1678225089606 18621.94921875 1
1678225090153 17719.10574776786 1
1678225090694 16746.081612723214 1
1678225091242 15710.056640625 1
1678225091916 14621.980050223214 1
1678225092488 13497.1396484375 1
1678225093054 12355.44056919643 1
1678225093603 11221.220284598214 1
1678225094170 10122.3388671875 1
1678225094735 9087.789829799107 1
1678225095301 8140.579659598215 1
1678225095864 7276.916643415178 1
1678225096422 6497.746303013393 1
1678225096994 5905.188825334822 1
1678225097582 5538.252999441965 1
1678225098146 5350.401436941965 1
1678225098703 5267.924037388393 1
1678225099260 5228.5048828125 1
1678225099816 5198.7529296875 1
1678225100372 5169.0712890625 1
1678225100927 5139.919921875 1
1678225101483 5112.727957589285 1
1678225102057 5087.509765625 1
1678225102643 5063.526157924107 1
1678225103201 5040.119210379465 1
1678225103756 5016.977469308035 1
1678225104315 4994.036342075893 1
1678225104873 4971.331333705357 1
1678225105429 4948.903878348215 1
1678225105984 4926.778529575893 1
1678225106540 4904.959089006697 1
1678225107119 4883.436941964285 1
1678225107701 4862.196498325893 1
1678225108264 4841.21662248884 1
1678225108824 4820.4755859375 1
1678225109375 4799.951625279018 1
1678225109926 4779.622174944197 1
1678225110478 4759.461356026785 1
1678225111029 4739.429268973215 1
1678225111580 4719.436488560268 1
1678225112154 4699.2041015625 1
1678225112734 4677.338936941965 1
1678225113291 4643.288957868303 1
1678225113843 4612.050397600447 1
1678225114395 4585.07177734375 1
1678225114946 4551.841831752232 1
1678225115497 4524.261160714285 1
1678225116048 4498.19011579241 1
1678225116599 4471.943952287947 1
1678225117176 4448.167375837053 1
1678225117845 4425.183210100447 1
1678225118398 4402.162074497768 1
1678225118950 4379.818952287947 1
1678225119503 4357.831298828125 1
1678225120055 4335.817801339285 1
1678225120607 4313.94562639509 1
1678225121162 4292.224539620535 1
1678225121715 4270.50505719866 1
1678225122299 4248.78271484375 1
1678225122872 4227.085414341518 1
1678225123424 4205.36945452009 1
1678225123976 4183.603410993303 1
1678225124527 4161.789515904018 1
1678225125079 4139.913469587053 1
1678225125630 4117.950962611607 1
1678225126182 4095.8883928571427 1
1678225126736 4073.7129255022323 1
1678225127318 4051.4031808035716 1
1678225127894 4028.9401506696427 1
1678225128457 4006.304024832589 1
1678225129011 3983.472412109375 1
1678225129563 3960.421456473214 1
1678225130114 3937.1261160714284 1
1678225130666 3913.56201171875 1
1678225131218 3889.7028459821427 1
1678225131773 3865.5242745535716 1
1678225132355 3841.0038016183034 1
1678225132926 3816.123604910714 1
1678225133479 3790.8712332589284 1
1678225134032 3765.2428850446427 1
1678225134585 3739.2459542410716 1
1678225135137 3712.900076729911 1
1678225135688 3686.240059988839 1
1678225136240 3659.314767020089 1
1678225136796 3632.186697823661 1
1678225137379 3604.929513113839 1
1678225137948 3577.6220703125 1
1678225138509 3550.3432268415177 1
1678225139070 3523.1662248883927 1
1678225139623 3496.1524832589284 1
1678225140175 3469.3468191964284 1
1678225140727 3442.7762625558034 1
1678225141278 3416.4513113839284 1
1678225141836 3390.363037109375 1
1678225142419 3364.4912458147323 1
1678225142983 3338.8040945870534 1
1678225143628 3313.261893136161 1
1678225144183 3287.820242745536 1
1678225144738 3262.4296526227677 1
1678225145290 3237.0372140066966 1
1678225145841 3211.5874372209823 1
1678225146393 3186.019287109375 1
1678225146956 3160.2659040178573 1
1678225147538 3134.2513602120534 1
1678225148094 3107.8869977678573 1
1678225148646 3081.066824776786 1
1678225149197 3053.660574776786 1
1678225149748 3025.5039411272323 1
1678225150300 2996.389404296875 1
1678225150851 2966.0509905133927 1
1678225151402 2934.152169363839 1
1678225151966 2900.278494698661 1
1678225152550 2863.9501953125 1
1678225153106 2824.669189453125 1
1678225153657 2782.0198102678573 1
1678225154208 2735.7459891183034 1
1678225154759 2685.6294294084823 1
1678225155310 2630.849539620536 1
1678225155862 2568.0793805803573 1
1678225156413 2491.873552594866 1
1678225156977 2409.9208984375 1
1678225157560 2314.2448381696427 1
1678225158113 2230.5446428571427 1
1678225158665 2141.450265066964 1
1678225159216 2057.94189453125 1
1678225159771 1972.3251953125 1
1678225160322 1882.1167515345983 1
1678225160873 1793.2171979631696 1
1678225161424 1702.8955601283483 1
1678225161989 1611.590576171875 1
1678225162570 1521.4633963448662 1
1678225163124 1432.1866106305804 1
1678225163675 1344.233119419643 1
1678225164226 1258.82568359375 1
1678225164778 1176.452113560268 1
1678225165329 1097.3953421456474 1
1678225165880 1022.1778215680804 1
1678225166432 951.2193341936384 1
1678225166997 884.6796177455357 1
1678225167672 822.6071690150669 1
1678225168228 765.0187901088169 1
1678225168791 711.8595581054688 1
1678225169351 662.9827532087054 1
1678225169905 618.1794695172991 1
1678225170460 577.2144077845982 1
1678225171013 539.8369227818081 1
1678225171566 505.78623744419644 1
1678225172139 474.7969883510045 1
1678225172718 446.6107918875558 1
1678225173275 420.9803553989955 1
1678225173826 397.67323085239957 1
1678225174377 376.4743390764509 1
1678225174928 357.18492344447543 1
1678225175480 339.62353515625 1
1678225176030 323.62620762416293 1
1678225176583 309.0435311453683 1
1678225177157 295.74097115652904 1
1678225177735 283.5989903041295 1
1678225178288 272.50918361118863 1
1678225178830 262.3751198904855 1
1678225179373 253.1108158656529 1
1678225179915 244.63886151994978 1
1678225180458 236.89043753487724 1
1678225181000 229.80381992885046 1
1678225181535 223.32423836844308 1
1678225182099 217.40259660993303 1
1678225182679 211.99416024344308 1
1678225183246 207.05912126813615 1
1678225183780 202.56038774762834 1
1678225184313 198.4642094203404 1
1678225184848 194.73894827706474 1
1678225185382 191.35394287109375 1
1678225185915 188.2795148577009 1
1678225186448 185.48646981375558 1
1678225187002 182.94588361467635 1
1678225187584 180.62884085518974 1
1678225188130 178.50679670061385 1
1678225188673 176.5519256591797 1
1678225189216 174.73749433244978 1
1678225189758 173.03858511788505 1
1678225190300 171.4331795828683 1
1678225190841 169.9048352922712 1
1678225191385 168.43940080915178 1
1678225191939 167.02764892578125 1
1678225192521 165.66545976911272 1
1678225193152 164.3509804861886 1
1678225193704 163.08595711844308 1
1678225194256 161.87227521623885 1
1678225194808 160.71204267229353 1
1678225195360 159.60632106236048 1
1678225195912 158.55509294782365 1
1678225196464 157.55580357142858 1
1678225197031 156.60574449811662 1
1678225197613 155.70125797816686 1
1678225198159 154.83789934430803 1
1678225198714 154.0116969517299 1
1678225199265 153.2199696132115 1
1678225199816 152.45984867640905 1
1678225200367 151.728759765625 1
1678225200918 151.0253132411412 1
1678225201470 150.34771946498327 1
1678225202035 149.69485800606864 1
1678225202617 149.06468091692244 1
1678225203172 148.4559609549386 1
1678225203723 147.86740657261439 1
1678225204274 147.29809788295202 1
1678225204825 146.74697766985213 1
1678225205376 146.2125963483538 1
1678225205927 145.69368961879186 1
1678225206480 145.1899468558175 1
1678225207046 144.70009286063058 1
1678225207627 144.22386169433594 1
1678225208171 143.76036289760046 1
1678225208711 143.308842250279 1
1678225209246 142.86891065325057 1
1678225209781 142.43975394112724 1
1678225210315 142.02095249720983 1
1678225210849 141.61232103620256 1
1678225211384 141.21263776506697 1
1678225211930 140.82191576276506 1
1678225212513 140.44024440220423 1
1678225213067 140.06673104422433 1
1678225213600 139.70117405482702 1
1678225214134 139.34301103864397 1
1678225214671 138.99210357666016 1
1678225215205 138.6478979928153 1
1678225215739 138.3105708530971 1
1678225216274 137.97976902553015 1
1678225216811 137.65510886056083 1
1678225217432 137.33670479910714 1
1678225217991 137.02344403948103 1
1678225218618 136.71612766810827 1
1678225219162 136.41405160086495 1
1678225219707 136.11731284005302 1
1678225220251 135.82558114188058 1
1678225220795 135.53862108503068 1
1678225221334 135.2561296735491 1
1678225221875 134.97789437430245 1
1678225222457 134.70415496826172 1
1678225223022 134.43474687848772 1
1678225223573 134.16927228655135 1
1678225224125 133.90815625871932 1
1678225224676 133.6509791782924 1
1678225225227 133.39725167410714 1
1678225225777 133.14718627929688 1
1678225226329 132.90035683768136 1
1678225226884 132.65709686279297 1
1678225227465 132.41690499441964 1
1678225228027 132.17997850690568 1
1678225228587 131.94645254952567 1
1678225229140 131.71604701450892 1
1678225229690 131.4878932407924 1
1678225230242 131.26297542027064 1
1678225230793 131.04124123709542 1
1678225231343 130.82205309186662 1
1678225231900 130.60503714425224 1
1678225232482 130.39075469970703 1
1678225233042 130.178959437779 1
1678225233585 129.96959686279297 1
1678225234128 129.76260375976562 1
1678225234671 129.55824715750558 1
1678225235214 129.35606493268693 1
1678225235756 129.15578024727958 1
1678225236299 128.95757947649275 1
1678225236846 128.76156180245536 1
1678225237467 128.5675495692662 1
1678225238033 128.37599291120256 1
1678225238584 128.18621935163225 1
1678225239136 127.998044695173 1
1678225239687 127.81171417236328 1
1678225240239 127.62733132498605 1
1678225240790 127.44481985909599 1
1678225241343 127.26402827671596 1
1678225241900 127.08489772251674 1
1678225242555 126.90730939592633 1
1678225243117 126.73123604910714 1
1678225243669 126.55678994315011 1
1678225244221 126.38402884347099 1
1678225244772 126.2129135131836 1
1678225245324 126.04336438860211 1
1678225245877 125.87498692103794 1
1678225246428 125.70823887416294 1
1678225246989 125.54263414655414 1
1678225247569 125.37824031284877 1
1678225248128 125.21541377476284 1
1678225248680 125.05391911097935 1
1678225249231 124.8938456944057 1
1678225249782 124.734861101423 1
1678225250333 124.57738276890346 1
1678225250884 124.42113276890346 1
1678225251436 124.26607622419085 1
1678225251997 124.11219133649554 1
1678225252579 123.95903887067523 1
1678225253138 123.80728585379464 1
1678225253689 123.65663037981305 1
1678225254240 123.5070081438337 1
1678225254791 123.35867527553013 1
1678225255342 123.21153368268695 1
1678225255893 123.06524222237724 1
1678225256444 122.91979326520648 1
1678225257006 122.77560860770089 1
1678225257589 122.63216945103237 1
1678225258139 122.48964364188058 1
1678225258686 122.34847477504185 1
1678225259220 122.20818110874721 1
1678225259754 122.06827763148716 1
1678225260287 121.92940412248883 1
1678225260826 121.79176875523159 1
1678225261365 121.65501621791294 1
1678225261913 121.51908765520368 1
1678225262496 121.38381086077008 1
1678225263061 121.24963705880302 1
1678225263613 121.11626761300224 1
1678225264164 120.98368290492466 1
1678225264715 120.85182516915458 1
1678225265266 120.72073255266461 1
1678225265816 120.59046391078404 1
1678225266367 120.46133531842914 1
1678225266922 120.33249991280692 1
1678225267504 120.20445578438895 1
1678225268140 120.07692391531808 1
1678225268693 119.95028468540737 1
1678225269249 119.82432992117745 1
1678225269802 119.69925253731864 1
1678225270354 119.5749740600586 1
1678225270906 119.45129939488002 1
1678225271458 119.32819039481026 1
1678225272019 119.20578111921039 1
1678225272602 119.08404758998326 1
1678225273151 118.96312277657645 1
1678225273685 118.84256199428013 1
1678225274218 118.72281101771763 1
1678225274751 118.60365404401507 1
1678225275285 118.48501259940011 1
1678225275827 118.36699458530971 1
1678225276379 118.24969809395927 1
1678225276935 118.13305555071149 1
1678225277518 118.01713453020368 1
1678225278073 117.90156664167132 1
1678225278606 117.78657640729632 1
1678225279141 117.67229679652623 1
1678225279676 117.55821119035993 1
1678225280211 117.44474247523716 1
1678225280745 117.33193642752511 1
1678225281280 117.21984427315849 1
1678225281815 117.10823822021484 1
1678225282394 116.99697549002511 1
1678225282963 116.88647787911552 1
1678225283505 116.77651759556362 1
1678225284047 116.66695186070034 1
1678225284589 116.55780465262276 1
1678225285133 116.44932992117745 1
1678225285676 116.34108189174107 1
1678225286218 116.2332044328962 1
1678225286764 116.12598528180804 1
1678225287341 116.01949419294085 1
1678225287915 115.91368321010044 1
1678225288472 115.80819593157086 1
1678225289028 115.70289829799107 1
1678225289580 115.5980715070452 1
1678225290133 115.49352373395648 1
1678225290685 115.38953181675502 1
1678225291237 115.28628867013114 1
1678225291788 115.18312072753906 1
1678225292367 115.08057730538505 1
1678225292939 114.97881317138672 1
1678225293582 114.87721361432757 1
1678225294134 114.77593994140625 1
1678225294686 114.67484065464565 1
1678225295237 114.5743876865932 1
1678225295789 114.47466932024274 1
1678225296341 114.37514277866909 1
1678225296895 114.27571105957031 1
1678225297504 114.17698233468192 1
1678225298072 114.07856205531529 1
1678225298624 113.9807368687221 1
1678225299176 113.88305228097099 1
1678225299728 113.78600529261998 1
1678225300281 113.6890629359654 1
1678225300833 113.59264591761998 1
1678225301385 113.49657440185547 1
1678225301941 113.40088217599052 1
1678225302523 113.30566733224052 1
1678225303088 113.21081107003349 1
1678225303640 113.11620657784599 1
1678225304192 113.02198137555804 1
1678225304744 112.92815617152623 1
1678225305295 112.83490208217076 1
1678225305846 112.74160657610211 1
1678225306398 112.64893014090401 1
1678225306953 112.55676814488002 1
1678225307538 112.46449497767857 1
1678225308105 112.37242453438895 1
1678225308656 112.28102547781808 1
1678225309208 112.19013214111328 1
1678225309760 112.0995374407087 1
1678225310311 112.00911712646484 1
1678225310863 111.91908046177456 1
1678225311414 111.8293685913086 1
1678225311970 111.73980276925224 1
1678225312552 111.65064893450055 1
1678225313115 111.56172398158482 1
1678225313665 111.47336796351841 1
1678225314216 111.38548605782645 1
1678225314767 111.29770878383091 1
1678225315319 111.2096187046596 1
1678225315870 111.1223373413086 1
1678225316421 111.03572736467633 1
1678225316977 110.94914245605469 1
1678225317634 110.86288234165737 1
1678225318197 110.77697644914899 1
1678225318751 110.69116319928851 1
1678225319303 110.60548509870257 1
1678225319854 110.52027021135602 1
1678225320405 110.43540409633091 1
1678225320956 110.35093797956195 1
1678225321508 110.26699938092914 1
1678225322068 110.18301609584263 1
1678225322650 110.09924970354352 1
1678225323209 110.01572854178292 1
1678225323763 109.93267168317523 1
1678225324315 109.84970310756138 1
1678225324866 109.76689038957868 1
1678225325417 109.68456159319196 1
1678225325968 109.60248020717076 1
1678225326519 109.52082170758929 1
1678225327080 109.43942478724888 1
1678225327663 109.35810852050781 1
1678225328221 109.27707236153739 1
1678225328772 109.19618770054409 1
1678225329323 109.11563982282367 1
1678225329873 109.03568376813617 1
1678225330424 108.95578874860492 1
1678225330975 108.87604740687779 1
1678225331527 108.79661451067243 1
1678225332089 108.7174301147461 1
1678225332672 108.6386228288923 1
1678225333221 108.56020028250558 1
1678225333754 108.48174939836774 1
1678225334289 108.40339660644531 1
1678225334822 108.32515389578683 1
1678225335356 108.24753134591239 1
1678225335889 108.17001233782086 1
1678225336422 108.09288024902344 1
1678225336961 108.01593889508929 1
1678225337554 107.93935939243862 1
1678225338118 107.8630131312779 1
1678225338669 107.78649248395648 1
1678225339220 107.71048518589565 1
1678225339771 107.63464900425502 1
1678225340322 107.55882808140346 1
1678225340873 107.48353031703404 1
1678225341424 107.40876116071429 1
1678225341978 107.333986554827 1
1678225342574 107.25921303885323 1
1678225343231 107.1845463344029 1
1678225343783 107.11035592215401 1
1678225344336 107.03648594447544 1
1678225344888 106.9626214163644 1
1678225345440 106.8889410836356 1
1678225345992 106.81558990478516 1
1678225346544 106.74224090576172 1
1678225347106 106.66942923409599 1
1678225347689 106.5969728742327 1
1678225348248 106.52450888497489 1
1678225348803 106.4521985735212 1
1678225349338 106.38022940499442 1
1678225349872 106.30820683070591 1
1678225350406 106.23624093191964 1
1678225350940 106.1646979195731 1
1678225351475 106.09373038155692 1
1678225352017 106.0227530343192 1
1678225352600 105.95200892857143 1
1678225353164 105.88133566720145 1
1678225353716 105.81066785539899 1
1678225354268 105.74051557268415 1
1678225354819 105.67064339773995 1
1678225355372 105.60093797956195 1
1678225355923 105.53145817347935 1
1678225356475 105.46199362618583 1
1678225357033 105.39257703508649 1
1678225357615 105.32350485665458 1
1678225358178 105.2545166015625 1
1678225358729 105.18602207728794 1
1678225359280 105.11771501813617 1
1678225359831 105.04967934744698 1
1678225360381 104.98155648367745 1
1678225360932 104.91365160260882 1
1678225361482 104.84584699358258 1
1678225362038 104.77796282087054 1
1678225362620 104.71050916399274 1
1678225363183 104.64353942871094 1
1678225363733 104.57681274414062 1
1678225364284 104.51026698521206 1
1678225364835 104.44380732945034 1
1678225365387 104.3773193359375 1
1678225365937 104.31089128766742 1
1678225366488 104.2446528843471 1
1678225367045 104.17859540666852 1
1678225367627 104.11309051513672 1
1678225368196 104.04804011753627 1
1678225368829 103.98274230957031 1
1678225369390 103.91751534598214 1
1678225369949 103.8526120867048 1
1678225370508 103.78748430524554 1
1678225371067 103.72269439697266 1
1678225371626 103.65832846505302 1
1678225372192 103.59405844552177 1
1678225372774 103.5300543648856 1
1678225373331 103.46607208251953 1
1678225373883 103.40233503069196 1
1678225374435 103.33853258405414 1
1678225374987 103.27507563999721 1
1678225375538 103.2120601109096 1
1678225376090 103.1490227835519 1
1678225376642 103.08598109654018 1
1678225377210 103.02300916399274 1
1678225377791 102.96036311558315 1
1678225378350 102.89771379743304 1
1678225378914 102.83551679338727 1
1678225379465 102.77359008789062 1
1678225380016 102.7116470336914 1
1678225380567 102.64973558698382 1
1678225381118 102.58804430280414 1
1678225381669 102.52644675118583 1
1678225382235 102.46504538399833 1
1678225382817 102.40384238106864 1
1678225383370 102.34292275565011 1
1678225383920 102.28233446393695 1
1678225384471 102.22161538260323 1
1678225385022 102.16077968052456 1
1678225385572 102.10010746547154 1
1678225386123 102.03971099853516 1
1678225386674 101.98002079554966 1
1678225387239 101.92005266462054 1
1678225387822 101.86026000976562 1
1678225388375 101.80044773646763 1
1678225388925 101.74088287353516 1
1678225389476 101.6815425327846 1
1678225390026 101.62239837646484 1
1678225390578 101.56315176827567 1
1678225391128 101.50406973702567 1
1678225391679 101.44529833112445 1
1678225392244 101.38672310965401 1
1678225392916 101.32832881382534 1
1678225393488 101.26996176583427 1
1678225394040 101.21175493512835 1
1678225394592 101.1536374773298 1
1678225395143 101.09576960972377 1
1678225395695 101.03840964181083 1
1678225396246 100.98083060128349 1
1678225396798 100.92320905412946 1
1678225397370 100.86561257498605 1
1678225397947 100.80829511369977 1
1678225398525 100.75120217459542 1
1678225399076 100.69443729945591 1
1678225399628 100.63756670270648 1
1678225400179 100.58084324428013 1
1678225400730 100.52418954031808 1
1678225401281 100.46780940464565 1
1678225401835 100.41168866838727 1
1678225402409 100.35552760532924 1
1678225402986 100.29960196358817 1
1678225403538 100.24365561349052 1
1678225404090 100.18801443917411 1
1678225404641 100.13262830461774 1
1678225405192 100.07723454066685 1
1678225405743 100.02193341936383 1
1678225406294 99.96640450613839 1
1678225406845 99.91121019635882 1
1678225407419 99.85650852748326 1
1678225407995 99.80209350585938 1
1678225408551 99.74736022949219 1
1678225409108 99.69281114850726 1
1678225409660 99.63842337472099 1
1678225410212 99.58404867989677 1
1678225410763 99.52994210379464 1
1678225411314 99.47608511788505 1
1678225411865 99.42236764090401 1
1678225412439 99.36826978410993 1
1678225413014 99.3148694719587 1
1678225413565 99.26134926932198 1
1678225414115 99.20794677734375 1
1678225414666 99.15475899832589 1
1678225415217 99.10154506138393 1
1678225415768 99.04851967947823 1
1678225416319 98.99566977364677 1
1678225416870 98.94295392717633 1
1678225417444 98.89036669049945 1
1678225418019 98.83770751953125 1
1678225418642 98.78531319754464 1
1678225419195 98.73314448765346 1
1678225419747 98.68126133510044 1
1678225420299 98.62929207938058 1
1678225420850 98.57725306919643 1
1678225421402 98.52520206996373 1
1678225421955 98.47363717215401 1
1678225422535 98.42204938616071 1
1678225423108 98.3708724975586 1
1678225423660 98.31978934151786 1
1678225424212 98.2684827532087 1
1678225424765 98.21725027901786 1
1678225425318 98.16619219098773 1
1678225425869 98.11522456577846 1
1678225426421 98.06456756591797 1
1678225426973 98.01414053780692 1
1678225427553 97.96359034946987 1
1678225428122 97.9130107334682 1
1678225428674 97.86270141601562 1
1678225429225 97.81282261439732 1
1678225429776 97.76289367675781 1
1678225430333 97.71266719273159 1
1678225430885 97.66277749197823 1
1678225431437 97.61283111572266 1
1678225431988 97.56328691755023 1
1678225432568 97.51394653320312 1
1678225433143 97.46496255057198 1
1678225433695 97.41580527169364 1
1678225434246 97.36644417898995 1
1678225434797 97.31727382114956 1
1678225435348 97.26844460623605 1
1678225435898 97.21948787144252 1
1678225436450 97.17044394356864 1
1678225437000 97.12180546351841 1
1678225437579 97.07352992466518 1
1678225438153 97.02522931780133 1
1678225438714 96.976808820452 1
1678225439270 96.92853001185826 1
1678225439822 96.88040488106864 1
1678225440374 96.83270917619977 1
1678225440928 96.78500693184989 1
1678225441490 96.73723602294922 1
1678225442050 96.68962969098773 1
1678225442718 96.64200374058315 1
1678225443280 96.5946535382952 1
1678225443831 96.54712785993304 1
1678225444475 96.49970354352679 1
1678225445027 96.45274353027344 1
1678225445579 96.40581730433873 1
1678225446130 96.35891505650112 1
1678225446684 96.31215449741909 1
1678225447248 96.2654277256557 1
1678225447829 96.21881866455078 1
1678225448387 96.17233494349888 1
1678225448938 96.1256855555943 1
1678225449493 96.07933916364398 1
1678225450045 96.03338187081474 1
1678225450596 95.98751286097935 1
1678225451147 95.94150761195591 1
1678225451699 95.89536939348493 1
1678225452262 95.84935651506696 1
1678225452844 95.80335017613002 1
1678225453401 95.75772421700614 1
1678225453952 95.71251460484096 1
1678225454504 95.66719273158482 1
1678225455056 95.6219722202846 1
1678225455607 95.57669612339565 1
1678225456159 95.53132956368583 1
1678225456711 95.48607853480748 1
1678225457274 95.44126783098493 1
1678225457854 95.39671434674945 1
1678225458415 95.35205405099052 1
1678225458967 95.30727713448661 1
1678225459518 95.26268114362445 1
1678225460069 95.21820831298828 1
1678225460621 95.17387390136719 1
1678225461172 95.12972259521484 1
1678225461723 95.08572060721261 1
1678225462286 95.04164450509208 1
1678225462867 94.99767412458148 1
1678225463433 94.95380510602679 1
1678225463995 94.90997532435826 1
1678225464559 94.8663090297154 1
1678225465111 94.82274191720145 1
1678225465662 94.77906799316406 1
1678225466213 94.73571341378349 1
1678225466764 94.69246782575335 1
1678225467331 94.64916229248047 1
1678225467912 94.60604204450335 1
1678225468540 94.56292397635323 1
1678225469095 94.51993451799665 1
1678225469647 94.47704969133649 1
1678225470199 94.4342520577567 1
1678225470750 94.39166041782924 1
1678225471301 94.3490491594587 1
1678225471852 94.30643899100167 1
1678225472422 94.26395961216518 1
1678225473001 94.22166115897042 1
1678225473556 94.17923409598214 1
1678225474107 94.13732038225446 1
1678225474659 94.09534999302456 1
1678225475210 94.05347987583706 1
1678225475761 94.01150076729911 1
1678225476312 93.96940394810268 1
1678225476863 93.92757742745536 1
1678225477434 93.88604845319476 1
1678225478015 93.84471348353794 1
1678225478579 93.80342864990234 1
1678225479131 93.76202392578125 1
1678225479683 93.72062029157367 1
1678225480236 93.6793964930943 1
1678225480788 93.63811710902623 1
1678225481340 93.59721156529018 1
1678225481891 93.55618831089565 1
1678225482462 93.51515851702008 1
1678225483042 93.47439902169364 1
1678225483594 93.43407331194196 1
1678225484145 93.39373561314174 1
1678225484696 93.35309382847377 1
1678225485247 93.31234196254185 1
1678225485799 93.27183859688895 1
1678225486351 93.23162841796875 1
1678225486902 93.19171578543526 1
1678225487475 93.15176064627511 1
1678225488057 93.11143166678292 1
1678225488622 93.07154628208706 1
1678225489174 93.03170231410435 1
1678225489725 92.99173518589565 1
1678225490276 92.95199366978237 1
1678225490827 92.91241564069476 1
1678225491379 92.87302507672992 1
1678225491930 92.83370426722935 1
1678225492502 92.79441288539341 1
1678225493080 92.75501469203404 1
1678225493664 92.71579415457589 1
1678225494308 92.67674800327846 1
1678225494860 92.63775961739677 1
1678225495412 92.59901101248605 1
1678225495964 92.56015232631138 1
1678225496516 92.521238054548 1
1678225497068 92.48229871477399 1
1678225497649 92.44366455078125 1
1678225498220 92.40519278390067 1
1678225498777 92.36670793805804 1
1678225499331 92.32824816022601 1
1678225499883 92.29010227748326 1
1678225500434 92.25178527832031 1
1678225500986 92.21354239327567 1
1678225501537 92.1755872453962 1
1678225502089 92.13766915457589 1
1678225502672 92.09967367989677 1
1678225503246 92.06168801443917 1
1678225503804 92.02393341064453 1
1678225504362 91.9863030569894 1
1678225504918 91.94863019670758 1
1678225505470 91.91104343959263 1
1678225506022 91.87347957066127 1
1678225506573 91.83602251325335 1
1678225507124 91.79865482875279 1
1678225507706 91.76133401053292 1
1678225508277 91.72432381766183 1
1678225508829 91.68735831124442 1
1678225509380 91.65053885323661 1
1678225509932 91.61352975027901 1
1678225510484 91.57635062081474 1
1678225511036 91.5392314365932 1
1678225511587 91.50240652901786 1
1678225512139 91.46578543526786 1
1678225512722 91.42946951729911 1
1678225513291 91.3931394304548 1
1678225513842 91.35668836321149 1
1678225514394 91.32045418875558 1
1678225514944 91.2842777797154 1
1678225515496 91.24791935511998 1
1678225516047 91.21170043945312 1
1678225516598 91.17538452148438 1
1678225517149 91.13935089111328 1
1678225517810 91.1034436907087 1
1678225518375 91.06765420096261 1
1678225518932 91.03196825299945 1
1678225519483 90.99642181396484 1
1678225520131 90.96068572998047 1
1678225520700 90.92506953648159 1
1678225521261 90.88943263462612 1
1678225521825 90.8539069039481 1
1678225522399 90.81863621303013 1
1678225522990 90.78354208809989 1
1678225523575 90.74818965366909 1
1678225524129 90.71299416678292 1
1678225524682 90.67792510986328 1
1678225525238 90.64295741489956 1
1678225525797 90.60828617640904 1
1678225526358 90.57337406703404 1
1678225526919 90.5384020124163 1
1678225527500 90.50389753069196 1
1678225528096 90.4694072178432 1
1678225528667 90.43459756033761 1
1678225529229 90.39994267054966 1
1678225529798 90.36547197614398 1
1678225530353 90.33121054513114 1
1678225530908 90.29699053083148 1
1678225531457 90.2627934047154 1
1678225531991 90.22869764055524 1
1678225532559 90.19471086774554 1
1678225533139 90.16043744768415 1
1678225533705 90.12634713309151 1
1678225534263 90.09248461042132 1
1678225534822 90.05885423932757 1
1678225535382 90.02515520368304 1
1678225535939 89.99146815708706 1
1678225536491 89.95777893066406 1
1678225537043 89.92408861432757 1
1678225537618 89.89053453717914 1
1678225538194 89.85707528250558 1
1678225538742 89.82381548200335 1
1678225539276 89.7906973702567 1
1678225539810 89.75756508963448 1
1678225540345 89.72427804129464 1
1678225540881 89.69104330880302 1
1678225541416 89.65808977399554 1
1678225541951 89.62518092564174 1
1678225542516 89.5922372000558 1
1678225543096 89.55946568080357 1
1678225543677 89.5267105102539 1
1678225544321 89.49393463134766 1
1678225544876 89.46134185791016 1
1678225545412 89.42862156459263 1
1678225545947 89.39603315080915 1
1678225546481 89.36376081194196 1
1678225547016 89.33141544886998 1
1678225547583 89.2989251273019 1
1678225548163 89.2665045601981 1
1678225548714 89.23435865129743 1
1678225549249 89.2023173740932 1
1678225549785 89.17024775913784 1
1678225550328 89.13833182198661 1
1678225550871 89.10642787388393 1
1678225551413 89.0744389125279 1
1678225551958 89.04226793561664 1
1678225552524 89.01050676618304 1
1678225553106 88.97893742152623 1
1678225553650 88.94747924804688 1
1678225554184 88.91598074776786 1
1678225554718 88.88425554547992 1
1678225555252 88.85260336739677 1
1678225555785 88.82114846365792 1
1678225556319 88.7898930140904 1
1678225556855 88.75872039794922 1
1678225557407 88.72767748151507 1
1678225557995 88.69668361118862 1
1678225558565 88.66543143136161 1
1678225559121 88.63413565499442 1
1678225559674 88.60298810686383 1
1678225560228 88.57186998639789 1
1678225560780 88.54100908551898 1
1678225561322 88.51040867396763 1
1678225561866 88.47982897077289 1
1678225562420 88.44932883126395 1
1678225563005 88.4185812813895 1
1678225563567 88.38769422258649 1
1678225564122 88.35722133091518 1
1678225564677 88.32692609514508 1
1678225565233 88.29663957868304 1
1678225565788 88.26624952043805 1
1678225566343 88.23599788120815 1
1678225566899 88.20602308000836 1
1678225567468 88.17586735316685 1
1678225568057 88.14563751220703 1
1678225568621 88.1155275617327 1
1678225569174 88.08551025390625 1
1678225569797 88.05538722446987 1
1678225570333 88.02530997140067 1
1678225570869 87.99557495117188 1
1678225571405 87.96584647042411 1
1678225571940 87.93629891531808 1
1678225572498 87.90672520228794 1
1678225573081 87.87707955496651 1
1678225573640 87.8474622453962 1
1678225574194 87.81799861363002 1
1678225574748 87.78843252999442 1
1678225575302 87.75889369419643 1
1678225575856 87.7296633039202 1
1678225576409 87.70034572056362 1
1678225576954 87.67105211530414 1
1678225577515 87.64191654750279 1
1678225578097 87.61286381312779 1
1678225578652 87.58382633754185 1
1678225579199 87.55478777204242 1
1678225579761 87.5259268624442 1
1678225580315 87.49705723353794 1
1678225580860 87.46830095563617 1
1678225581402 87.43954794747489 1
1678225581947 87.41058894566127 1
1678225582510 87.38185555594308 1
1678225583094 87.35333142961774 1
1678225583657 87.32481166294643 1
1678225584208 87.2963126046317 1
1678225584765 87.2678724016462 1
1678225585329 87.23942347935268 1
1678225585900 87.21092878069196 1
1678225586473 87.18260410853794 1
1678225587040 87.15432412283761 1
1678225587617 87.12617710658482 1
1678225588205 87.09801483154297 1
1678225588785 87.06983838762555 1
1678225589346 87.0417240687779 1
1678225589904 87.01355634416852 1
1678225590467 86.98571341378349 1
1678225591025 86.9577865600586 1
1678225591587 86.92986733572823 1
1678225592152 86.90218789236886 1
1678225592734 86.87430572509766 1
1678225593317 86.84659467424665 1
1678225593883 86.81899697440011 1
1678225594441 86.79136657714844 1
1678225595007 86.76386369977679 1
1678225595653 86.73637063162667 1
1678225596219 86.70865086146763 1
1678225596786 86.68105861118862 1
1678225597359 86.65375082833427 1
1678225597945 86.62642342703683 1
1678225598519 86.59933035714286 1
1678225599088 86.57200949532645 1
1678225599655 86.54455239432198 1
1678225600226 86.51738848005023 1
1678225600798 86.49054827008929 1
1678225601369 86.46336473737445 1
1678225601935 86.43624332972935 1
1678225602517 86.40922328404018 1
1678225603107 86.38228934151786 1
1678225603677 86.35525403703961 1
1678225604241 86.3285151890346 1
1678225604807 86.30176326206752 1
1678225605376 86.27516174316406 1
1678225605943 86.2486103602818 1
1678225606507 86.22202954973493 1
1678225607064 86.19524710518974 1
1678225607636 86.1685060773577 1
1678225608216 86.14190564836774 1
1678225608797 86.11525072370257 1
1678225609351 86.08889552525112 1
1678225609903 86.0625970023019 1
1678225610454 86.03622545514789 1
1678225611006 86.01002938406808 1
1678225611558 85.9838376726423 1
1678225612109 85.95751190185547 1
1678225612681 85.93128531319755 1
1678225613262 85.90496717180524 1
1678225613848 85.87888881138393 1
1678225614403 85.85293252127511 1
1678225614954 85.82699475969586 1
1678225615505 85.80114310128349 1
1678225616056 85.77510397774833 1
1678225616609 85.74906158447266 1
1678225617161 85.72296251569476 1
1678225617737 85.69701712472099 1
1678225618315 85.67113494873047 1
1678225618886 85.64535740443638 1
1678225619446 85.61952645438058 1
1678225620095 85.59384373256138 1
1678225620650 85.56827218191964 1
1678225621204 85.54264831542969 1
1678225621757 85.51702008928571 1
1678225622310 85.49159567696708 1
1678225622894 85.4659903390067 1
1678225623463 85.44040788922992 1
1678225624015 85.41472952706474 1
1678225624567 85.38924734933036 1
1678225625120 85.36412157331195 1
1678225625671 83.90264238630023 1
1678225626223 81.11153738839286 1
1678225626775 80.57559313092914 1
1678225627327 80.10487474714007 1
1678225627990 80.38442012241909 1
1678225628559 80.2164557320731 1
1678225629111 80.03894914899554 1
1678225629663 80.07528359549386 1
1678225630214 80.12213134765625 1
1678225630766 80.08089229038784 1
1678225631317 80.04649571010044 1
1678225631869 80.06274741036552 1
