1678281027535 26.840279592576916 1
1678281028228 22.486520950159548 1
1678281028826 19.80006065634592 1
1678281029424 16.634848000092717 1
1678281030025 12.905644954510972 1
1678281030645 8.612953445232067 1
1678281031263 4.07941369635801 1
1678281031857 1.2256771533524662 1
1678281032434 2.4892691964901097 1
1678281033013 2.1468517842408854 1
1678281033589 1.0126429112140052 1
1678281034167 0.8167223732256018 1
1678281034745 0.9629089389099569 1
1678281035341 0.8208323382103494 1
1678281035960 0.6979442650625803 1
1678281036570 0.7075563150626296 1
1678281037169 0.7068338427186778 1
1678281037764 0.6899240908321885 1
1678281038360 0.6877954950296111 1
1678281038955 0.6878031149141148 1
1678281039550 0.6848397495307977 1
1678281040146 0.6832730845176268 1
1678281040764 0.6824079824854166 1
1678281041380 0.6812547551060382 1
1678281041978 0.6801821845595004 1
1678281042573 0.6791019391579534 1
1678281043168 0.6779369335805474 1
1678281043763 0.6767788586698857 1
1678281044358 0.675624366145935 1
1678281044954 0.6744504183579372 1
1678281045562 0.6732528537068315 1
1678281046180 0.6720289009725479 1
1678281046775 0.670783147426797 1
1678281047361 0.6695206730498842 1
1678281047948 0.6682407586981309 1
1678281048533 0.6669407218094258 1
1678281049120 0.6656207546966075 1
1678281049706 0.6642821101085025 1
1678281050298 0.6629250152784687 1
1678281050915 0.6615500034393027 1
1678281051525 0.6601566595235863 1
1678281052132 0.6587455005807484 1
1678281052734 0.6573168523118913 1
1678281053329 0.6558710288566546 1
1678281053924 0.654408176610113 1
1678281054519 0.6529288005712799 1
1678281055114 0.6514323306766951 1
1678281055730 0.649919317027321 1
1678281056347 0.6483903037145258 1
1678281057023 0.646844802109463 1
1678281057620 0.6452835811493893 1
1678281058217 0.6437068538518548 1
1678281058818 0.6421144794667468 1
1678281059414 0.6405066902623351 1
1678281060010 0.6388836464146862 1
1678281060618 0.6372457391249778 1
1678281061231 0.6355925755001057 1
1678281061832 0.6339249596406525 1
1678281062434 0.632242760353333 1
1678281063040 0.6305458642951596 1
1678281063637 0.6288347279752229 1
1678281064236 0.627109543726789 1
1678281064832 0.6253704505866691 1
1678281065433 0.6236178339798331 1
1678281066046 0.6218511242743491 1
1678281066655 0.6200709562800946 1
1678281067257 0.6182780297420426 1
1678281067855 0.6164715358150539 1
1678281068452 0.6146522276304902 1
1678281069050 0.6128199459036808 1
1678281069645 0.6109748247736099 1
1678281070242 0.6091171669369845 1
1678281070864 0.6072467661944645 1
1678281071479 0.6053641057447938 1
1678281072087 0.6034692436945504 1
1678281072689 0.601562369068818 1
1678281073284 0.5996435341173536 1
1678281073879 0.5977124277705386 1
1678281074475 0.5957697525106971 1
1678281075070 0.5938157066758678 1
1678281075685 0.5918504150286504 1
1678281076304 0.5898735522461833 1
1678281076906 0.5878854433617996 1
1678281077502 0.5858862754592281 1
1678281078097 0.5838762156736971 1
1678281078692 0.5818553523442553 1
1678281079287 0.5798241378980687 1
1678281079881 0.577782382110894 1
1678281080488 0.5757301392176003 1
1678281081110 0.5736678161732807 1
1678281081814 0.5715951213840031 1
1678281082425 0.5695126032033384 1
1678281083023 0.5674198683490905 1
1678281083620 0.5653179669170447 1
1678281084218 0.5632062066482989 1
1678281084815 0.5610851932851555 1
1678281085419 0.5589542692702344 1
1678281086041 0.5568148959227446 1
1678281086653 0.5546665034167528 1
1678281087256 0.5525091252439526 1
1678281087853 0.5503434254669721 1
1678281088452 0.5481686181004952 1
1678281089048 0.545985592426943 1
1678281089644 0.5437946487599089 1
1678281090239 0.5415952900959654 1
1678281090862 0.5393874253381187 1
1678281091477 0.537172047315047 1
1678281092082 0.5349487900990006 1
1678281092678 0.5327179766177357 1
1678281093275 0.5304791664370527 1
1678281093872 0.528233380212985 1
1678281094468 0.5259803201586618 1
1678281095066 0.5237198293952698 1
1678281095681 0.521452754303476 1
1678281096300 0.5191790106789353 1
1678281096950 0.5168985393486453 1
1678281097547 0.5146115569800378 1
1678281098143 0.5123186993660394 1
1678281098738 0.5100194093639895 1
1678281099333 0.5077143857303619 1
1678281099928 0.5054033394182085 1
1678281100537 0.5030868771384436 1
1678281101159 0.5007649492365754 1
1678281101757 0.49843779750529804 1
1678281102352 0.4961055200680233 1
1678281102949 0.4937684258339212 1
1678281103544 0.49142659985791964 1
1678281104140 0.48908037895557216 1
1678281104736 0.4867302484516499 1
1678281105336 0.4843756086811513 1
1678281105958 0.48201754621849247 1
1678281106573 0.4796556843874592 1
1678281107178 0.4772902633779728 1
1678281107775 0.47492145412359094 1
1678281108373 0.4725494286575218 1
1678281108970 0.47017427186519756 1
1678281109565 0.46779674832596074 1
1678281110232 0.46541633694291445 1
1678281110855 0.4630340091968579 1
1678281111464 0.4606492663071698 1
1678281112060 0.4582627441287752 1
1678281112656 0.455874996078762 1
1678281113257 0.453485488782155 1
1678281113854 0.4510946473108896 1
1678281114457 0.44870314299182734 1
1678281115061 0.4463109651695948 1
1678281115678 0.4439181581024896 1
1678281116298 0.4415250177145778 1
1678281116894 0.4391321226926603 1
1678281117490 0.4367392211764352 1
1678281118087 0.4343470629130452 1
1678281118682 0.43195523643071243 1
1678281119276 0.42956452777461085 1
1678281119871 0.4271753170011518 1
1678281120478 0.4247876669695139 1
1678281121101 0.4224016772205231 1
1678281121700 0.42001806279107967 1
1678281122295 0.4176369051285827 1
1678281122890 0.415258446421081 1
1678281123485 0.4128829550104815 1
1678281124081 0.4105109957818199 1
1678281124677 0.4081425025339845 1
1678281125274 0.4057782074553859 1
1678281125895 0.40341799175664605 1
1678281126506 0.40106238392461957 1
1678281127101 0.3987116578353254 1
1678281127696 0.3963661648489621 1
1678281128291 0.39402620776578273 1
1678281128885 0.3916920787324788 1
1678281129480 0.38936379781982516 1
1678281130076 0.38704228319510753 1
1678281130688 0.38472767809440567 1
1678281131305 0.38241981852028734 1
1678281131900 0.3801199669742422 1
1678281132495 0.3778277696613472 1
1678281133090 0.3755438627250169 1
1678281133685 0.3732687661847526 1
1678281134280 0.37100232080766327 1
1678281134875 0.3687454567991902 1
1678281135477 0.3664980767200898 1
1678281136099 0.36426099602700823 1
1678281136700 0.36203398670037334 1
1678281137295 0.35981799449079765 1
1678281137890 0.3576132748022131 1
1678281138579 0.35542002692833174 1
1678281139177 0.3532386920482599 1
1678281139772 0.3510701349613232 1
1678281140371 0.34891391822598594 1
1678281140993 0.3467711237901951 1
1678281141599 0.34464167928070866 1
1678281142195 0.3425263230995144 1
1678281142790 0.34042532412869614 1
1678281143385 0.3383391338653042 1
1678281143980 0.33626795512642 1
1678281144576 0.33421218324229157 1
1678281145171 0.33217244071440866 1
1678281145787 0.33014870064043683 1
1678281146402 0.32814174726137657 1
1678281146997 0.32615199978906817 1
1678281147592 0.32417926613567194 1
