1678281027538 0.7787931220872062 1
1678281028229 0.6593993306159973 1
1678281028828 0.5849056584494454 1
1678281029425 0.49708405988557 1
1678281030027 0.3933814082826887 1
1678281030647 0.2733201490981238 1
1678281031265 0.1439856801714216 1
1678281031859 0.05365927943161556 1
1678281032436 0.0693601912685803 1
1678281033015 0.06268541089126042 1
1678281033591 0.04622630136353629 1
1678281034168 0.05131882269467626 1
1678281034747 0.05808591789432934 1
1678281035343 0.05182628759316036 1
1678281035962 0.04505409938948495 1
1678281036572 0.04364213028124401 1
1678281037170 0.043616726462330134 1
1678281037766 0.043999853410891125 1
1678281038361 0.04456064796873501 1
1678281038957 0.044648434434618266 1
1678281039552 0.0442944099860532 1
1678281040147 0.04398792343480246 1
1678281040766 0.04387453943490982 1
1678281041381 0.04387989587017468 1
1678281041979 0.0438974281506879 1
1678281042574 0.043853486222880225 1
1678281043170 0.04376071904386793 1
1678281043765 0.04366683800305639 1
1678281044360 0.043594732348408015 1
1678281044956 0.043536369289670675 1
1678281045564 0.04347490519285202 1
1678281046181 0.04340355683650289 1
1678281046777 0.043326707290751595 1
1678281047363 0.04325060759271894 1
1678281047950 0.043176595121622086 1
1678281048535 0.043102266533034186 1
1678281049122 0.04302561442766871 1
1678281049707 0.042946879885026386 1
1678281050300 0.042867151754243035 1
1678281050916 0.042786870151758194 1
1678281051526 0.042705663080726354 1
1678281052134 0.042623307023729594 1
1678281052735 0.042539765260049274 1
1678281053331 0.04245519371969359 1
1678281053926 0.04236972704529762 1
1678281054521 0.04228334501385689 1
1678281055116 0.042195922029869895 1
1678281055731 0.0421074740588665 1
1678281056348 0.042018050593989234 1
1678281057024 0.04192775434681347 1
1678281057622 0.04183652464832578 1
1678281058219 0.04174430189388139 1
1678281058819 0.04165122551577432 1
1678281059415 0.041557198124272485 1
1678281060011 0.04146228251712663 1
1678281060619 0.04136643931269646 1
1678281061233 0.041269696184567044 1
1678281061834 0.04117204302123615 1
1678281062435 0.04107346066406795 1
1678281063042 0.04097401510391917 1
1678281063639 0.040873680263757706 1
1678281064237 0.040772423680339544 1
1678281064833 0.040670356048004966 1
1678281065435 0.04056743053453309 1
1678281066047 0.040463614144495556 1
1678281066657 0.040358931358371465 1
1678281067259 0.0402535226728235 1
1678281067856 0.04014734444873674 1
1678281068454 0.040040257786001475 1
1678281069052 0.039932308452469964 1
1678281069647 0.03982357042176383 1
1678281070243 0.03971411074910845 1
1678281070865 0.03960375860333443 1
1678281071481 0.039492604455777576 1
1678281072088 0.039380681834050586 1
1678281072691 0.03926800351057734 1
1678281073286 0.039154513606003354 1
1678281073881 0.039040225957121165 1
1678281074477 0.038925187928336005 1
1678281075072 0.03880939366562026 1
1678281075687 0.03869285061955452 1
1678281076306 0.038575531116553714 1
1678281076907 0.038457496889999936 1
1678281077503 0.03833878945027079 1
1678281078099 0.03821936249732971 1
1678281078693 0.03809924157602446 1
1678281079289 0.037978491612843106 1
1678281079883 0.03785707854798862 1
1678281080490 0.037734953952687125 1
1678281081112 0.03761213618729796 1
1678281081816 0.03748861780124051 1
1678281082427 0.03736436526690211 1
1678281083025 0.03723945442054953 1
1678281083622 0.03711403799908502 1
1678281084220 0.03698797018400261 1
1678281084816 0.036861268005200794 1
1678281085420 0.03673399718744414 1
1678281086043 0.03660606619502817 1
1678281086655 0.036477484341178625 1
1678281087258 0.03634822288794177 1
1678281087855 0.03621840264116015 1
1678281088453 0.03608804542039122 1
1678281089050 0.035957089226160734 1
1678281089646 0.03582555108836719 1
1678281090241 0.03569338231214455 1
1678281090863 0.03556066671652453 1
1678281091479 0.035427446610161235 1
1678281092084 0.03529366611370018 1
1678281092680 0.03515930154493877 1
1678281093277 0.035024313788328855 1
1678281093873 0.034888749143907 1
1678281094470 0.03475263901054859 1
1678281095067 0.034615934427295415 1
1678281095683 0.034478726397667615 1
1678281096302 0.03434094626988683 1
1678281096952 0.03420258206980569 1
1678281097548 0.03406367903309209 1
1678281098144 0.03392422279076917 1
1678281098740 0.0337841659784317 1
1678281099335 0.033643604655350955 1
1678281099930 0.03350250023816313 1
1678281100538 0.03336093894072941 1
1678281101161 0.03321891384465354 1
1678281101758 0.033076364014829905 1
1678281102353 0.032933353047285764 1
1678281102950 0.032789798985634534 1
1678281103546 0.03264571300574711 1
1678281104142 0.032501322616423876 1
1678281104737 0.032356408291629384 1
1678281105337 0.03221111212457929 1
1678281105960 0.03206544183194637 1
1678281106575 0.031919319714818685 1
1678281107179 0.031772767060569355 1
1678281107776 0.0316259286233357 1
1678281108375 0.031478592061570713 1
1678281108972 0.03133095109036991 1
1678281109567 0.031182946903365 1
1678281110234 0.03103477241737502 1
1678281110856 0.030886238973055567 1
1678281111465 0.0307373401841947 1
1678281112061 0.030588174238801003 1
1678281112657 0.030438718252948353 1
1678281113259 0.030288864193218096 1
1678281113855 0.030138917001230375 1
1678281114459 0.029988724472267286 1
1678281115063 0.0298381865556751 1
1678281115680 0.02968726945774896 1
1678281116299 0.02953599233712469 1
1678281116896 0.02938439989728587 1
1678281117492 0.02923256079001086 1
1678281118088 0.029080827587417195 1
1678281118683 0.028928966660584723 1
1678281119278 0.02877689472266606 1
1678281119873 0.028624800965189934 1
1678281120480 0.028472430471863066 1
1678281121103 0.028319898194500377 1
1678281121702 0.028167199343442917 1
1678281122297 0.028014412681971277 1
1678281122891 0.027861656355006353 1
1678281123487 0.027708664536476135 1
1678281124083 0.027555698794978007 1
1678281124679 0.027402713894844055 1
1678281125275 0.027249989498938833 1
1678281125897 0.027097240888646672 1
1678281126508 0.026944765022822788 1
1678281127102 0.026792398786970546 1
1678281127697 0.02663980850151607 1
1678281128292 0.026487348335129873 1
1678281128887 0.02633507310279778 1
1678281129482 0.02618290563779218 1
1678281130077 0.026031175362212316 1
1678281130689 0.02587951027921268 1
1678281131307 0.0257277318409511 1
1678281131902 0.02557597149695669 1
1678281132497 0.025424175496612276 1
1678281133092 0.025272630421178683 1
1678281133687 0.02512130221085889 1
1678281134281 0.024970453498618945 1
1678281134876 0.024819602923733846 1
1678281135479 0.024668791996581212 1
1678281136101 0.02451818622648716 1
1678281136701 0.024367854797414372 1
1678281137296 0.024217927562338964 1
1678281137891 0.02406830819589751 1
1678281138581 0.02391887695661613 1
1678281139178 0.02376950558807169 1
1678281139774 0.023620424259986197 1
1678281140372 0.02347174659371376 1
1678281140995 0.023323403671383858 1
1678281141601 0.023175555414387157 1
1678281142196 0.02302795515528747 1
1678281142792 0.022881090907113894 1
1678281143387 0.022734814722623144 1
1678281143982 0.022589136447225298 1
1678281144578 0.022444084552781924 1
1678281145173 0.022299365007451603 1
1678281145789 0.022155228736145154 1
1678281146403 0.022012059443763325 1
1678281146999 0.021869460652981485 1
1678281147594 0.021727262064814568 1
