1678281027532 720.4006086077009 1
1678281028226 505.6436244419643 1
1678281028825 392.0424019949777 1
1678281029422 276.71816798618863 1
1678281030024 166.55567169189453 1
1678281030643 74.18296704973493 1
1678281031261 16.641616106033325 1
1678281031856 1.502284484250205 1
1678281032433 6.196461132594517 1
1678281033012 4.608972583498273 1
1678281033588 1.0254456656319755 1
1678281034165 0.6670354349272591 1
1678281034743 0.9271936246326992 1
1678281035339 0.6737657274518695 1
1678281035958 0.48712619713374544 1
1678281036569 0.5006359389850071 1
1678281037167 0.4996140812124525 1
1678281037763 0.47599525111062185 1
1678281038358 0.47306264298302786 1
1678281038953 0.4730731248855591 1
1678281039549 0.4690054825374058 1
1678281040144 0.466862108026232 1
1678281040763 0.4656806545598166 1
1678281041378 0.4641080413545881 1
1678281041976 0.4626478041921343 1
1678281042571 0.46117944376809256 1
1678281043166 0.4595984859125955 1
1678281043761 0.45802962354251314 1
1678281044357 0.45646828413009644 1
1678281044953 0.4548833668231964 1
1678281045560 0.4532694050243923 1
1678281046178 0.4516228437423706 1
1678281046774 0.4499500308718 1
1678281047359 0.44825793164116995 1
1678281047946 0.4465457115854536 1
1678281048532 0.4448099264076778 1
1678281049118 0.4430509890828814 1
1678281049704 0.44127072181020466 1
1678281050296 0.439469575881958 1
1678281050913 0.4376484070505415 1
1678281051523 0.43580681511334013 1
1678281052131 0.43394563453538076 1
1678281052732 0.4320654443332127 1
1678281053327 0.43016680649348665 1
1678281053923 0.4282500616141728 1
1678281054517 0.42631601861545015 1
1678281055112 0.42436408145087107 1
1678281055728 0.4223951186452593 1
1678281056345 0.4204099859510149 1
1678281057021 0.41840819801603046 1
1678281057618 0.4163909001009805 1
1678281058216 0.4143585136958531 1
1678281058816 0.41231100474085125 1
1678281059412 0.41024882027081083 1
1678281060008 0.4081723136561258 1
1678281060616 0.40608213203293936 1
1678281061229 0.40397792203085764 1
1678281061829 0.4018608544554029 1
1678281062432 0.3997309080192021 1
1678281063038 0.3975880869797298 1
1678281063636 0.39543311510767254 1
1678281064234 0.39326637983322144 1
1678281064830 0.39108820046697346 1
1678281065431 0.3888992028576987 1
1678281066044 0.3866988207612719 1
1678281066653 0.3844879908221109 1
1678281067256 0.3822677220617022 1
1678281067853 0.3800371544701712 1
1678281068450 0.377797360931124 1
1678281069049 0.3755482860973903 1
1678281069643 0.37329023650714327 1
1678281070240 0.37102372305733816 1
1678281070862 0.36874863505363464 1
1678281071477 0.3664657005241939 1
1678281072085 0.36417512808527264 1
1678281072688 0.3618772838796888 1
1678281073283 0.3595723680087498 1
1678281073878 0.3572601463113512 1
1678281074473 0.3549415980066572 1
1678281075068 0.35261709349496023 1
1678281075683 0.35028691376958576 1
1678281076303 0.34795080763953073 1
1678281076904 0.34560929451669964 1
1678281077500 0.34326272777148653 1
1678281078095 0.3409114352294377 1
1678281078690 0.3385556510516575 1
1678281079285 0.3361960308892386 1
1678281079880 0.33383248107773916 1
1678281080486 0.33146519320351736 1
1678281081109 0.32909476331302095 1
1678281081813 0.3267209827899933 1
1678281082423 0.32434460520744324 1
1678281083021 0.3219653069972992 1
1678281083619 0.31958440371922087 1
1678281084216 0.3172012312071664 1
1678281084813 0.31481659412384033 1
1678281085417 0.31242987513542175 1
1678281086039 0.3100428283214569 1
1678281086652 0.3076549300125667 1
1678281087254 0.3052663334778377 1
1678281087852 0.30287788595472065 1
1678281088450 0.3004888338702066 1
1678281089046 0.29810026713779997 1
1678281089642 0.2957126200199127 1
1678281090237 0.293325458254133 1
1678281090860 0.2909387946128845 1
1678281091476 0.2885538084166391 1
1678281092081 0.2861702080283846 1
1678281092677 0.28378844261169434 1
1678281093273 0.2814081460237503 1
1678281093870 0.2790305039712361 1
1678281094466 0.2766552971942084 1
1678281095063 0.2742824597018106 1
1678281095679 0.27191297497068134 1
1678281096299 0.269546845129558 1
1678281096948 0.26718409998076303 1
1678281097545 0.26482505457741873 1
1678281098141 0.2624704497201102 1
1678281098736 0.26011979792799267 1
1678281099332 0.2577738974775587 1
1678281099927 0.2554325354950769 1
1678281100535 0.2530964059489114 1
1678281101157 0.25076553438391 1
1678281101755 0.24844023798193252 1
1678281102350 0.24612068704196385 1
1678281102947 0.24380725835050857 1
1678281103543 0.24150010304791586 1
1678281104138 0.23919961707932608 1
1678281104734 0.23690633475780487 1
1678281105334 0.2346197302852358 1
1678281105956 0.2323409148624965 1
1678281106571 0.23006957556520188 1
1678281107176 0.22780599551541464 1
1678281107773 0.2255503875868661 1
1678281108372 0.2233029625245503 1
1678281108968 0.22106384592396872 1
1678281109563 0.21883379774434225 1
1678281110231 0.21661236669336045 1
1678281110853 0.21440049367291586 1
1678281111462 0.21219774654933385 1
1678281112058 0.2100047426564353 1
1678281112654 0.20782201204981124 1
1678281113255 0.20564908853599004 1
1678281113852 0.20348638083253587 1
1678281114455 0.20133451053074428 1
1678281115060 0.19919347763061523 1
1678281115676 0.19706333109310695 1
1678281116296 0.19494434126785823 1
1678281116893 0.19283702118056162 1
1678281117488 0.19074114731379918 1
1678281118085 0.18865737106118882 1
1678281118680 0.18658532627991267 1
1678281119275 0.18452568352222443 1
1678281119869 0.18247875145503453 1
1678281120476 0.18044456200940268 1
1678281121099 0.17842317691871099 1
1678281121699 0.17641517307077134 1
1678281122293 0.1744205845253808 1
1678281122888 0.17243957732404983 1
1678281123483 0.1704723345381873 1
1678281124080 0.16851927765778132 1
1678281124676 0.16658030237470353 1
1678281125272 0.16465595364570618 1
1678281125893 0.16274607607296535 1
1678281126504 0.16085103579929896 1
1678281127099 0.1589709860937936 1
1678281127694 0.1571061366370746 1
1678281128289 0.15525665240628378 1
1678281128884 0.15342268454177038 1
1678281129478 0.1516041670526777 1
1678281130074 0.14980172898088182 1
1678281130686 0.14801538629191263 1
1678281131303 0.1462449175970895 1
1678281131898 0.144491189292499 1
1678281132494 0.142753823527268 1
1678281133088 0.14103319283042634 1
1678281133683 0.13932957180908748 1
1678281134278 0.1376427220446723 1
1678281134873 0.13597321191004344 1
1678281135475 0.13432084023952484 1
1678281136097 0.13268607322658812 1
1678281136698 0.1310686075261661 1
1678281137293 0.12946898915937968 1
1678281137888 0.1278872543147632 1
1678281138578 0.12632339554173605 1
1678281139175 0.12477757355996541 1
1678281139771 0.1232502396617617 1
1678281140369 0.12174092233181 1
1678281140991 0.12025021229471479 1
1678281141598 0.11877788709742683 1
1678281142193 0.11732428201607295 1
1678281142788 0.11588940130812782 1
1678281143383 0.11447336950472423 1
1678281143978 0.113076137644904 1
1678281144574 0.11169778342757906 1
1678281145170 0.11033853037016732 1
1678281145785 0.10899816453456879 1
1678281146400 0.10767700629574913 1
1678281146995 0.10637512696640831 1
1678281147590 0.10509219659226281 1
