1678280755944 0.9999999914850507 1
1678280756579 0.9999999914850507 1
1678280757195 0.9999999914850507 1
1678280757810 0.9999999914850507 1
1678280758424 0.9999999914850507 1
1678280759039 0.9999999914850507 1
1678280759654 0.9999999914850507 1
1678280760295 0.9999999914850507 1
1678280760936 0.9999999914850507 1
1678280761565 0.9999999914850507 1
1678280762192 0.9999999914850507 1
1678280762821 0.9999999914850507 1
1678280763446 0.9999999914850507 1
1678280764070 0.9999999914850507 1
1678280764694 0.9999999914850507 1
1678280765336 0.9999999914850507 1
1678280765971 0.9999999914850507 1
1678280766599 0.9999999914850507 1
1678280767227 0.9999999914850507 1
