1678282300178 160.4701457895896 1
1678282300804 160.4701457895896 1
1678282301416 160.4701457895896 1
1678282302031 160.4701457895896 1
1678282302668 160.4701457895896 1
1678282303289 160.4701457895896 1
1678282303908 160.4701457895896 1
1678282304526 160.4701457895896 1
1678282305140 160.4701457895896 1
1678282305751 160.4701457895896 1
1678282306362 160.4701457895896 1
1678282306973 160.4701457895896 1
1678282307622 160.4701457895896 1
1678282308246 160.4701457895896 1
1678282308858 160.4701457895896 1
1678282309469 160.4701457895896 1
1678282310080 160.4701457895896 1
1678282310691 160.4701457895896 1
1678282311303 160.4701457895896 1
