1678282300181 0.9999999914850507 1
1678282300807 0.9999999914850507 1
1678282301419 0.9999999914850507 1
1678282302033 0.9999999914850507 1
1678282302670 0.9999999914850507 1
1678282303291 0.9999999914850507 1
1678282303910 0.9999999914850507 1
1678282304529 0.9999999914850507 1
1678282305142 0.9999999914850507 1
1678282305754 0.9999999914850507 1
1678282306364 0.9999999914850507 1
1678282306975 0.9999999914850507 1
1678282307625 0.9999999914850507 1
1678282308248 0.9999999914850507 1
1678282308860 0.9999999914850507 1
1678282309471 0.9999999914850507 1
1678282310082 0.9999999914850507 1
1678282310693 0.9999999914850507 1
1678282311305 0.9999999914850507 1
