1678282300175 25750.66768973214 1
1678282300802 25750.66768973214 1
1678282301414 25750.66768973214 1
1678282302029 25750.66768973214 1
1678282302665 25750.66768973214 1
1678282303287 25750.66768973214 1
1678282303905 25750.66768973214 1
1678282304524 25750.66768973214 1
1678282305138 25750.66768973214 1
1678282305749 25750.66768973214 1
1678282306360 25750.66768973214 1
1678282306971 25750.66768973214 1
1678282307620 25750.66768973214 1
1678282308244 25750.66768973214 1
1678282308855 25750.66768973214 1
1678282309467 25750.66768973214 1
1678282310078 25750.66768973214 1
1678282310689 25750.66768973214 1
1678282311300 25750.66768973214 1
