1678280699217 159.64501636443273 1
1678280699851 159.28883875458982 1
1678280700491 158.87594396004837 1
1678280701121 158.34370374481267 1
1678280701736 157.59118144347417 1
1678280702351 156.44144432416923 1
1678280702966 154.57086782703774 1
1678280703580 151.4224334377647 1
1678280704195 146.16117284922393 1
1678280704817 138.1423005487199 1
1678280705449 127.0453460374554 1
1678280706075 112.42961774066698 1
1678280706690 94.94520491517162 1
1678280707305 79.10566562330006 1
1678280707920 73.11709692870232 1
1678280708534 73.8644555828384 1
1678280709148 72.23711961929861 1
1678280709771 70.47203429153653 1
1678280710406 69.59419677794557 1
1678280711038 68.76087728481711 1
1678280711666 67.92503725714053 1
1678280712287 67.28139099912238 1
1678280712903 66.70747254345768 1
1678280713518 66.11763779102164 1
1678280714132 65.51373220282032 1
1678280714830 64.87714555270573 1
1678280715473 64.14310260353129 1
1678280716099 63.36873417091513 1
1678280716717 62.67515801717359 1
1678280717333 62.068799358410686 1
1678280717948 61.40994541997554 1
1678280718564 60.81406999285595 1
1678280719180 60.17519819856523 1
1678280719805 59.55992466513093 1
1678280720448 58.9139805816914 1
1678280721074 58.275763038819974 1
1678280721689 57.61573749688767 1
1678280722304 56.942808748708245 1
1678280722922 56.24528161014057 1
1678280723538 55.52133008410404 1
1678280724153 54.76813061060563 1
1678280724776 53.97268195671257 1
1678280725419 53.128727547798604 1
1678280726051 52.2246723232856 1
1678280726665 51.26495555686913 1
1678280727280 50.240963728654016 1
1678280727894 49.17193919091093 1
1678280728509 48.075192548052954 1
1678280729123 46.96599371278848 1
1678280729743 45.86279172444744 1
1678280730386 44.75116223457069 1
1678280731017 43.635472305904685 1
1678280731645 42.54383674261604 1
1678280732270 41.49362201890512 1
1678280732886 40.45704205294929 1
1678280733500 39.47595387966985 1
1678280734114 38.54137590885339 1
1678280734733 37.64908098992804 1
1678280735375 36.84042175117825 1
1678280736005 36.13890066952179 1
1678280736621 35.519202827924644 1
1678280737237 34.933306993469714 1
1678280737852 34.44337849566837 1
1678280738467 33.97990285127089 1
1678280739081 33.5642818740046 1
1678280739698 33.220565010135424 1
1678280740340 32.99543182328968 1
1678280740973 32.79343209252133 1
1678280741587 32.5641505014251 1
1678280742202 32.300173235719306 1
1678280742818 32.081135614976915 1
1678280743528 31.889274174993762 1
1678280744146 31.71903162810405 1
1678280744768 31.589062235017913 1
1678280745411 31.481466571841136 1
1678280746042 31.331234398818108 1
1678280746658 31.17548020572382 1
1678280747275 31.07273411505728 1
1678280747891 30.97344649140298 1
1678280748507 30.84755678988425 1
1678280749124 30.70807521549161 1
1678280749742 30.585034224255562 1
1678280750384 30.44214941732537 1
1678280751017 30.302670505650084 1
1678280751638 30.21488231107291 1
1678280752253 30.1467457034204 1
1678280752868 29.714368861993844 1
1678280753484 29.569773773163934 1
1678280754100 29.55197301764285 1
1678280754716 29.515146426582223 1
