1678280699228 0.9902073740959167 1
1678280699853 0.9859447649547032 1
1678280700493 0.9810212169374738 1
1678280701123 0.9746718406677246 1
1678280701738 0.9656886288097927 1
1678280702353 0.9520066976547241 1
1678280702967 0.9298922164099557 1
1678280703582 0.8927361794880458 1
1678280704197 0.8303705709321159 1
1678280704819 0.7351370368685041 1
1678280705451 0.6315328308514186 1
1678280706077 0.5601681300571987 1
1678280706692 0.5455146942819867 1
1678280707307 0.6218645828110831 1
1678280707922 0.7610300864492144 1
1678280708536 0.8395968505314418 1
1678280709150 0.8015174865722656 1
1678280709772 0.7301586440631321 1
1678280710408 0.682521573134831 1
1678280711040 0.6690804021699088 1
1678280711668 0.679541894367763 1
1678280712289 0.6880713616098676 1
1678280712905 0.6833079031535557 1
1678280713520 0.6748361161776951 1
1678280714134 0.662503753389631 1
1678280714832 0.6516727805137634 1
1678280715475 0.642030153955732 1
1678280716101 0.6291660581316266 1
1678280716718 0.6164115411894662 1
1678280717335 0.612891674041748 1
1678280717950 0.6088420408112662 1
1678280718566 0.6003443087850299 1
1678280719182 0.5934130293982369 1
1678280719807 0.5837648596082415 1
1678280720449 0.5755382095064435 1
1678280721076 0.5661462800843375 1
1678280721691 0.5570282638072968 1
1678280722306 0.5468204702649798 1
1678280722924 0.5379102400371006 1
1678280723540 0.5273435371262687 1
1678280724155 0.5168771062578473 1
1678280724778 0.505674306835447 1
1678280725421 0.49379876255989075 1
1678280726052 0.4810151032039097 1
1678280726667 0.46909930450575693 1
1678280727282 0.45535063317843844 1
1678280727896 0.4414355031081608 1
1678280728511 0.42690188544137136 1
1678280729125 0.4126554642404829 1
1678280729745 0.3983843667166574 1
1678280730388 0.3835565873554775 1
1678280731019 0.3689022149358477 1
1678280731647 0.3541351301329477 1
1678280732272 0.3391032006059374 1
1678280732888 0.32467420612062725 1
1678280733502 0.3108759607587542 1
1678280734116 0.2972483890397208 1
1678280734735 0.28392189741134644 1
1678280735377 0.2711748949119023 1
1678280736007 0.2579732728855951 1
1678280736623 0.24736260303429194 1
1678280737239 0.23775611179215567 1
1678280737854 0.22902436341558183 1
1678280738469 0.22095316222735814 1
1678280739083 0.21426604049546377 1
1678280739700 0.20880780475480215 1
1678280740342 0.20424469241074153 1
1678280740975 0.20041408283369883 1
1678280741589 0.19648077871118272 1
1678280742203 0.19300512756620133 1
1678280742820 0.1902321300336293 1
1678280743530 0.18768457642623357 1
1678280744148 0.18560350579874857 1
1678280744770 0.1839440358536584 1
1678280745413 0.18233806320599147 1
1678280746044 0.18078096636704036 1
1678280746660 0.17940836931977952 1
1678280747277 0.17832055262156896 1
1678280747892 0.17722886162144796 1
1678280748509 0.17615378541605814 1
1678280749125 0.17501757613250188 1
1678280749744 0.1740591206720897 1
1678280750386 0.17297430762222835 1
1678280751019 0.172146133014134 1
1678280751640 0.17165533559662954 1
1678280752255 0.1712490086044584 1
1678280752870 0.16720806913716452 1
1678280753486 0.16956618428230286 1
1678280754101 0.17017926275730133 1
1678280754718 0.16861102623598917 1
