1678280699214 25486.53125 1
1678280699849 25372.934151785714 1
1678280700489 25241.565569196428 1
1678280701119 25072.728515625 1
1678280701734 24834.98046875 1
1678280702349 24473.92550223214 1
1678280702964 23892.153180803572 1
1678280703578 22928.753348214286 1
1678280704193 21363.088448660714 1
1678280704815 19083.29520089286 1
1678280705447 16140.519949776786 1
1678280706073 12640.4189453125 1
1678280706688 9014.59193638393 1
1678280707303 6257.706333705357 1
1678280707918 5346.10986328125 1
1678280708532 5455.957798549107 1
1678280709146 5218.201450892857 1
1678280709768 4966.3076171875 1
1678280710404 4843.35222516741 1
1678280711036 4728.058244977678 1
1678280711664 4613.810686383928 1
1678280712285 4526.785574776785 1
1678280712901 4449.88689313616 1
1678280713516 4371.542027064732 1
1678280714130 4292.049107142857 1
1678280714828 4209.044015066965 1
1678280715471 4114.337611607143 1
1678280716097 4015.5964704241073 1
1678280716715 3928.1754324776784 1
1678280717331 3852.5358537946427 1
1678280717946 3771.181396484375 1
1678280718562 3698.3511090959823 1
1678280719178 3621.0544782366073 1
1678280719803 3547.3846261160716 1
1678280720445 3470.857107979911 1
1678280721072 3396.0645577566966 1
1678280721687 3319.5732073102677 1
1678280722302 3242.483468191964 1
1678280722920 3163.5317034040177 1
1678280723536 3082.618094308036 1
1678280724151 2999.5481305803573 1
1678280724774 2913.0503976004466 1
1678280725417 2822.661690848214 1
1678280726049 2727.4163992745534 1
1678280726663 2628.0956682477677 1
1678280727278 2524.1544363839284 1
1678280727892 2417.8796037946427 1
1678280728507 2311.224138532366 1
1678280729121 2205.8045654296875 1
1678280729741 2103.395664760045 1
1678280730384 2002.6665213448662 1
1678280731015 1904.054443359375 1
1678280731643 1809.9780447823662 1
1678280732268 1721.720668247768 1
1678280732884 1636.772251674107 1
1678280733498 1558.3509347098213 1
1678280734112 1485.4376569475446 1
1678280734731 1417.4532993861608 1
1678280735373 1357.2166748046875 1
1678280736003 1306.0201416015625 1
1678280736619 1261.61376953125 1
1678280737234 1220.3359375 1
1678280737850 1186.3463221958705 1
1678280738465 1154.633797781808 1
1678280739079 1126.5610177176338 1
1678280739696 1103.6059395926338 1
1678280740338 1088.698521205357 1
1678280740971 1075.409188406808 1
1678280741585 1060.4238978794642 1
1678280742200 1043.3011910574776 1
1678280742816 1029.19926234654 1
1678280743526 1016.9258074079241 1
1678280744144 1006.0969674246652 1
1678280744766 997.8688528878348 1
1678280745409 991.0827375139509 1
1678280746040 981.6462489536831 1
1678280746656 971.9105660574777 1
1678280747273 965.5148053850446 1
1678280747889 959.3543875558036 1
1678280748505 951.571759905134 1
1678280749122 942.9858834402902 1
1678280749740 935.444318498884 1
1678280750382 926.7244611467634 1
1678280751015 918.2518397739956 1
1678280751636 912.9391130719866 1
1678280752251 908.8262765066964 1
1678280752866 882.9437168666294 1
1678280753482 874.3715209960938 1
1678280754098 873.319109235491 1
1678280754714 871.1438685825893 1
