1678280686600 34.1543266882692 1
1678280687348 34.1543266882692 1
1678280687978 34.1543266882692 1
1678280688606 34.1543266882692 1
1678280689228 34.1543266882692 1
1678280689864 34.1543266882692 1
1678280690516 34.1543266882692 1
1678280691149 34.1543266882692 1
1678280691773 34.1543266882692 1
1678280692393 34.1543266882692 1
1678280693012 34.1543266882692 1
1678280693631 34.1543266882692 1
1678280694250 34.1543266882692 1
1678280694885 34.1543266882692 1
1678280695540 34.1543266882692 1
1678280696170 34.1543266882692 1
1678280696798 34.1543266882692 1
1678280697422 34.1543266882692 1
1678280698043 34.1543266882692 1
