1678280686603 0.9999999914850507 1
1678280687350 0.9999999914850507 1
1678280687980 0.9999999914850507 1
1678280688608 0.9999999914850507 1
1678280689230 0.9999999914850507 1
1678280689866 0.9999999914850507 1
1678280690518 0.9999999914850507 1
1678280691151 0.9999999914850507 1
1678280691775 0.9999999914850507 1
1678280692395 0.9999999914850507 1
1678280693014 0.9999999914850507 1
1678280693633 0.9999999914850507 1
1678280694252 0.9999999914850507 1
1678280694887 0.9999999914850507 1
1678280695541 0.9999999914850507 1
1678280696172 0.9999999914850507 1
1678280696800 0.9999999914850507 1
1678280697424 0.9999999914850507 1
1678280698045 0.9999999914850507 1
