1678280686597 1166.518031529018 1
1678280687346 1166.518031529018 1
1678280687976 1166.518031529018 1
1678280688604 1166.518031529018 1
1678280689226 1166.518031529018 1
1678280689862 1166.518031529018 1
1678280690514 1166.518031529018 1
1678280691147 1166.518031529018 1
1678280691771 1166.518031529018 1
1678280692391 1166.518031529018 1
1678280693010 1166.518031529018 1
1678280693629 1166.518031529018 1
1678280694248 1166.518031529018 1
1678280694883 1166.518031529018 1
1678280695538 1166.518031529018 1
1678280696168 1166.518031529018 1
1678280696796 1166.518031529018 1
1678280697420 1166.518031529018 1
1678280698041 1166.518031529018 1
