1678281892986 37.18259271343053 1
1678281893547 31.854531982098703 1
1678281894104 27.188838130298215 1
1678281894661 23.179709505442393 1
1678281895217 19.77523830133134 1
1678281895773 16.89656082978372 1
1678281896328 14.458942633446194 1
1678281896922 12.384284693777618 1
1678281897509 10.606524648995226 1
1678281898138 9.072911157450465 1
1678281898695 7.742293116407419 1
1678281899252 6.58285262483771 1
1678281899807 5.570870140930416 1
1678281900363 4.689185342719949 1
1678281900919 3.9249761280448077 1
1678281901478 3.2688617219356164 1
1678281902068 2.714299961999197 1
1678281902639 2.2567722490549866 1
1678281903193 1.892491163876378 1
1678281903748 1.61626533874442 1
1678281904302 1.4198020784077388 1
1678281904857 1.290362421834711 1
1678281905412 1.2120238041804037 1
1678281905966 1.168477100425187 1
1678281906526 1.1460382443463615 1
1678281907113 1.1350841051848868 1
1678281907689 1.1297412297997949 1
1678281908249 1.1268434407407864 1
1678281908806 1.124860278036101 1
1678281909363 1.1231476201900754 1
1678281909918 1.1214730061309153 1
1678281910472 1.1197741096277716 1
1678281911027 1.1180480401855484 1
1678281911589 1.1163052668152962 1
1678281912176 1.1145541225895657 1
1678281912750 1.1127942389600114 1
1678281913309 1.1110239112976714 1
1678281913865 1.1092419611717148 1
1678281914420 1.1074482017688252 1
1678281914975 1.1056401419802215 1
1678281915529 1.103817456968561 1
1678281916083 1.1019785905869415 1
1678281916648 1.1001240886327985 1
1678281917234 1.0982493052730837 1
1678281917806 1.0963573440662773 1
1678281918371 1.0944499520361566 1
1678281918925 1.0925225591185395 1
1678281919480 1.090576292895163 1
1678281920034 1.0886098241077846 1
1678281920589 1.086625495788789 1
1678281921143 1.0846273079241213 1
1678281921710 1.0826154747830419 1
1678281922294 1.08058494791813 1
1678281922863 1.0785399797324398 1
1678281923501 1.0764778301645999 1
1678281924059 1.0743953965833963 1
1678281924615 1.0722925528709406 1
1678281925170 1.070173650333207 1
1678281925729 1.0680405386828242 1
1678281926284 1.0658894818347955 1
1678281926858 1.0637217637701584 1
1678281927442 1.061542720872706 1
1678281928009 1.059352837872085 1
1678281928574 1.0571507908825333 1
1678281929130 1.0549398614818684 1
1678281929684 1.052720899619518 1
1678281930238 1.0505001038421395 1
1678281930792 1.048273230506301 1
1678281931347 1.046038160980741 1
1678281931924 1.043793190681689 1
1678281932505 1.041541709671152 1
1678281933066 1.0392825654702669 1
1678281933620 1.0370122757871016 1
1678281934174 1.034736601706348 1
1678281934728 1.0324528602439975 1
1678281935282 1.0301564846925872 1
1678281935836 1.0278538106494894 1
1678281936390 1.0255450406225368 1
1678281936970 1.0232302498505312 1
1678281937551 1.020912266525808 1
1678281938115 1.0185934178797773 1
1678281938675 1.016263618485238 1
1678281939230 1.0139267483162515 1
1678281939785 1.0115861169277112 1
1678281940340 1.0092383824130695 1
1678281940896 1.0068893006190327 1
1678281941450 1.0045432910426817 1
1678281942031 1.0021961865967741 1
1678281942610 0.9998473365941979 1
1678281943175 0.9975011419705616 1
1678281943731 0.9951545112570203 1
1678281944285 0.9928092124353127 1
1678281944839 0.9904655902464748 1
1678281945393 0.9881223080133844 1
1678281945947 0.9857783186690389 1
1678281946501 0.9834430374376811 1
1678281947085 0.9811127772369636 1
1678281947668 0.9787831458798947 1
1678281948231 0.9764514227774546 1
1678281948791 0.9741181130095596 1
1678281949440 0.9717854964572031 1
1678281949997 0.9694506576905624 1
1678281950554 0.9671160282620509 1
1678281951109 0.9647859563777282 1
1678281951672 0.9624600637498444 1
1678281952260 0.9601395779920037 1
1678281952834 0.9578224848358162 1
1678281953389 0.9555065320893781 1
1678281953944 0.9531977668161475 1
1678281954498 0.9508950503993693 1
1678281955053 0.9486023989152378 1
1678281955608 0.9463163493115567 1
1678281956162 0.944036110714671 1
1678281956730 0.9417617253342455 1
1678281957319 0.9394955196394145 1
1678281957887 0.9372339188953176 1
1678281958442 0.9349803170404757 1
1678281958997 0.932736314855963 1
1678281959551 0.9304971958500876 1
1678281960105 0.9282618624946442 1
1678281960659 0.9260304847282064 1
1678281961213 0.9238082528749318 1
1678281961781 0.9215941659485369 1
1678281962369 0.9193838696599775 1
1678281962937 0.9171815320078646 1
1678281963493 0.9149875547856601 1
1678281964047 0.9128033602179495 1
1678281964602 0.9106266483112808 1
1678281965156 0.9084627779406093 1
1678281965710 0.9063093278754909 1
1678281966264 0.904168566835109 1
1678281966833 0.902033590352581 1
1678281967419 0.8999032473783226 1
1678281967980 0.8977762857496602 1
1678281968535 0.8956527675841663 1
1678281969091 0.8935341802145205 1
1678281969647 0.8914197420909569 1
1678281970202 0.8893090471565066 1
1678281970757 0.8871997563324564 1
1678281971312 0.8850939672844645 1
1678281971882 0.882993754263752 1
1678281972467 0.8809015350354034 1
1678281973029 0.8788135201113201 1
1678281973655 0.8767272143622223 1
1678281974213 0.8746481061343002 1
1678281974769 0.8725777594275743 1
1678281975326 0.8705153075121467 1
1678281975881 0.8684589927734405 1
1678281976437 0.8664097090188574 1
1678281977016 0.8643676343205446 1
1678281977600 0.8623322422455612 1
1678281978163 0.8603047877327233 1
1678281978718 0.8582880899944936 1
1678281979274 0.8562785506833674 1
1678281979833 0.8542757667975259 1
1678281980389 0.8522806052054402 1
1678281980944 0.850296599467322 1
1678281981499 0.8483227789480406 1
1678281982079 0.8463591998163715 1
1678281982660 0.8444050763818072 1
1678281983216 0.8424555016668425 1
1678281983771 0.8405155523911274 1
1678281984326 0.8385853613566115 1
1678281984881 0.8366671791176411 1
1678281985436 0.834757941609955 1
1678281985991 0.8328550930577512 1
1678281986548 0.8309594305164663 1
1678281987129 0.8290748290197496 1
1678281987709 0.8272014722519543 1
1678281988263 0.8253374662516275 1
1678281988818 0.8234834897565676 1
1678281989372 0.8216338278828529 1
1678281989926 0.819788348840451 1
1678281990481 0.8179489703811631 1
1678281991035 0.816116396281278 1
1678281991589 0.8142880634821321 1
1678281992170 0.8124632774689762 1
1678281992746 0.8106442890294563 1
1678281993300 0.8088286001528796 1
1678281993854 0.8070178632611129 1
1678281994409 0.8052117892306129 1
1678281994963 0.8034095828240295 1
1678281995517 0.8016124014006218 1
1678281996071 0.7998212795642513 1
1678281996625 0.7980370957004992 1
1678281997207 0.7962617411050457 1
1678281997781 0.7944957733271649 1
1678281998336 0.7927390187934449 1
1678281998890 0.7909907476694594 1
1678281999538 0.7892509300208846 1
1678282000094 0.7875165890008196 1
1678282000650 0.7857880480313784 1
1678282001205 0.7840666432415915 1
1678282001766 0.7823547563031975 1
1678282002350 0.7806518990032527 1
1678282002917 0.7789543811484702 1
1678282003473 0.7772650586435336 1
1678282004030 0.7755822668624438 1
1678282004586 0.7739058778669556 1
1678282005142 0.7722356025642622 1
