1678281892990 1.0162972978183202 1
1678281893548 0.8640323451587132 1
1678281894105 0.7307326538222176 1
1678281894663 0.6161541002137321 1
1678281895219 0.5195314799036298 1
1678281895774 0.4390307750020708 1
1678281896330 0.37124222091266085 1
1678281896924 0.31395281638417927 1
1678281897510 0.265654199889728 1
1678281898140 0.22506593806403025 1
1678281898697 0.19064239731856755 1
1678281899253 0.161440019096647 1
1678281899809 0.13704618918044226 1
1678281900365 0.11688352482659477 1
1678281900921 0.10064888000488281 1
1678281901480 0.08804581101451601 1
1678281902070 0.07871835998126439 1
1678281902640 0.07230692676135472 1
1678281903195 0.06802439051015037 1
1678281903749 0.06544817398701396 1
1678281904304 0.06421228711094175 1
1678281904859 0.06379537656903267 1
1678281905413 0.06397378817200661 1
1678281905968 0.06446282405938421 1
1678281906528 0.06497495515005929 1
1678281907115 0.06539903048958097 1
1678281907691 0.065706267952919 1
1678281908251 0.0658936548445906 1
1678281908808 0.06598286224263054 1
1678281909365 0.06599674107772964 1
1678281909920 0.0659578660769122 1
1678281910474 0.06588484240429741 1
1678281911028 0.06579217953341347 1
1678281911591 0.06568978567208562 1
1678281912178 0.06558398317013468 1
1678281912752 0.06547816949231285 1
1678281913310 0.06537389968122755 1
1678281913867 0.06527172348329 1
1678281914422 0.0651714349431651 1
1678281914976 0.06507261736052376 1
1678281915531 0.06497471247400556 1
1678281916085 0.06487718597054482 1
1678281916650 0.06477948012096542 1
1678281917236 0.06468119099736214 1
1678281917808 0.06458221801689693 1
1678281918373 0.06448257288762502 1
1678281918927 0.06438193789550237 1
1678281919482 0.0642802497105939 1
1678281920036 0.0641773124890668 1
1678281920590 0.06407328428966659 1
1678281921145 0.06396848229425293 1
1678281921712 0.06386320665478706 1
1678281922296 0.06375707845602717 1
1678281922865 0.06365013867616653 1
1678281923503 0.06354236602783203 1
1678281924061 0.06343335817967143 1
1678281924616 0.06332316302827426 1
1678281925172 0.06321196949907712 1
1678281925731 0.06310026028326579 1
1678281926285 0.06298773150358881 1
1678281926860 0.06287434324622154 1
1678281927444 0.06276057394487518 1
1678281928011 0.0626464571271624 1
1678281928576 0.06253177832279887 1
1678281929131 0.062416749341147285 1
1678281929686 0.0623015080179487 1
1678281930240 0.06218641783509936 1
1678281930794 0.0620712015245642 1
1678281931348 0.061955721250602176 1
1678281931925 0.06183958053588867 1
1678281932507 0.06172308911170278 1
1678281933067 0.06160611499633108 1
1678281933621 0.06148838038955416 1
1678281934176 0.06137036266071456 1
1678281934730 0.06125183882457869 1
1678281935284 0.0611326800925391 1
1678281935838 0.06101302855781147 1
1678281936392 0.060892746916839054 1
1678281936971 0.06077240088156292 1
1678281937553 0.06065208890608379 1
1678281938117 0.06053186048354421 1
1678281938677 0.06041102164558002 1
1678281939232 0.060289757060153146 1
1678281939787 0.06016831312860761 1
1678281940342 0.06004636042884418 1
1678281940898 0.059924421565873284 1
1678281941452 0.05980287705148969 1
1678281942033 0.05968127878648894 1
1678281942611 0.059559692229543416 1
1678281943177 0.05943809449672699 1
1678281943733 0.059316299855709076 1
1678281944287 0.05919434768812997 1
1678281944841 0.05907232580440385 1
1678281945395 0.058950195355074744 1
1678281945949 0.05882800423673221 1
1678281946503 0.058706170214074 1
1678281947086 0.058584624103137424 1
1678281947670 0.058462822543723245 1
1678281948233 0.05834078096917698 1
1678281948793 0.05821847010936056 1
1678281949441 0.05809599107929638 1
1678281949999 0.05797323478119714 1
1678281950556 0.057850433247429986 1
1678281951111 0.05772792335067477 1
1678281951674 0.05760568646447999 1
1678281952262 0.05748401316148894 1
1678281952835 0.05736237019300461 1
1678281953391 0.05724071924175535 1
1678281953946 0.057119163019316535 1
1678281954500 0.056997915995972495 1
1678281955054 0.056877298546688895 1
1678281955610 0.056756998279264996 1
1678281956164 0.05663693110857691 1
1678281956732 0.05651704168745449 1
1678281957323 0.056397550872394016 1
1678281957889 0.056278109550476074 1
1678281958444 0.056158853960888724 1
1678281958999 0.05604003156934466 1
1678281959552 0.055921311889375956 1
1678281960107 0.05580241233110428 1
1678281960661 0.055683410593441555 1
1678281961215 0.05556450305240495 1
1678281961783 0.055446144725595205 1
1678281962371 0.05532793594258172 1
1678281962939 0.05521004380924361 1
1678281963494 0.05509261414408684 1
1678281964049 0.0549757464655808 1
1678281964604 0.05485936467136655 1
1678281965158 0.054743693343230655 1
1678281965712 0.054628681391477585 1
1678281966266 0.05451429582067898 1
1678281966835 0.054400035845381875 1
1678281967420 0.05428589986903327 1
1678281967981 0.0541716819362981 1
1678281968537 0.05405728306089129 1
1678281969093 0.05394307151436806 1
1678281969649 0.053829108497926166 1
1678281970204 0.053715235952820094 1
1678281970759 0.053601346377815516 1
1678281971313 0.05348748128329005 1
1678281971884 0.05337381522570338 1
1678281972469 0.053260582366159985 1
1678281973031 0.05314793863466808 1
1678281973657 0.053035318319286616 1
1678281974215 0.05292288054312978 1
1678281974771 0.05281084403395653 1
1678281975327 0.052699177392891476 1
1678281975883 0.05258770393473761 1
1678281976439 0.0524763965180942 1
1678281977018 0.05236543023160526 1
1678281977602 0.052254832216671536 1
1678281978165 0.05214465196643557 1
1678281978720 0.05203504913619587 1
1678281979276 0.05192572996020317 1
1678281979835 0.05181662419012615 1
1678281980390 0.051707797816821506 1
1678281980946 0.051599543541669846 1
1678281981501 0.05149175386343684 1
1678281982081 0.0513845006270068 1
1678281982662 0.05127778596111706 1
1678281983218 0.05117118198956762 1
1678281983773 0.05106496598039355 1
1678281984327 0.05095917146120753 1
1678281984883 0.05085400225860732 1
1678281985438 0.050749264657497406 1
1678281985993 0.050644739397934506 1
1678281986550 0.050540423286812644 1
1678281987131 0.050436618604830334 1
1678281987711 0.05033351693834577 1
1678281988265 0.05023088040096419 1
1678281988820 0.05012875156743186 1
1678281989374 0.050026602510895045 1
1678281989928 0.04992438746350152 1
1678281990482 0.04982220275061471 1
1678281991036 0.049720312867845805 1
1678281991590 0.0496185336794172 1
1678281992172 0.04951682793242591 1
1678281992748 0.04941534304193088 1
1678281993302 0.04931410029530525 1
1678281993856 0.049213016139609475 1
1678281994410 0.04911215603351593 1
1678281994964 0.04901141194360597 1
1678281995518 0.048910772161824365 1
1678281996073 0.04881039048944201 1
1678281996627 0.04871036697711263 1
1678281997209 0.048610820301941464 1
1678281997783 0.0485117823949882 1
1678281998338 0.04841315533433642 1
1678281998892 0.0483149742441518 1
1678281999540 0.048217144927808216 1
1678282000096 0.04811941406556538 1
1678282000652 0.04802169863666807 1
1678282001207 0.047924288149390905 1
1678282001768 0.04782732469694955 1
1678282002352 0.04773088917136192 1
1678282002919 0.04763477827821459 1
1678282003475 0.04753914209348815 1
1678282004032 0.04744380872164454 1
1678282004588 0.04734869886721883 1
1678282005144 0.047253785388810296 1
