1678281892975 1382.545200892857 1
1678281893545 1014.7112077985491 1
1678281894102 739.2329188755581 1
1678281894659 537.2989327566964 1
1678281895215 391.060049874442 1
1678281895771 285.49376787458147 1
1678281896327 209.06102207728796 1
1678281896920 153.3705073765346 1
1678281897507 112.4983651297433 1
1678281898137 82.31771687098912 1
1678281898693 59.9431027003697 1
1678281899250 43.33394868033273 1
1678281899805 31.034594127110072 1
1678281900361 21.988459178379603 1
1678281900918 15.40543760572161 1
1678281901476 10.685456957135882 1
1678281902066 7.367424283708845 1
1678281902637 5.093020984104702 1
1678281903191 3.5815228053501675 1
1678281903746 2.6123136452266147 1
1678281904300 2.015837941850935 1
1678281904855 1.6650351796831404 1
1678281905410 1.4690017018999373 1
1678281905964 1.3653387342180525 1
1678281906524 1.3134036575044905 1
1678281907111 1.2884159258433752 1
1678281907687 1.2763152463095528 1
1678281908247 1.2697761399405343 1
1678281908804 1.2653106451034546 1
1678281909361 1.26146057673863 1
1678281909916 1.2577017034803117 1
1678281910471 1.2538940565926688 1
1678281911025 1.2500314201627458 1
1678281911587 1.2461374487195696 1
1678281912174 1.2422308921813965 1
1678281912748 1.2383110182625907 1
1678281913307 1.2343741314751762 1
1678281913863 1.2304177284240723 1
1678281914418 1.2264415196010046 1
1678281914973 1.2224401235580444 1
1678281915527 1.2184129783085413 1
1678281916081 1.214356814111982 1
1678281916646 1.2102730103901453 1
1678281917232 1.2061515365328108 1
1678281917805 1.2019994258880615 1
1678281918369 1.1978206975119454 1
1678281918924 1.1936055421829224 1
1678281919478 1.1893566506249564 1
1678281920032 1.185071349143982 1
1678281920587 1.1807549680982317 1
1678281921141 1.1764163970947266 1
1678281921708 1.1720562662397112 1
1678281922292 1.1676638296672277 1
1678281922861 1.1632484878812517 1
1678281923499 1.158804518835885 1
1678281924057 1.1543254681995936 1
1678281924613 1.1498113189424788 1
1678281925168 1.1452716418675013 1
1678281925727 1.1407105922698975 1
1678281926282 1.136120387486049 1
1678281926856 1.1315039907182967 1
1678281927440 1.126872948237828 1
1678281928007 1.12222843510764 1
1678281928572 1.1175677946635656 1
1678281929128 1.1128981113433838 1
1678281929682 1.1082212924957275 1
1678281930237 1.1035504681723458 1
1678281930791 1.0988767657961165 1
1678281931345 1.0941958342279707 1
1678281931922 1.0895042249134608 1
1678281932503 1.0848091329847063 1
1678281933064 1.0801082508904594 1
1678281933618 1.0753944601331438 1
1678281934172 1.0706798349108015 1
1678281934726 1.0659589086260115 1
1678281935280 1.0612223829541887 1
1678281935835 1.0564834560666765 1
1678281936388 1.0517426303454809 1
1678281936968 1.0470001442091805 1
1678281937549 1.0422618559428625 1
1678281938114 1.0375325509480067 1
1678281938673 1.0327917422567094 1
1678281939228 1.0280474509511675 1
1678281939783 1.023306471960885 1
1678281940338 1.0185621125357491 1
1678281940894 1.0138260637010847 1
1678281941448 1.0091072235788618 1
1678281942029 1.0043971964291163 1
1678281942608 0.9996946964945111 1
1678281943174 0.9950085282325745 1
1678281943729 0.9903325012751988 1
1678281944283 0.985670132296426 1
1678281944837 0.9810220854622977 1
1678281945392 0.9763856955936977 1
1678281945945 0.9717588935579572 1
1678281946499 0.9671602078846523 1
1678281947083 0.9625822816576276 1
1678281947666 0.9580164466585431 1
1678281948229 0.9534573810441154 1
1678281948789 0.9489060980933053 1
1678281949438 0.9443670511245728 1
1678281949995 0.939834577696664 1
1678281950552 0.9353134121213641 1
1678281951107 0.9308119416236877 1
1678281951670 0.9263293743133545 1
1678281952258 0.9218680092266628 1
1678281952832 0.9174239124570575 1
1678281953387 0.9129927328654698 1
1678281953942 0.9085859826632908 1
1678281954496 0.9042013968740191 1
1678281955051 0.899846511227744 1
1678281955606 0.8955146329743522 1
1678281956161 0.8912041783332825 1
1678281956728 0.8869151473045349 1
1678281957316 0.8826518314225333 1
1678281957885 0.8784074187278748 1
1678281958441 0.8741881932531085 1
1678281958995 0.8699970330510821 1
1678281959549 0.8658250314848763 1
1678281960103 0.8616700853620257 1
1678281960657 0.8575324586459568 1
1678281961212 0.853421688079834 1
1678281961779 0.8493358067103794 1
1678281962367 0.8452666997909546 1
1678281962935 0.8412219626562936 1
1678281963491 0.8372022254126412 1
1678281964046 0.8332099744251796 1
1678281964600 0.8292408926146371 1
1678281965154 0.8253046189035688 1
1678281965708 0.8213965977941241 1
1678281966262 0.817520797252655 1
1678281966831 0.8136645981243679 1
1678281967417 0.8098258546420506 1
1678281967978 0.8060022592544556 1
1678281968533 0.8021938800811768 1
1678281969090 0.7984033312116351 1
1678281969645 0.7946291565895081 1
1678281970200 0.7908705813544137 1
1678281970755 0.78712340763637 1
1678281971310 0.7833913309233529 1
1678281971880 0.7796779700687954 1
1678281972465 0.7759875144277301 1
1678281973027 0.7723132031304496 1
1678281973654 0.7686506084033421 1
1678281974211 0.765009309564318 1
1678281974768 0.7613919462476458 1
1678281975324 0.7577969006129673 1
1678281975879 0.7542210221290588 1
1678281976435 0.7506657838821411 1
1678281977014 0.7471314072608948 1
1678281977598 0.7436168960162571 1
1678281978161 0.7401243277958461 1
1678281978716 0.7366584454263959 1
1678281979272 0.7332129563604083 1
1678281979831 0.7297870857375008 1
1678281980387 0.7263822300093514 1
1678281980942 0.7230043070656913 1
1678281981498 0.7196515372821263 1
1678281982077 0.7163238951138088 1
1678281982658 0.7130199330193656 1
1678281983214 0.7097312722887311 1
1678281983769 0.7064663938113621 1
1678281984324 0.7032254082815987 1
1678281984879 0.7000119686126709 1
1678281985435 0.696820821080889 1
1678281985990 0.6936476060322353 1
1678281986546 0.6904935751642499 1
1678281987127 0.687365072114127 1
1678281987707 0.6842622756958008 1
1678281988262 0.6811819331986564 1
1678281988816 0.6781250579016549 1
1678281989371 0.6750821471214294 1
1678281989925 0.672052936894553 1
1678281990479 0.6690405181476048 1
1678281991033 0.66604597227914 1
1678281991587 0.6630650503294808 1
1678281992168 0.6600965772356305 1
1678281992744 0.6571441633360726 1
1678281993298 0.6542037044252668 1
1678281993852 0.6512778316225324 1
1678281994407 0.648366025515965 1
1678281994961 0.6454669577734811 1
1678281995515 0.6425824420792716 1
1678281996069 0.6397140792437962 1
1678281996623 0.6368632061140878 1
1678281997205 0.6340327603476388 1
1678281997779 0.6312235338347298 1
1678281998334 0.6284351519175938 1
1678281998888 0.6256663628986904 1
1678281999536 0.6229170305388314 1
1678282000092 0.6201823779514858 1
1678282000648 0.6174628564289638 1
1678282001203 0.6147605010441372 1
1678282001764 0.6120789647102356 1
1678282002348 0.6094173874173846 1
1678282002916 0.6067699279103961 1
1678282003471 0.6041409713881356 1
1678282004029 0.601527852671487 1
1678282004584 0.5989303077970233 1
1678282005141 0.5963478258677891 1
