1678282119516 0.4374679899183111 1
1678282120075 0.1378926734355341 1
1678282120631 0.1712207028937516 1
1678282121186 0.1696811138573196 1
1678282121742 0.11875640392065913 1
1678282122337 0.11145242346498721 1
1678282122910 0.11191611208450049 1
1678282123468 0.10208050020676504 1
1678282124024 0.10138009926516646 1
1678282124581 0.09981102727324244 1
1678282125207 0.09724882045525476 1
1678282125765 0.09564534109715259 1
1678282126321 0.09379326405365779 1
1678282126883 0.09235430200917026 1
1678282127467 0.09089887864048372 1
1678282128036 0.08937336640456074 1
1678282128591 0.08788403077592354 1
1678282129147 0.08646465609485582 1
1678282129701 0.08510562989263609 1
1678282130256 0.0837617748730295 1
1678282130812 0.08244303739619362 1
1678282131367 0.08117098598263504 1
1678282131930 0.07994314191375373 1
1678282132513 0.07875212430521633 1
1678282133085 0.07759773555810681 1
1678282133642 0.07648548344596989 1
1678282134202 0.07540846932181003 1
1678282134764 0.0743619712898735 1
1678282135327 0.07335164814335131 1
1678282135889 0.07237724066962309 1
1678282136452 0.07143304602729605 1
1678282137024 0.07051677327075323 1
1678282137608 0.06963049465088157 1
1678282138176 0.06877403032830424 1
1678282138732 0.06794462381621795 1
1678282139289 0.06713930129709843 1
1678282139844 0.06635933458949411 1
1678282140400 0.06560502750916929 1
1678282140955 0.06486954282739983 1
1678282141509 0.06415184183405778 1
1678282142080 0.06345155951872926 1
1678282142664 0.06276665422008887 1
1678282143224 0.062094625485088914 1
1678282143784 0.06143524970696479 1
1678282144338 0.060782791474331806 1
1678282144893 0.0601423473739089 1
1678282145448 0.05951187770877184 1
1678282146002 0.05888945237217548 1
1678282146556 0.058269968537117765 1
1678282147128 0.0576520432206881 1
1678282147712 0.05703739229530579 1
1678282148269 0.05643012718913176 1
1678282148824 0.05583204262616645 1
1678282149383 0.05524205707597695 1
1678282150032 0.05465600994991827 1
1678282150589 0.05407259699597573 1
1678282151146 0.053493377127819534 1
1678282151702 0.05291709783481424 1
1678282152283 0.05234602480187063 1
1678282152862 0.05177945313754133 1
1678282153421 0.051211875493543106 1
1678282153978 0.05064724175830539 1
1678282154535 0.050086405566881737 1
1678282155091 0.04952928320751973 1
1678282155645 0.048977743550278764 1
1678282156200 0.04842512306613 1
1678282156755 0.047868046687763725 1
1678282157337 0.0473072989793054 1
1678282157916 0.046743612381918966 1
1678282158473 0.0461858739451913 1
1678282159030 0.045630431111800006 1
1678282159588 0.04507362810655638 1
1678282160143 0.04450389183308619 1
1678282160698 0.04393766351768044 1
1678282161253 0.043377974096183235 1
1678282161808 0.04280741588371958 1
1678282162392 0.04222836407548402 1
1678282162970 0.041646764428414425 1
1678282163537 0.04106380307587161 1
1678282164099 0.04047274481844566 1
1678282164655 0.039885133251034745 1
1678282165210 0.03930996480524552 1
1678282165765 0.0387485987793372 1
1678282166320 0.03819852734865748 1
1678282166878 0.037658749699795886 1
1678282167464 0.037124976037348226 1
1678282168041 0.036602801000315925 1
1678282168608 0.036090499955942955 1
1678282169166 0.03558917316951663 1
1678282169720 0.035091627423341584 1
1678282170275 0.034588883080757915 1
1678282170830 0.03408978813504802 1
1678282171385 0.03359954737821649 1
1678282171946 0.0331183015465854 1
1678282172533 0.03264392670152467 1
1678282173105 0.03217925122512746 1
1678282173661 0.03172306977436724 1
1678282174218 0.03128078208040597 1
1678282174775 0.03085208465785964 1
1678282175332 0.030432109085163115 1
1678282175960 0.030017208198194804 1
1678282176517 0.029601147515697503 1
1678282177087 0.029195083313013983 1
1678282177675 0.02881251613248114 1
1678282178239 0.028436257236586666 1
1678282178795 0.02807520070973038 1
1678282179352 0.027702536707695194 1
1678282179908 0.027331103744438662 1
1678282180463 0.026966788049033796 1
1678282181021 0.02661275953540278 1
1678282181577 0.026256362986497264 1
1678282182153 0.025901338560016113 1
1678282182747 0.025545152068732452 1
1678282183305 0.025193232634498297 1
1678282183861 0.024850209995549113 1
1678282184418 0.024525149204411838 1
1678282184974 0.02422077075349582 1
1678282185529 0.02391562127967207 1
1678282186084 0.023611654847274427 1
1678282186639 0.023312622705939853 1
1678282187216 0.023023974558577968 1
1678282187804 0.022744944086977182 1
1678282188401 0.02248801888919585 1
1678282188957 0.022255967883210968 1
1678282189512 0.02205312682723998 1
1678282190067 0.021848422652746793 1
1678282190623 0.021644355918238704 1
1678282191178 0.02142753519239993 1
1678282191733 0.0212048299517072 1
1678282192311 0.020970400308575124 1
1678282192891 0.02075734459138113 1
1678282193448 0.02055100774624663 1
1678282194003 0.020343385514619835 1
1678282194560 0.02012569503295478 1
1678282195116 0.019916153493223475 1
1678282195671 0.019705494344854465 1
1678282196227 0.01951791550791499 1
1678282196783 0.01933959889975826 1
1678282197364 0.019179757439341815 1
1678282197944 0.019030078102969115 1
1678282198504 0.018891554042641038 1
1678282199060 0.018763322089720976 1
1678282199615 0.018636576231021103 1
1678282200170 0.018516875312334372 1
1678282200724 0.018403780154861125 1
1678282201279 0.018296637133680915 1
1678282201933 0.018198879198553192 1
1678282202533 0.01810274866678034 1
1678282203110 0.018009766349331192 1
1678282203666 0.017918011807442222 1
1678282204222 0.017829718846291902 1
1678282204778 0.01774001094628189 1
1678282205334 0.017653924615045658 1
1678282205889 0.017561296726913846 1
1678282206446 0.017472846903291844 1
1678282207010 0.01738855126951001 1
1678282207598 0.01730410899534557 1
1678282208168 0.017230809535137302 1
1678282208726 0.017158054931482033 1
1678282209281 0.01708470998503884 1
1678282209836 0.017018902185360712 1
1678282210392 0.01694960138109413 1
1678282210947 0.016892538358704776 1
1678282211503 0.016835657178819744 1
1678282212069 0.016786153034056214 1
1678282212657 0.016740575381079627 1
1678282213225 0.016692982045716037 1
1678282213781 0.016652416904810403 1
1678282214336 0.01660915922713295 1
1678282214893 0.01656781827307691 1
1678282215449 0.016528995968088683 1
1678282216005 0.016489134911646747 1
1678282216561 0.01645138755953337 1
1678282217134 0.01641421084617167 1
1678282217727 0.016377106442823645 1
1678282218294 0.016341010482113463 1
1678282218854 0.01630501024015543 1
1678282219410 0.016270455575456807 1
1678282219966 0.01623430150085279 1
1678282220522 0.016198170171549047 1
1678282221078 0.016163232892506783 1
1678282221634 0.016127809267467708 1
1678282222207 0.016093546542785157 1
1678282222802 0.01605929874281599 1
1678282223362 0.01602457384547908 1
1678282223917 0.015990867345856422 1
1678282224472 0.01595801778038902 1
1678282225027 0.015924665362407442 1
1678282225581 0.01589173964924182 1
1678282226207 0.015859338004285028 1
1678282226764 0.015826530221271992 1
1678282227349 0.015794382948621736 1
1678282227938 0.015761387994352005 1
1678282228497 0.015729762516468557 1
1678282229053 0.0156974386576555 1
1678282229611 0.01566257731924317 1
1678282230167 0.01562946139604827 1
1678282230722 0.01559573178649546 1
1678282231276 0.015561973153163067 1
1678282231831 0.015529714023852883 1
