1678282119519 0.13326840954167501 1
1678282120077 0.03355162910052708 1
1678282120633 0.052034301949398856 1
1678282121188 0.05141597134726388 1
1678282121744 0.0327692407050303 1
1678282122339 0.02540053187736443 1
1678282122912 0.024716256984642575 1
1678282123470 0.02466052451304027 1
1678282124026 0.02668591322643416 1
1678282124582 0.02599041589668819 1
1678282125209 0.024047508037516048 1
1678282125767 0.02313514719051974 1
1678282126323 0.023064974695444107 1
1678282126884 0.02309520888541426 1
1678282127469 0.022646898137671605 1
1678282128038 0.02201627620628902 1
1678282128593 0.021586032318217412 1
1678282129148 0.021312820858189037 1
1678282129703 0.020981577624167715 1
1678282130258 0.020569160314542905 1
1678282130814 0.02018286181347711 1
1678282131369 0.019847657531499863 1
1678282131931 0.019516674801707268 1
1678282132515 0.01917651348880359 1
1678282133087 0.01884894565279995 1
1678282133644 0.018540942509259497 1
1678282134203 0.018244606841887747 1
1678282134766 0.017949652325894152 1
1678282135328 0.0176638751955969 1
1678282135891 0.017388686670788696 1
1678282136454 0.017121263380561556 1
1678282137026 0.016860181199652807 1
1678282137610 0.01660654866801841 1
1678282138177 0.01635939415012087 1
1678282138734 0.01611843172992979 1
1678282139291 0.015884881173925742 1
1678282139846 0.01566420907952956 1
1678282140402 0.015452144268367971 1
1678282140956 0.015247060651225703 1
1678282141511 0.01505021338484117 1
1678282142081 0.014856934281332152 1
1678282142666 0.014668180740305356 1
1678282143225 0.014483176171779633 1
1678282143785 0.014301520240093981 1
1678282144340 0.014122781077665942 1
1678282144894 0.013948379483606135 1
1678282145449 0.01377735792526177 1
1678282146004 0.013610722364059516 1
1678282146558 0.013445751475436347 1
1678282147130 0.013283035318766321 1
1678282147714 0.013122380312000002 1
1678282148271 0.012964209940816675 1
1678282148826 0.012809131294488907 1
1678282149384 0.012656562163361482 1
1678282150033 0.01250527213726725 1
1678282150591 0.012356565999133247 1
1678282151148 0.012211538585168975 1
1678282151704 0.012068197530295168 1
1678282152285 0.011926418569471155 1
1678282152864 0.011785615368613176 1
1678282153423 0.011645309360963958 1
1678282153980 0.011508021769779069 1
1678282154537 0.011373078317514487 1
1678282155092 0.011238605449242252 1
1678282155647 0.011106705559151513 1
1678282156202 0.010975018675838197 1
1678282156757 0.010844075786215919 1
1678282157339 0.010713260753878526 1
1678282157918 0.010584579780697823 1
1678282158475 0.01045723631978035 1
1678282159032 0.010329221907470907 1
1678282159589 0.010201708413660526 1
1678282160145 0.010071395497236933 1
1678282160700 0.009943244446601187 1
1678282161255 0.009817218141896384 1
1678282161809 0.0096886454682265 1
1678282162394 0.009558117150196008 1
1678282162972 0.009426903378750597 1
1678282163538 0.00929546688816377 1
1678282164101 0.009162532431738717 1
1678282164657 0.009031462616154127 1
1678282165212 0.008903487785054105 1
1678282165767 0.00877958835501756 1
1678282166322 0.008659275780831064 1
1678282166880 0.008539391016321523 1
1678282167465 0.008419076978628124 1
1678282168043 0.008300494602216142 1
1678282168610 0.008182959764131479 1
1678282169167 0.008066840137221984 1
1678282169722 0.007953415558274304 1
1678282170277 0.007839854407523359 1
1678282170832 0.007728305512240955 1
1678282171386 0.0076186818602894035 1
1678282171947 0.007509208683456693 1
1678282172535 0.007400633700724159 1
1678282173107 0.007291354571602174 1
1678282173663 0.007182584410267217 1
1678282174220 0.007078819509063449 1
1678282174777 0.006978497640894992 1
1678282175333 0.006877731066197157 1
1678282175961 0.006777222401329449 1
1678282176519 0.006675457249262503 1
1678282177089 0.006573467249316829 1
1678282177677 0.006478151373033013 1
1678282178241 0.006389715043561799 1
1678282178797 0.006310461488153253 1
1678282179354 0.00622849419180836 1
1678282179910 0.006146539268749101 1
1678282180465 0.006070746441504785 1
1678282181024 0.005998542598847832 1
1678282181580 0.005928338970988989 1
1678282182155 0.0058594670013657636 1
1678282182749 0.00578891159966588 1
1678282183306 0.005720507619636399 1
1678282183862 0.005654247011989355 1
1678282184420 0.0055917164177766866 1
1678282184976 0.005534003887857709 1
1678282185531 0.005474973736064774 1
1678282186086 0.00540980144536921 1
1678282186641 0.005343610753438303 1
1678282187218 0.005278459217931543 1
1678282187819 0.005210990352290017 1
1678282188403 0.005148409599704402 1
1678282188959 0.00509317937706198 1
1678282189514 0.005044397432357073 1
1678282190069 0.005000820716044733 1
1678282190624 0.0049654399044811726 1
1678282191180 0.004923171563340085 1
1678282191734 0.0048853373154997826 1
1678282192313 0.0048401509411633015 1
1678282192893 0.004804318039012807 1
1678282193449 0.004768664815596172 1
1678282194005 0.0047327640599438125 1
1678282194561 0.004690669610032013 1
1678282195117 0.004646085202693939 1
1678282195673 0.004597126872145704 1
1678282196228 0.004554673962827239 1
1678282196785 0.004512138132538114 1
1678282197366 0.004477086942642927 1
1678282197945 0.004446532178137984 1
1678282198506 0.004420688841491938 1
1678282199062 0.004396071524492332 1
1678282199616 0.004372274469850319 1
1678282200171 0.0043508812918194705 1
1678282200726 0.0043309773318469524 1
1678282201281 0.004311149108356663 1
1678282201935 0.004292844894475171 1
1678282202535 0.004273808461480907 1
1678282203112 0.0042555980450872865 1
1678282203667 0.004237324298758592 1
1678282204223 0.004220759130216071 1
1678282204779 0.004204272092985255 1
1678282205336 0.004189518546419484 1
1678282205891 0.004171540428485189 1
1678282206448 0.00415518567232149 1
1678282207011 0.004141024746266859 1
1678282207600 0.004126557049208454 1
1678282208170 0.0041143241604523996 1
1678282208728 0.004102327960676381 1
1678282209283 0.00408895716204175 1
1678282209838 0.0040769668162933415 1
1678282210393 0.004063861145238791 1
1678282210949 0.00405314820818603 1
1678282211504 0.004042112767430288 1
1678282212071 0.004032129820968423 1
1678282212659 0.004023329055468951 1
1678282213227 0.004013396832825882 1
1678282213782 0.00400537671521306 1
1678282214338 0.003996629500761628 1
1678282214894 0.003987962446574654 1
1678282215451 0.003980084089562297 1
1678282216007 0.003971740071262632 1
1678282216563 0.003963721882818001 1
1678282217136 0.003955964897094029 1
1678282217728 0.003948183830029198 1
1678282218295 0.003940579215330737 1
1678282218856 0.003933051268437079 1
1678282219412 0.00392631401440927 1
1678282219968 0.003919119680566447 1
1678282220524 0.003911533925150122 1
1678282221080 0.003904556090544377 1
1678282221635 0.0038973679433443715 1
1678282222209 0.0038903846205877407 1
1678282222804 0.003883424946772201 1
1678282223364 0.003876329565952931 1
1678282223919 0.0038695473090878557 1
1678282224474 0.0038629998120346238 1
1678282225028 0.003856257934655462 1
1678282225583 0.0038494037331214975 1
1678282226209 0.0038427515288016628 1
1678282226765 0.0038359302561730146 1
1678282227351 0.0038293646315910985 1
1678282227940 0.0038224407471716404 1
1678282228499 0.0038157638295420577 1
1678282229055 0.0038091530025537524 1
1678282229612 0.0038020087938223568 1
1678282230169 0.0037950658838131596 1
1678282230723 0.0037882657987730844 1
1678282231278 0.003781225499031799 1
1678282231833 0.0037746586105121033 1
