1678282119513 0.19137824220316751 1
1678282120073 0.019014389387198856 1
1678282120629 0.029316529099430357 1
1678282121185 0.028791680399860655 1
1678282121740 0.014103083472166742 1
1678282122335 0.012421642696218831 1
1678282122909 0.012525216144110476 1
1678282123467 0.010420428522463356 1
1678282124022 0.010277924527015005 1
1678282124579 0.009962241165339947 1
1678282125205 0.009457333079938377 1
1678282125763 0.009148031273590667 1
1678282126319 0.008797176381839173 1
1678282126881 0.00852931709960103 1
1678282127465 0.008262606138097388 1
1678282128034 0.007987598622483867 1
1678282128590 0.007723602865423475 1
1678282129145 0.0074761367536016875 1
1678282129700 0.007242968239422355 1
1678282130255 0.007016034929880074 1
1678282130810 0.0067968544151101795 1
1678282131365 0.006588728965393135 1
1678282131928 0.006390905939042568 1
1678282132512 0.006201897082584245 1
1678282133083 0.0060214085637458736 1
1678282133640 0.005850029177963734 1
1678282134200 0.0056864372454583645 1
1678282134762 0.005529702774115971 1
1678282135325 0.005380464285346014 1
1678282135887 0.005238464966948543 1
1678282136450 0.005102680064737797 1
1678282137022 0.004972615312518818 1
1678282137606 0.004848405785326447 1
1678282138174 0.004729867247598512 1
1678282138730 0.0046164719055273706 1
1678282139287 0.004507685778662562 1
1678282139842 0.00440356128716043 1
1678282140398 0.004304019634478858 1
1678282140953 0.004208057586635862 1
1678282141508 0.004115458810701966 1
1678282142078 0.004026100405358842 1
1678282142662 0.0039396528819842 1
1678282143222 0.0038557425141334534 1
1678282143781 0.0037742899065571173 1
1678282144337 0.0036945477394121034 1
1678282144891 0.003617101947643927 1
1678282145446 0.003541663588423814 1
1678282146000 0.0034679676006947246 1
1678282146554 0.003395389233316694 1
1678282147126 0.0033237580875200884 1
1678282147710 0.003253264119848609 1
1678282148267 0.0031843592545815875 1
1678282148822 0.003117216983810067 1
1678282149381 0.0030516848699854954 1
1678282150030 0.0029872794236455646 1
1678282150587 0.0029238457458892037 1
1678282151143 0.002861541396539126 1
1678282151700 0.002800219243259302 1
1678282152281 0.002740106312558055 1
1678282152860 0.0026811117672228386 1
1678282153419 0.0026226561915661606 1
1678282153976 0.0025651430977242334 1
1678282154533 0.002508648022610162 1
1678282155089 0.002453149895050696 1
1678282155644 0.0023988193632768734 1
1678282156198 0.0023449925439698355 1
1678282156753 0.002291349893701928 1
1678282157335 0.0022379805367173894 1
1678282157914 0.002184965298511088 1
1678282158471 0.002133134952081101 1
1678282159028 0.0020821362434487256 1
1678282159586 0.002031631950688149 1
1678282160141 0.0019805963882910354 1
1678282160696 0.001930518275392907 1
1678282161251 0.0018816486366891436 1
1678282161806 0.0018324748546417271 1
1678282162390 0.0017832347324916295 1
1678282162968 0.0017344529873558453 1
1678282163535 0.0016862359230539628 1
1678282164097 0.0016380430731390203 1
1678282164653 0.0015908238544527973 1
1678282165208 0.0015452733329896415 1
1678282165763 0.0015014539073620523 1
1678282166318 0.0014591274916061334 1
1678282166876 0.0014181814289518765 1
1678282167462 0.0013782638457736798 1
1678282168039 0.0013397650410687284 1
1678282168606 0.0013025241870699184 1
1678282169164 0.0012665892468898424 1
1678282169718 0.001231422315218619 1
1678282170273 0.001196390832774341 1
1678282170828 0.0011621136550924607 1
1678282171383 0.0011289295840210148 1
1678282171944 0.0010968218973305608 1
1678282172531 0.001065625950494515 1
1678282173103 0.001035504209409867 1
1678282173659 0.0010063531559093722 1
1678282174216 0.000978487327561847 1
1678282174774 0.0009518511277357382 1
1678282175330 0.0009261132633712675 1
1678282175958 0.0009010327880137733 1
1678282176515 0.0008762279342460845 1
1678282177085 0.0008523528896538275 1
1678282177673 0.0008301610858844859 1
1678282178238 0.0008086207256253276 1
1678282178793 0.0007882168948916453 1
1678282179350 0.0007674305400411997 1
1678282179906 0.0007469892318892692 1
1678282180462 0.000727207657681512 1
1678282181019 0.0007082389700891716 1
1678282181576 0.0006893965972787035 1
1678282182151 0.0006708793392005776 1
1678282182745 0.0006525547942146659 1
1678282183303 0.00063469897057595 1
1678282183859 0.0006175329368228891 1
1678282184416 0.0006014829434986625 1
1678282184972 0.0005866457358933985 1
1678282185527 0.0005719569411927036 1
1678282186083 0.0005575102446268179 1
1678282186637 0.0005434783774295024 1
1678282187214 0.0005301034044740456 1
1678282187803 0.0005173324815197182 1
1678282188400 0.0005057109935608293 1
1678282188955 0.000495328106418518 1
1678282189511 0.0004863404028583318 1
1678282190065 0.0004773535724130592 1
1678282190621 0.0004684781431153949 1
1678282191176 0.0004591392644215375 1
1678282191731 0.00044964481328081874 1
1678282192309 0.0004397576891018876 1
1678282192889 0.00043086735448533934 1
1678282193446 0.00042234391938628893 1
1678282194001 0.00041385333419644406 1
1678282194558 0.00040504360055950073 1
1678282195114 0.0003966531699656376 1
1678282195669 0.0003883065073750913 1
1678282196225 0.0003809490257741085 1
1678282196781 0.0003740200856035309 1
1678282197362 0.00036786309543198774 1
1678282197942 0.00036214387260510454 1
1678282198502 0.00035689081414602697 1
1678282199058 0.0003520622558426112 1
1678282199613 0.0003473219736146608 1
1678282200168 0.00034287467133253813 1
1678282200722 0.0003386991239884602 1
1678282201277 0.00033476693040159134 1
1678282201931 0.0003311992040835321 1
1678282202531 0.00032770950929261744 1
1678282203108 0.00032435168395750225 1
1678282203664 0.00032105514713163884 1
1678282204220 0.0003178988741378167 1
1678282204776 0.00031470798837420134 1
1678282205332 0.000311661054313715 1
1678282205887 0.000308399142730715 1
1678282206444 0.00030530037890587537 1
1678282207008 0.00030236171525237817 1
1678282207596 0.0002994321881227994 1
1678282208166 0.0002969007972361786 1
1678282208724 0.0002943988490317549 1
1678282209279 0.00029188731527288577 1
1678282209835 0.00028964303159487566 1
1678282210390 0.00028728898697798807 1
1678282210945 0.0002853578522003123 1
1678282211501 0.0002834393526427448 1
1678282212067 0.00028177493368275464 1
1678282212655 0.00028024686408960927 1
1678282213223 0.00027865564957859794 1
1678282213779 0.0002773029887716153 1
1678282214334 0.00027586417023225555 1
1678282214891 0.0002744926023297012 1
1678282215447 0.000273207707713092 1
1678282216003 0.00027189157013448754 1
1678282216560 0.0002706481526339693 1
1678282217132 0.0002694263177025797 1
1678282217725 0.0002682096154395757 1
1678282218292 0.0002670286235765421 1
1678282218853 0.00026585335893157335 1
1678282219408 0.0002647277246329135 1
1678282219965 0.00026355254522059113 1
1678282220521 0.0002623807169064613 1
1678282221076 0.00026125009753741324 1
1678282221632 0.00026010623176781725 1
1678282222205 0.00025900224032479206 1
1678282222800 0.0002579010761110112 1
1678282223361 0.0002567869669292122 1
1678282223915 0.0002557078384727772 1
1678282224470 0.000254658331479212 1
1678282225025 0.00025359496690465936 1
1678282225579 0.00025254738907928446 1
1678282226205 0.0002515186019341594 1
1678282226762 0.00025047905884483565 1
1678282227347 0.000249462532727713 1
1678282227936 0.00024842135150850354 1
1678282228495 0.00024742542882449925 1
1678282229051 0.0002464095804108573 1
1678282229609 0.0002453163282812706 1
1678282230165 0.00024428006353056323 1
1678282230720 0.0002432268499563049 1
1678282231274 0.00024217500841976807 1
1678282231830 0.0002411720176626529 1
