1678279742493 3.743357242622234 1
1678279743081 1.7637250639081676 1
1678279743761 1.564411411100068 1
1678279744322 1.721287684506457 1
1678279744880 1.4693891473800578 1
1678279745439 1.4027930502724866 1
1678279745997 1.4055383849631389 1
1678279746555 1.3552817619695885 1
1678279747114 1.3478443464667649 1
1678279747672 1.3422377685593703 1
1678279748257 1.3269532813161107 1
1678279748840 1.3137432036406174 1
1678279749400 1.2993449132578008 1
1678279749959 1.2873485052789426 1
1678279750517 1.2747848163533755 1
1678279751075 1.2600515385443525 1
1678279751633 1.2437036520708145 1
1678279752191 1.2267470216668024 1
1678279752749 1.208278729155552 1
1678279753337 1.1869493297620213 1
1678279753919 1.1639440810920492 1
1678279754481 1.1404469942767579 1
1678279755040 1.1161767920759285 1
1678279755599 1.0915960394775635 1
1678279756158 1.0670973346522434 1
1678279756716 1.0432325124545245 1
1678279757274 1.0206175196953102 1
1678279757835 0.9996002922610159 1
1678279758423 0.9800861330730916 1
1678279759002 0.9615319569860257 1
1678279759560 0.9440158206177428 1
1678279760118 0.9271157081996707 1
1678279760676 0.9107264937322548 1
1678279761234 0.8948304454732947 1
1678279761791 0.8791192804745467 1
1678279762349 0.863663877728797 1
1678279762913 0.8482527802989425 1
1678279763502 0.8329397878757016 1
1678279764080 0.8176136280183514 1
1678279764649 0.802310347647777 1
1678279765210 0.7869301868868759 1
1678279765768 0.7714943855836456 1
1678279766325 0.7559144854389038 1
1678279766883 0.7401187632462222 1
1678279767440 0.7241000124728264 1
1678279768009 0.7077647576520909 1
1678279768597 0.6910870656609714 1
1678279769169 0.6739895581826869 1
1678279769800 0.6564371400111111 1
1678279770363 0.6383428596902445 1
1678279770928 0.6196699728986876 1
1678279771498 0.6003839771290239 1
1678279772058 0.5804790782688058 1
1678279772616 0.5600628089532358 1
1678279773194 0.5392319707066543 1
1678279773781 0.5181521746240431 1
1678279774351 0.4971180222981913 1
1678279774921 0.47639445618560083 1
1678279775480 0.4563844992969273 1
1678279776038 0.43736165885917144 1
1678279776595 0.41957456857796427 1
1678279777153 0.4032705402308779 1
1678279777710 0.38864391552218386 1
1678279778291 0.375852841207393 1
1678279778880 0.3649329726077617 1
1678279779440 0.35575124423681936 1
1678279779998 0.3481412874810925 1
1678279780556 0.3419174931290525 1
1678279781115 0.3369413692552326 1
1678279781673 0.3330107865762088 1
1678279782231 0.3299458529716457 1
1678279782789 0.3275455724100291 1
1678279783375 0.325625937614524 1
1678279783958 0.3239952718991691 1
1678279784527 0.32249152782840446 1
1678279785090 0.3210163391750426 1
1678279785649 0.31952675700651334 1
1678279786207 0.3180383824256953 1
1678279786766 0.31658365937446187 1
1678279787324 0.31521141500758215 1
1678279787883 0.3139504677499054 1
1678279788471 0.31281147318492253 1
1678279789051 0.311783143783798 1
1678279789609 0.31083859830817145 1
1678279790167 0.30994894622785096 1
1678279790726 0.30909076248746764 1
1678279791284 0.30825354049628517 1
1678279791842 0.3074351042156525 1
1678279792400 0.3066345835568725 1
1678279792966 0.30585377045472667 1
1678279793553 0.3050945151981411 1
1678279794224 0.304354999754605 1
1678279794790 0.3036359765446234 1
1678279795350 0.3029293601392776 1
1678279795910 0.30223377518737293 1
1678279796493 0.3015500948491205 1
1678279797084 0.3008785568124197 1
1678279797670 0.3002158975443989 1
1678279798277 0.2995650477309408 1
1678279798899 0.2989220476053092 1
1678279799498 0.29828925124089645 1
1678279800092 0.297669898922761 1
1678279800678 0.29705521663526474 1
1678279801270 0.2964467773134181 1
1678279801855 0.29584313630806286 1
1678279802442 0.29524625264363696 1
1678279803039 0.2946561926707637 1
1678279803663 0.2940717623410018 1
1678279804273 0.2934941666602588 1
1678279804875 0.2929226066944684 1
1678279805463 0.29235572984378 1
1678279806057 0.2917919164715224 1
1678279806656 0.29123535072192624 1
1678279807254 0.2906825828931954 1
1678279807852 0.29014032420989494 1
1678279808473 0.2896047793154606 1
1678279809080 0.28907226671193104 1
1678279809657 0.28854331961544083 1
1678279810233 0.2880152895111477 1
1678279810809 0.28748987710202717 1
1678279811386 0.28697044043460623 1
1678279811963 0.28645547745672345 1
1678279812540 0.2859461783418072 1
1678279813134 0.2854457867136724 1
1678279813757 0.284947882816128 1
1678279814348 0.28445217381913007 1
1678279814925 0.2839577547513337 1
1678279815504 0.28346520873211484 1
1678279816091 0.2829807733426491 1
1678279816676 0.28250296253424484 1
1678279817263 0.2820232600056626 1
1678279817849 0.2815453099183272 1
1678279818469 0.2810695008443584 1
1678279819079 0.28059607411487936 1
1678279819662 0.28012684757226214 1
1678279820249 0.27965984900410795 1
1678279820834 0.2791975456381704 1
1678279821484 0.2787387102744012 1
1678279822063 0.27828058996663113 1
1678279822641 0.27782319687214074 1
1678279823243 0.27737013501359664 1
1678279823868 0.2769186649870583 1
1678279824462 0.2764671478044577 1
1678279825029 0.276018545736792 1
1678279825589 0.27557718051222685 1
1678279826148 0.27514667005674115 1
1678279826707 0.2747196528403506 1
1678279827266 0.2742928701315525 1
1678279827824 0.27386627833247373 1
1678279828406 0.2734358437157118 1
1678279828990 0.273004235314633 1
1678279829556 0.27257356596208226 1
1678279830112 0.2721465514393669 1
1678279830670 0.2717239013248755 1
1678279831227 0.2713044021869397 1
1678279831784 0.27088718066773343 1
1678279832341 0.2704718055782318 1
1678279832898 0.2700583081006008 1
1678279833483 0.26964449922044503 1
1678279834063 0.2692325745810998 1
1678279834622 0.2688226329201124 1
1678279835184 0.2684140647217016 1
1678279835743 0.2680057473879228 1
1678279836300 0.2675981941692253 1
1678279836859 0.2671927948317934 1
1678279837417 0.26678939263089074 1
1678279837995 0.2663880895362575 1
1678279838586 0.2659878656472953 1
1678279839161 0.2655877119226316 1
1678279839719 0.26518854980951945 1
1678279840277 0.26479195949643586 1
1678279840838 0.26439610981716805 1
1678279841397 0.26400074809122454 1
1678279841955 0.2636065033705592 1
1678279842514 0.26321359600387895 1
1678279843079 0.26282179406497247 1
1678279843669 0.2624314857779865 1
1678279844242 0.2620420685444006 1
1678279844804 0.2616548480529867 1
1678279845362 0.26126781038848 1
1678279845921 0.2608819171796758 1
1678279846479 0.2604957036014999 1
1678279847037 0.26011179835138326 1
1678279847689 0.2597282364322539 1
1678279848264 0.2593446140907597 1
1678279848854 0.25896190207984243 1
1678279849417 0.25858119008823827 1
1678279849976 0.25820124101744996 1
1678279850534 0.25782266510084006 1
1678279851093 0.25744474591812916 1
1678279851656 0.25706844487235253 1
1678279852220 0.25669378670227405 1
1678279852784 0.25631934496186787 1
1678279853363 0.255943689005326 1
1678279853956 0.25556803166111897 1
1678279854526 0.25519435406833746 1
1678279855090 0.25482165516898536 1
1678279855654 0.2544484030456397 1
1678279856218 0.2540809449568853 1
1678279856782 0.25371666527062237 1
