1678279742495 0.16895303981644766 1
1678279743083 0.10211540971483503 1
1678279743763 0.08185710119349617 1
1678279744323 0.0826737689120429 1
1678279744882 0.08301025416169848 1
1678279745441 0.08633475750684738 1
1678279745999 0.08703099616936275 1
1678279746557 0.0835300503032548 1
1678279747116 0.08142700259174619 1
1678279747674 0.08112112326281411 1
1678279748259 0.08136466039078576 1
1678279748842 0.08104160002299718 1
1678279749402 0.08002315674509321 1
1678279749960 0.07906999439001083 1
1678279750519 0.0784413857119424 1
1678279751077 0.07783230713435582 1
1678279751634 0.07698637459959302 1
1678279752193 0.0760065232004438 1
1678279752751 0.07502486876079015 1
1678279753338 0.07397452209677015 1
1678279753921 0.07276074056114469 1
1678279754482 0.07146825109209333 1
1678279755042 0.07015852576919965 1
1678279755601 0.0688227042555809 1
1678279756159 0.06745424068399838 1
1678279756717 0.06611027675015586 1
1678279757276 0.06482491961547307 1
1678279757836 0.06360714456864766 1
1678279758424 0.06248702534607479 1
1678279759003 0.06140809931925365 1
1678279759561 0.06038083987576621 1
1678279760120 0.05939821632845061 1
1678279760677 0.0584289724273341 1
1678279761235 0.057499952614307404 1
1678279761793 0.05657503381371498 1
1678279762350 0.05566801450082234 1
1678279762915 0.054761677980422974 1
1678279763503 0.05385589918919972 1
1678279764081 0.05294701616678919 1
1678279764651 0.05203624229346003 1
1678279765212 0.051117646374872754 1
1678279765769 0.05019198464495795 1
1678279766327 0.049253820308617184 1
1678279766884 0.048299825617245266 1
1678279767442 0.04732593148946762 1
1678279768011 0.04632890543767384 1
1678279768598 0.04530304404241698 1
1678279769171 0.044245918946606774 1
1678279769802 0.0431540422141552 1
1678279770365 0.04202616906591824 1
1678279770929 0.04085147540484156 1
1678279771500 0.039630076714924405 1
1678279772059 0.03835514773215566 1
1678279772618 0.03703504428267479 1
1678279773195 0.03567181155085564 1
1678279773783 0.03427917457052639 1
1678279774353 0.03287712298333645 1
1678279774923 0.03148251319570201 1
1678279775482 0.030126985162496567 1
1678279776039 0.028808821524892534 1
1678279776597 0.02755010048193591 1
1678279777154 0.026377285697630475 1
1678279777712 0.02530144208243915 1
1678279778293 0.024348494995917593 1
1678279778882 0.023523619132382528 1
1678279779442 0.022817937125052725 1
1678279780000 0.022214840033224652 1
1678279780557 0.02170151551919324 1
1678279781116 0.021265282960874692 1
1678279781674 0.02089408758495535 1
1678279782232 0.020587129119251455 1
1678279782791 0.020335290847080096 1
1678279783377 0.02011746567274843 1
1678279783959 0.019928242745144025 1
1678279784529 0.019762983811753138 1
1678279785092 0.019614836999348233 1
1678279785650 0.01948082260787487 1
1678279786208 0.01935493972684656 1
1678279786767 0.019237202991332327 1
1678279787325 0.019128173323614255 1
1678279787885 0.01902883273682424 1
1678279788472 0.018937751384718076 1
1678279789052 0.018854554742574692 1
1678279789611 0.01877884447042431 1
1678279790169 0.01870891491749457 1
1678279790727 0.018642681650817394 1
1678279791286 0.01857936821345772 1
1678279791844 0.018519054033926556 1
1678279792402 0.018461260678512708 1
1678279792967 0.018405837139913013 1
1678279793554 0.018352560033755645 1
1678279794226 0.01830132651541914 1
1678279794791 0.018252097336309298 1
1678279795352 0.01820438594690391 1
1678279795911 0.018158286144690856 1
1678279796495 0.01811338615204607 1
1678279797085 0.018069656831877574 1
1678279797672 0.018027031661144326 1
1678279798278 0.017985462743256773 1
1678279798901 0.017944801465741227 1
1678279799499 0.017905073639537607 1
1678279800093 0.017866416834294796 1
1678279800680 0.017828378028103282 1
1678279801271 0.017791088803538253 1
1678279801857 0.017754299832241877 1
1678279802443 0.01771811316055911 1
1678279803041 0.017682543822697232 1
1678279803664 0.01764761283993721 1
1678279804275 0.01761317253112793 1
1678279804877 0.01757916927869831 1
1678279805465 0.017545505293778012 1
1678279806059 0.017512120040399686 1
1678279806657 0.01747924368828535 1
1678279807259 0.017446720573518957 1
1678279807854 0.01741473057440349 1
1678279808475 0.017383113503456116 1
1678279809082 0.017351719550788403 1
1678279809658 0.017320589561547552 1
1678279810235 0.017289610047425543 1
1678279810810 0.017258803759302412 1
1678279811388 0.017228282455887114 1
1678279811965 0.01719805278948375 1
1678279812542 0.01716805076492684 1
1678279813136 0.017138383218220303 1
1678279813759 0.01710882463625499 1
1678279814349 0.01707934814372233 1
1678279814926 0.01704994309693575 1
1678279815506 0.017020644220922674 1
1678279816092 0.016991748341492245 1
1678279816678 0.016963123343884945 1
1678279817265 0.016934490097420558 1
1678279817851 0.01690606719681195 1
1678279818470 0.016877850783722743 1
1678279819081 0.01684972790202924 1
1678279819664 0.016821804456412792 1
1678279820250 0.01679393196744578 1
1678279820836 0.016766303618039404 1
1678279821485 0.01673876174858638 1
1678279822065 0.016711202450096607 1
1678279822643 0.01668364940477269 1
1678279823245 0.016656252555549145 1
1678279823870 0.016628859032477652 1
1678279824464 0.016601563564368656 1
1678279825031 0.0165744780429772 1
1678279825591 0.016547856320227896 1
1678279826150 0.016521769176636423 1
1678279826709 0.016495810555560247 1
1678279827268 0.016469884663820267 1
1678279827826 0.01644401771149465 1
1678279828408 0.016418002944971834 1
1678279828992 0.01639192085713148 1
1678279829557 0.016365800318973407 1
1678279830114 0.016339777170547416 1
1678279830672 0.016313821077346802 1
1678279831228 0.0162879168721182 1
1678279831786 0.016262054842497622 1
1678279832343 0.01623624044337443 1
1678279832900 0.01621043429310833 1
1678279833485 0.01618456587727581 1
1678279834065 0.01615882239171437 1
1678279834623 0.016133140240396773 1
1678279835185 0.016107510775327682 1
1678279835744 0.016081840598157475 1
1678279836302 0.016056174146277562 1
1678279836860 0.016030497449849333 1
1678279837419 0.016004894993134906 1
1678279837997 0.015979306639305184 1
1678279838587 0.01595385997955288 1
1678279839163 0.015928409727556363 1
1678279839721 0.01590296918792384 1
1678279840279 0.015877573218728815 1
1678279840840 0.0158521690006767 1
1678279841398 0.01582675440503018 1
1678279841957 0.01580135085220848 1
1678279842515 0.015775949827262332 1
1678279843080 0.015750575411532606 1
1678279843670 0.01572523611996855 1
1678279844244 0.015699961754892553 1
1678279844805 0.015674712535526072 1
1678279845364 0.015649466376219476 1
1678279845923 0.01562424868877445 1
1678279846481 0.01559907863182681 1
1678279847038 0.015573988402528422 1
1678279847691 0.015548877950225557 1
1678279848266 0.015523729845881462 1
1678279848856 0.015498806057231767 1
1678279849419 0.015473998417811734 1
1678279849977 0.015449255970971925 1
1678279850535 0.01542458257504872 1
1678279851095 0.01539999432861805 1
1678279851658 0.015375486841159207 1
1678279852222 0.015351040288805962 1
1678279852785 0.01532656978815794 1
1678279853365 0.015302065892943315 1
1678279853958 0.015277534989374024 1
1678279854528 0.015253026171454362 1
1678279855092 0.015228518950087684 1
1678279855655 0.01520397128271205 1
1678279856219 0.015179615201694625 1
1678279856784 0.015155389638883727 1
