1678279742490 14.012723445892334 1
1678279743079 3.11072610105787 1
1678279743760 2.447383063180106 1
1678279744320 2.962831292833601 1
1678279744879 2.1591044664382935 1
1678279745438 1.9678283418927873 1
1678279745996 1.9755381516047887 1
1678279746554 1.8367886543273926 1
1678279747112 1.8166843823024206 1
1678279747671 1.8016022273472376 1
1678279748255 1.7608050107955933 1
1678279748839 1.7259212051119124 1
1678279749399 1.6882972036089217 1
1678279749957 1.6572661740439278 1
1678279750515 1.6250763280051095 1
1678279751073 1.58772987978799 1
1678279751631 1.5467987741742815 1
1678279752190 1.50490825516837 1
1678279752748 1.4599374873297555 1
1678279753335 1.4088487114225114 1
1678279753918 1.3547658239092146 1
1678279754479 1.3006193467548914 1
1678279755039 1.2458506311689104 1
1678279755598 1.1915819134031023 1
1678279756156 1.1386967216219221 1
1678279756714 1.0883340750421797 1
1678279757272 1.041660121509007 1
1678279757833 0.9992007442883083 1
1678279758421 0.9605688282421657 1
1678279759000 0.9245437043053764 1
1678279759558 0.8911658695765904 1
1678279760116 0.859543536390577 1
1678279760674 0.8294227463858468 1
1678279761232 0.8007215261459351 1
1678279761789 0.7728507093020848 1
1678279762347 0.7459152936935425 1
1678279762911 0.7195327792848859 1
1678279763500 0.6937886902264186 1
1678279764078 0.668492044721331 1
1678279764648 0.6437018939426967 1
1678279765208 0.6192591190338135 1
1678279765766 0.5952035869870868 1
1678279766324 0.5714067092963627 1
1678279766881 0.5477757837091174 1
1678279767439 0.5243208280631474 1
1678279768007 0.5009309521743229 1
1678279768595 0.4776013323238918 1
1678279769168 0.45426192453929354 1
1678279769798 0.4309097187859671 1
1678279770361 0.40748160651751925 1
1678279770926 0.3839908753122602 1
1678279771496 0.36046091999326435 1
1678279772056 0.33695596030780245 1
1678279772614 0.3136703499725887 1
1678279773192 0.2907711182321821 1
1678279773779 0.2684816760676248 1
1678279774349 0.247126328093665 1
1678279774919 0.22695167788437434 1
1678279775479 0.20828681119850703 1
1678279776036 0.19128522064004624 1
1678279776594 0.17604281859738485 1
1678279777151 0.1626271286181041 1
1678279777709 0.1510440930724144 1
1678279778290 0.1412653582436698 1
1678279778878 0.13317607449633734 1
1678279779439 0.12655894777604512 1
1678279779996 0.1212023560489927 1
1678279780554 0.11690757210765566 1
1678279781113 0.113529486315591 1
1678279781671 0.11089618397610528 1
1678279782229 0.10886426589318685 1
1678279782788 0.1072861020054136 1
1678279783373 0.10603225124733788 1
1678279783956 0.10497293621301651 1
1678279784526 0.10400078552109855 1
1678279785089 0.10305149001734597 1
1678279785647 0.10209734844309944 1
1678279786205 0.10114841269595283 1
1678279786764 0.10022521338292531 1
1678279787322 0.09935823615108218 1
1678279787881 0.09856489620038442 1
1678279788469 0.0978510177561215 1
1678279789049 0.09720872874770846 1
1678279789607 0.09662063419818878 1
1678279790166 0.09606834926775523 1
1678279790724 0.09553709945508412 1
1678279791282 0.09502024522849492 1
1678279791840 0.09451634330408913 1
1678279792399 0.09402476783309664 1
1678279792964 0.09354652890137263 1
1678279793551 0.09308266320398875 1
1678279794222 0.09263196587562561 1
1678279794788 0.09219480625220708 1
1678279795349 0.09176619723439217 1
1678279795908 0.09134525486401149 1
1678279796491 0.09093245970351356 1
1678279797082 0.09052790594952446 1
1678279797668 0.09012958513838905 1
1678279798275 0.08973921782204083 1
1678279798898 0.08935439054455076 1
1678279799496 0.08897647740585464 1
1678279800090 0.08860736872468676 1
1678279800677 0.08824180173022407 1
1678279801268 0.08788069177951131 1
1678279801854 0.08752316130059105 1
1678279802440 0.0871703497001103 1
1678279803037 0.08682227187923022 1
1678279803661 0.08647820140634264 1
1678279804271 0.08613882586359978 1
1678279804873 0.08580365351268224 1
1678279805462 0.08547187277248927 1
1678279806056 0.0851425225181239 1
1678279806653 0.08481802951012339 1
1678279807252 0.08449636399745941 1
1678279807851 0.08418140773262296 1
1678279808471 0.08387092820235661 1
1678279809079 0.0835627753819738 1
1678279809655 0.08325724729469844 1
1678279810232 0.08295280699219022 1
1678279810807 0.08265042943613869 1
1678279811385 0.08235203368323189 1
1678279811962 0.08205674056495939 1
1678279812538 0.0817652169082846 1
1678279813132 0.08147929715258735 1
1678279813755 0.08119529592139381 1
1678279814346 0.0809130391904286 1
1678279814923 0.0806320064834186 1
1678279815503 0.08035252456154142 1
1678279816089 0.08007811808160373 1
1678279816675 0.07980792384062495 1
1678279817261 0.07953711918422154 1
1678279817847 0.07926776153700692 1
1678279818467 0.07900006430489677 1
1678279819077 0.07873415680868286 1
1678279819660 0.07847105073077339 1
1678279820247 0.07820963114500046 1
1678279820833 0.07795126949037824 1
1678279821482 0.0776952686054366 1
1678279822061 0.07744008675217628 1
1678279822640 0.07718572872025627 1
1678279823241 0.07693419179746083 1
1678279823866 0.07668394701821464 1
1678279824461 0.07643408381513186 1
1678279825027 0.07618623759065356 1
1678279825587 0.07594278241906847 1
1678279826147 0.07570569004331316 1
1678279826705 0.07547088765672275 1
1678279827265 0.07523657860500473 1
1678279827823 0.07500273840767997 1
1678279828405 0.07476716062852315 1
1678279828989 0.07453131249972753 1
1678279829554 0.07429634886128562 1
1678279830111 0.07406374546033996 1
1678279830668 0.07383387855121068 1
1678279831225 0.07360607864601272 1
1678279831782 0.07337986465011324 1
1678279832339 0.07315499761274882 1
1678279832897 0.07293148977415902 1
1678279833482 0.07270815595984459 1
1678279834062 0.07248617921556745 1
1678279834620 0.0722656079701015 1
1678279835182 0.07204611014042582 1
1678279835741 0.07182708063295909 1
1678279836299 0.07160879352263042 1
1678279836857 0.07139198961002487 1
1678279837416 0.07117658002035958 1
1678279837975 0.07096261424677712 1
1678279838584 0.07074954467160362 1
1678279839159 0.07053683272429875 1
1678279839718 0.07032496695007596 1
1678279840276 0.07011478181396212 1
1678279840836 0.069905302886452 1
1678279841395 0.06969639499272619 1
1678279841954 0.06948838861925262 1
1678279842512 0.0692813971212932 1
1678279843077 0.0690752954355308 1
1678279843667 0.06887028472764152 1
1678279844241 0.06866604568702835 1
1678279844802 0.06846325950963157 1
1678279845361 0.06826086874519076 1
1678279845919 0.06805937471134323 1
1678279846477 0.06785801159484046 1
1678279847035 0.06765814764159066 1
1678279847687 0.06745875680020877 1
1678279848262 0.06725962885788508 1
1678279848852 0.0670612667288099 1
1678279849416 0.06686423186744962 1
1678279849974 0.06666788086295128 1
1678279850532 0.06647252663969994 1
1678279851091 0.06627779720085007 1
1678279851654 0.06608418534908976 1
1678279852218 0.06589170013155256 1
1678279852782 0.06569960660168103 1
1678279853361 0.06550717194165502 1
1678279853955 0.06531501880713872 1
1678279854525 0.06512415834835597 1
1678279855088 0.06493407594306129 1
1678279855652 0.0647439898124763 1
1678279856216 0.0645571265901838 1
1678279856781 0.06437214623604502 1
