1678282748463 34.10915132485067 1
1678282749061 33.89136543764029 1
1678282749654 33.63075360277591 1
1678282750246 33.30042361428192 1
1678282750838 32.858203183711275 1
1678282751430 32.23680140376979 1
1678282752022 31.274214251532864 1
1678282752633 29.810480123060927 1
1678282753260 27.72959387234755 1
1678282753865 25.002388540333886 1
1678282754470 21.727714258396606 1
1678282755072 18.376385309402405 1
1678282755664 16.092811741243924 1
1678282756256 15.6982794751765 1
1678282756847 15.774482711314825 1
1678282757445 15.472250432541015 1
1678282758071 15.283794827517792 1
1678282758684 15.213256883022757 1
1678282759284 15.12217064417769 1
1678282759860 15.018746641451344 1
1678282760434 14.928168374159453 1
1678282761011 14.842728759512513 1
1678282761585 14.755771348388992 1
1678282762160 14.67063444723516 1
1678282762769 14.586715426472685 1
1678282763394 14.502579483076326 1
1678282763999 14.418436972309788 1
1678282764686 14.334345109108796 1
1678282765280 14.25015839988228 1
1678282765873 14.165825296843131 1
1678282766465 14.081199512290798 1
1678282767058 13.996110570491467 1
1678282767668 13.910441063122029 1
1678282768292 13.82407935862999 1
1678282768893 13.73689243724032 1
1678282769492 13.648714279074758 1
1678282770085 13.559348548258242 1
1678282770682 13.468573994256243 1
1678282771275 13.376133624981033 1
1678282771866 13.281700688256494 1
1678282772465 13.184821371414998 1
1678282773090 13.08478548034112 1
1678282773699 12.980212988108375 1
1678282774291 12.867429245441365 1
1678282774884 12.739304017730571 1
1678282775477 12.61239663991389 1
1678282776069 12.47889025620336 1
1678282776662 12.331732166098092 1
1678282777254 12.166324807258299 1
1678282777875 11.980453557299743 1
1678282778493 11.762645467921656 1
1678282779091 11.518107877686823 1
1678282779684 11.240942660483377 1
1678282780276 10.93371825565179 1
1678282780869 10.588216809916457 1
1678282781462 10.1991526019289 1
1678282782055 9.782413248093397 1
1678282782664 9.314958110814887 1
1678282783288 8.80144266960856 1
1678282783886 8.297452424702385 1
1678282784469 7.798089562672535 1
1678282785053 7.311119163473045 1
1678282785636 6.84204980244175 1
1678282786220 6.398405092624083 1
1678282786803 5.986674975568358 1
1678282787390 5.61306962834421 1
1678282788014 5.279118292292951 1
1678282788624 4.982992456268754 1
1678282789207 4.720378699316279 1
1678282789781 4.4875093009903955 1
1678282790428 4.279587646681982 1
1678282791003 4.092810103784056 1
1678282791579 3.924516390857392 1
1678282792153 3.7730521518973403 1
1678282792760 3.637572561297816 1
1678282793383 3.5173260354945155 1
1678282793987 3.4119200903920524 1
1678282794580 3.3206800446519233 1
1678282795173 3.2423929960223274 1
1678282795765 3.1757489251191062 1
1678282796356 3.1187230967123845 1
1678282796948 3.069737659639864 1
1678282797551 3.0277031779178247 1
1678282798175 2.9913368026038167 1
1678282798782 2.9595881039088754 1
1678282799374 2.9316871547156045 1
1678282799965 2.907037420292274 1
1678282800557 2.8851264058712527 1
1678282801149 2.8655420246463494 1
1678282801743 2.8479599264694815 1
1678282802339 2.832198908310806 1
1678282802963 2.818107101982575 1
1678282803579 2.805482726595905 1
1678282804178 2.7942327514485843 1
1678282804771 2.784118006352192 1
1678282805363 2.774972005283144 1
1678282805956 2.7667378302639642 1
1678282806548 2.7593078881609934 1
1678282807141 2.7525878842525255 1
1678282807753 2.746532545437138 1
1678282808376 2.740991054260063 1
1678282808970 2.735839750378861 1
1678282809554 2.7310436399029854 1
1678282810137 2.726585959584593 1
1678282810721 2.7224605526719143 1
1678282811301 2.7186016424381685 1
1678282811875 2.7149680129778546 1
1678282812458 2.711493305192708 1
1678282813083 2.708150512337689 1
1678282813693 2.7048643077846455 1
1678282814285 2.70164758075026 1
1678282814877 2.6985326766118227 1
1678282815471 2.695517547579418 1
1678282816067 2.6926038823173863 1
1678282816662 2.6897652289905722 1
1678282817256 2.686957066845351 1
1678282817976 2.68425405164183 1
1678282818584 2.6816658111713605 1
1678282819159 2.679196682569535 1
1678282819734 2.676660648188294 1
1678282820309 2.6740277253759825 1
1678282820884 2.6714796317126166 1
1678282821460 2.6690206682074353 1
1678282822034 2.6666621934762404 1
1678282822631 2.6643119091176546 1
1678282823256 2.661915048244173 1
1678282823858 2.659544880711123 1
1678282824450 2.6572630288890444 1
1678282825042 2.655011992900816 1
1678282825636 2.652703541519247 1
1678282826229 2.650434381814717 1
1678282826822 2.6482438934202674 1
1678282827418 2.646086332785497 1
1678282828044 2.643960608248899 1
1678282828655 2.641845111684947 1
1678282829248 2.6397629763356383 1
1678282829839 2.6377527992624876 1
1678282830431 2.635787402167859 1
1678282831023 2.633853824469294 1
1678282831615 2.6319519939458917 1
1678282832207 2.630087949451944 1
1678282832821 2.628269689357087 1
1678282833440 2.626490448791528 1
1678282834032 2.6247468813352794 1
1678282834624 2.623034357601635 1
1678282835216 2.621306487285015 1
1678282835808 2.6196040662619566 1
1678282836400 2.617919325029637 1
1678282836992 2.6162360896047385 1
1678282837595 2.614583634398401 1
1678282838218 2.6129696171650987 1
1678282838817 2.6113671366013924 1
1678282839409 2.6097770883656426 1
1678282840002 2.6081790973649674 1
1678282840594 2.6066335042438222 1
1678282841186 2.6051154045145766 1
1678282841778 2.6035545966792695 1
1678282842370 2.6020162179386395 1
1678282842993 2.6004803737761373 1
1678282843604 2.598944735953335 1
1678282844196 2.597403285967748 1
1678282844789 2.595889615704932 1
1678282845381 2.5943713469833565 1
1678282846045 2.5928781064930124 1
1678282846639 2.5913897229549914 1
1678282847232 2.5899763248032732 1
1678282847848 2.5885616022847984 1
1678282848470 2.587165471810381 1
1678282849066 2.585750225663404 1
1678282849658 2.584331502727946 1
1678282850252 2.5829140971935693 1
1678282850844 2.581496164096074 1
1678282851437 2.5800427590858086 1
1678282852029 2.5785881386122247 1
1678282852633 2.5771441158385855 1
1678282853257 2.5757132474913673 1
1678282853859 2.5742134840088804 1
1678282854452 2.57277239396292 1
1678282855044 2.5713411725041544 1
1678282855636 2.5699601521989024 1
1678282856228 2.5686284593051654 1
1678282856820 2.567330807884293 1
1678282857459 2.566060400625413 1
1678282858086 2.564750759536694 1
1678282858694 2.5634695471842783 1
1678282859286 2.5621969595437677 1
1678282859879 2.5609208268625547 1
1678282860472 2.5596431131957207 1
1678282861064 2.558361526317346 1
1678282861657 2.5570556676755305 1
1678282862249 2.555768398868657 1
1678282862864 2.5545161211851064 1
1678282863481 2.5532686719042923 1
1678282864073 2.552021160054237 1
1678282864665 2.5507666955239303 1
1678282865257 2.5495482848750246 1
1678282865848 2.548366674819145 1
1678282866440 2.5471584687214155 1
1678282867032 2.545934250961355 1
1678282867635 2.544710367784333 1
