1678282748466 0.9566914013453892 1
1678282749064 0.9440350617681231 1
1678282749656 0.9288627420152936 1
1678282750248 0.9095847521509443 1
1678282750840 0.8836732932499477 1
1678282751432 0.8465759839330401 1
1678282752024 0.790526671069009 1
1678282752635 0.7206793853214809 1
1678282753262 0.6550105469567435 1
1678282753867 0.6114423615591866 1
1678282754472 0.6050899113927569 1
1678282755074 0.656294618334089 1
1678282755666 0.7756976059504918 1
1678282756258 0.9029034631592887 1
1678282756849 0.9389263391494751 1
1678282757448 0.8916418722697667 1
1678282758073 0.838688748223441 1
1678282758686 0.8120867524828229 1
1678282759286 0.8087157777377537 1
1678282759862 0.8159653714724949 1
1678282760436 0.8215638484273639 1
1678282761013 0.8193270649228778 1
1678282761587 0.8109371662139893 1
1678282762162 0.8018287335123334 1
1678282762771 0.795249308858599 1
1678282763397 0.7910116059439523 1
1678282764001 0.7872856514794486 1
1678282764688 0.7827240824699402 1
1678282765282 0.7772670388221741 1
1678282765875 0.771582407610757 1
1678282766468 0.7661767942564828 1
1678282767060 0.7610339011464801 1
1678282767670 0.7558647734778268 1
1678282768294 0.7505067331450326 1
1678282768895 0.7449930991445269 1
1678282769494 0.7394326754978725 1
1678282770087 0.7338367104530334 1
1678282770684 0.7281414525849479 1
1678282771277 0.7222930533545358 1
1678282771868 0.7162714430264064 1
1678282772468 0.7100541932242257 1
1678282773092 0.7035762412207467 1
1678282773701 0.6966736401830401 1
1678282774293 0.6887889504432678 1
1678282774886 0.6777630363191877 1
1678282775479 0.6699327741350446 1
1678282776071 0.6692132353782654 1
1678282776664 0.6538200548716954 1
1678282777256 0.6398876053946358 1
1678282777877 0.6260319948196411 1
1678282778495 0.6142129898071289 1
1678282779093 0.5942871868610382 1
1678282779686 0.5774824747017452 1
1678282780279 0.5630128809383937 1
1678282780872 0.5441804485661643 1
1678282781464 0.5190632471016475 1
1678282782057 0.4930077918938228 1
1678282782666 0.46590333751269747 1
1678282783290 0.43422807114464895 1
1678282783888 0.40693039127758573 1
1678282784471 0.3809847618852343 1
1678282785055 0.35439370359693256 1
1678282785638 0.3294183186122349 1
1678282786222 0.30646346296582905 1
1678282786805 0.2851461427552359 1
1678282787392 0.26536502156938824 1
1678282788016 0.24712473366941726 1
1678282788626 0.23035364065851485 1
1678282789209 0.2150406198842185 1
1678282789783 0.20119690469333104 1
1678282790430 0.18882751890591212 1
1678282791005 0.17790237920624868 1
1678282791581 0.16815823955195291 1
1678282792155 0.1594991215637752 1
1678282792763 0.15184356485094344 1
1678282793385 0.1451134287885257 1
1678282793989 0.13923766357558115 1
1678282794582 0.13419224002531596 1
1678282795175 0.12980618327856064 1
1678282795767 0.12602372573954718 1
1678282796358 0.12277352809906006 1
1678282796950 0.12002971874816078 1
1678282797553 0.1176759877375194 1
1678282798177 0.11567321526152748 1
1678282798784 0.11397645835365568 1
1678282799376 0.11250819585153035 1
1678282799967 0.11123834337506976 1
1678282800559 0.11014566038336072 1
1678282801151 0.10916077026299068 1
1678282801745 0.10831362754106522 1
1678282802341 0.10755390461002078 1
1678282802965 0.1068667961018426 1
1678282803581 0.10624915042093822 1
1678282804180 0.10569302418402263 1
1678282804773 0.1051918449146407 1
1678282805365 0.10472490851368223 1
1678282805958 0.10429220859493528 1
1678282806550 0.10389338965926852 1
1678282807143 0.10353153411831174 1
1678282807755 0.10320691019296646 1
1678282808378 0.10290738620928355 1
1678282808972 0.10262399166822433 1
1678282809556 0.10235596341746193 1
1678282810139 0.10210319395576205 1
1678282810723 0.10186553640025002 1
1678282811302 0.1016392463019916 1
1678282811877 0.10142307302781514 1
1678282812460 0.10121692717075348 1
1678282813085 0.10102095987115588 1
1678282813695 0.10083536165101188 1
1678282814287 0.10065520235470363 1
1678282814879 0.10048091730901174 1
1678282815474 0.10031247245413917 1
1678282816069 0.10014933028391429 1
1678282816664 0.0999910831451416 1
1678282817259 0.09983808121510915 1
1678282817978 0.09969099504607064 1
1678282818586 0.09954870917967387 1
1678282819161 0.09941126725503377 1
1678282819736 0.09927475771733693 1
1678282820311 0.0991400522845132 1
1678282820886 0.09901106783321925 1
1678282821462 0.09888575758252825 1
1678282822036 0.09876339563301631 1
1678282822633 0.09864170530012675 1
1678282823258 0.09852064081600734 1
1678282823860 0.09840091637202672 1
1678282824452 0.09828337814126696 1
1678282825044 0.09816874244383403 1
1678282825638 0.09805433239255633 1
1678282826231 0.09794125067336219 1
1678282826824 0.0978303998708725 1
1678282827420 0.09772105302129473 1
1678282828046 0.09761337403740201 1
1678282828657 0.0975069169487272 1
1678282829250 0.09740141885621208 1
1678282829841 0.09729791964803423 1
1678282830433 0.09719587223870414 1
1678282831025 0.0970953032374382 1
1678282831617 0.09699605724641255 1
1678282832209 0.09689813532999583 1
1678282832824 0.09680178761482239 1
1678282833442 0.09670682783637728 1
1678282834034 0.09661304205656052 1
1678282834626 0.096521971481187 1
1678282835218 0.09643141286713737 1
1678282835810 0.09634297021797725 1
1678282836402 0.0962562422667231 1
1678282836994 0.09617021786315101 1
1678282837597 0.09608497151306697 1
1678282838220 0.09600089916161128 1
1678282838819 0.09591837972402573 1
1678282839411 0.09583697255168643 1
1678282840004 0.09575566330126353 1
1678282840596 0.09567537903785706 1
1678282841188 0.09559561099324908 1
1678282841780 0.09551599089588438 1
1678282842372 0.09543895508561816 1
1678282842996 0.0953626206942967 1
1678282843606 0.09528707074267524 1
1678282844198 0.09521253832748958 1
1678282844791 0.0951391767178263 1
1678282845383 0.0950667102422033 1
1678282846047 0.09499516976731164 1
1678282846641 0.09492451484714236 1
1678282847234 0.09485592373779841 1
1678282847850 0.09478703141212463 1
1678282848472 0.09471851374421801 1
1678282849068 0.09464980661869049 1
1678282849661 0.09458188393286296 1
1678282850254 0.09451503519501005 1
1678282850846 0.09444926040513175 1
1678282851439 0.09438279696873256 1
1678282852031 0.0943160844700677 1
1678282852636 0.09424946989331927 1
1678282853259 0.09418287021773201 1
1678282853861 0.09411488579852241 1
1678282854454 0.09404825844935008 1
1678282855046 0.09398211964539119 1
1678282855638 0.09391689406973976 1
1678282856230 0.09385265729257039 1
1678282856822 0.0937888930950846 1
1678282857462 0.09372545991625104 1
1678282858088 0.09366104432514735 1
1678282858696 0.09359690121241979 1
1678282859288 0.09353250477995191 1
1678282859881 0.09346762725285121 1
1678282860474 0.09340267096246992 1
1678282861066 0.09333801695278712 1
1678282861659 0.09327305001871926 1
1678282862251 0.0932086312345096 1
1678282862866 0.0931448404278074 1
1678282863483 0.09308098150151116 1
1678282864075 0.09301705551998955 1
1678282864667 0.09295286663940974 1
1678282865259 0.09288905028785978 1
1678282865850 0.0928253126995904 1
1678282866442 0.09276029467582703 1
1678282867034 0.09269440386976514 1
1678282867638 0.09262804367712565 1
