1678282748460 1163.4342041015625 1
1678282749059 1148.6246512276787 1
1678282749652 1131.027587890625 1
1678282750244 1108.918212890625 1
1678282750836 1079.6615164620537 1
1678282751428 1039.2113647460938 1
1678282752020 978.0764770507812 1
1678282752631 888.6647251674107 1
1678282753258 768.9303763253348 1
1678282753863 625.1194327218192 1
1678282754467 472.09356689453125 1
1678282755070 337.6915370396205 1
1678282755662 258.9785897391183 1
1678282756254 246.43597848074776 1
1678282756845 248.8343048095703 1
1678282757443 239.39053344726562 1
1678282758069 233.5943843296596 1
1678282758682 231.44318498883928 1
1678282759282 228.68004499162947 1
1678282759858 225.56275068010603 1
1678282760432 222.85021100725447 1
1678282761009 220.30659702845983 1
1678282761583 217.7327880859375 1
1678282762157 215.2275150844029 1
1678282762766 212.7722669328962 1
1678282763392 210.32481166294642 1
1678282763997 207.89132472446985 1
1678282764684 205.47344970703125 1
1678282765278 203.06701442173548 1
1678282765871 200.6706063406808 1
1678282766463 198.2801797049386 1
1678282767056 195.89111110142298 1
1678282767666 193.5003705705915 1
1678282768290 191.10517011369978 1
1678282768891 188.70221383231026 1
1678282769490 186.2874014718192 1
1678282770083 183.8559330531529 1
1678282770680 181.40248543875558 1
1678282771273 178.92095075334822 1
1678282771864 176.40357317243303 1
1678282772463 173.83951459612166 1
1678282773088 171.21161106654577 1
1678282773697 168.48592921665735 1
1678282774289 165.57073538643974 1
1678282774882 162.2898668561663 1
1678282775475 159.07254900251115 1
1678282776067 155.7227020263672 1
1678282776660 152.07161821637834 1
1678282777252 148.0194593157087 1
1678282777872 143.53126743861608 1
1678282778491 138.35982840401786 1
1678282779089 132.66680908203125 1
1678282779682 126.35879189627511 1
1678282780274 119.54619489397321 1
1678282780867 112.11033521379743 1
1678282781460 104.02271379743304 1
1678282782052 95.69560895647321 1
1678282782661 86.76844460623605 1
1678282783285 77.46539306640625 1
1678282783884 68.8477167401995 1
1678282784467 60.81020082746233 1
1678282785051 53.45246342250279 1
1678282785634 46.81364549909319 1
1678282786218 40.9395877293178 1
1678282786801 35.840277263096404 1
1678282787387 31.506550652640207 1
1678282788011 27.869089944022043 1
1678282788622 24.830213819231307 1
1678282789205 22.281975064958846 1
1678282789779 20.137739726475306 1
1678282790426 18.31487042563302 1
1678282791001 16.751094545636857 1
1678282791577 15.40182890210833 1
1678282792151 14.235922540937151 1
1678282792758 13.231934138706752 1
1678282793380 12.371582439967565 1
1678282793985 11.641198703220912 1
1678282794578 11.026915958949498 1
1678282795170 10.513112340654645 1
1678282795762 10.08538123539516 1
1678282796354 9.726433753967285 1
1678282796946 9.42328929901123 1
1678282797548 9.166986533573695 1
1678282798172 8.948095866612025 1
1678282798779 8.759161744798933 1
1678282799372 8.594789573124476 1
1678282799963 8.450866562979561 1
1678282800555 8.323954377855573 1
1678282801146 8.2113310950143 1
1678282801740 8.110875742776054 1
1678282802336 8.02135065623692 1
1678282802960 7.941727638244629 1
1678282803576 7.870733329227993 1
1678282804175 7.807736669267927 1
1678282804768 7.7513130732945035 1
1678282805361 7.700469630105155 1
1678282805954 7.6548382214137485 1
1678282806546 7.6137800216674805 1
1678282807139 7.576740060533796 1
1678282807751 7.543441023145403 1
1678282808374 7.513031959533691 1
1678282808968 7.4848191397530695 1
1678282809552 7.458599363054548 1
1678282810135 7.434270995003836 1
1678282810719 7.4117914608546664 1
1678282811298 7.390794890267508 1
1678282811873 7.37105131149292 1
1678282812456 7.352195944104876 1
1678282813081 7.334079197474888 1
1678282813691 7.316290923527309 1
1678282814283 7.2988996505737305 1
1678282814875 7.282078606741769 1
1678282815469 7.265814849308559 1
1678282816064 7.250115667070661 1
1678282816659 7.234836987086704 1
1678282817253 7.219738279070173 1
1678282817973 7.205219813755581 1
1678282818582 7.19133152280535 1
1678282819157 7.178094863891602 1
1678282819732 7.16451222555978 1
1678282820306 7.15042427607945 1
1678282820882 7.136803422655378 1
1678282821458 7.123671327318464 1
1678282822032 7.111087254115513 1
1678282822629 7.098557949066162 1
1678282823254 7.085791724068778 1
1678282823856 7.073178972516741 1
1678282824448 7.061046804700579 1
1678282825040 7.049088682447161 1
1678282825634 7.036836079188755 1
1678282826227 7.02480241230556 1
1678282826820 7.013195719037737 1
1678282827416 7.001772880554199 1
1678282828042 6.990527697971889 1
1678282828652 6.979345594133649 1
1678282829245 6.968348571232387 1
1678282829837 6.95773983001709 1
1678282830429 6.947375229426792 1
1678282831021 6.9371859686715265 1
1678282831613 6.9271712984357565 1
1678282832204 6.917362621852329 1
1678282832819 6.907801559993199 1
1678282833438 6.898452077593122 1
1678282834030 6.889296191079276 1
1678282834622 6.8803092411586215 1
1678282835214 6.871247700282505 1
1678282835806 6.862325463976179 1
1678282836398 6.85350159236363 1
1678282836990 6.844691276550293 1
1678282837592 6.8360475812639505 1
1678282838215 6.827610220227923 1
1678282838815 6.819238322121756 1
1678282839407 6.810936450958252 1
1678282840000 6.802598203931536 1
1678282840592 6.794538225446429 1
1678282841184 6.786626270839146 1
1678282841776 6.778496537889753 1
1678282842368 6.770488398415702 1
1678282842991 6.76249817439488 1
1678282843602 6.754513740539551 1
1678282844194 6.746503829956055 1
1678282844787 6.7386428969247 1
1678282845379 6.7307626860482355 1
1678282846043 6.7230168751307895 1
1678282846636 6.7153006962367465 1
1678282847230 6.707977363041469 1
1678282847846 6.700651168823242 1
1678282848468 6.693425178527832 1
1678282849063 6.686104229518345 1
1678282849656 6.678769315992083 1
1678282850249 6.671445233481271 1
1678282850842 6.664122445242746 1
1678282851435 6.656620638711112 1
1678282852027 6.649116788591657 1
1678282852631 6.641671793801444 1
1678282853254 6.634298733302525 1
1678282853857 6.626575061253139 1
1678282854450 6.619157791137695 1
1678282855042 6.611795425415039 1
1678282855633 6.604695183890207 1
1678282856226 6.597852161952427 1
1678282856817 6.591187477111816 1
1678282857410 6.584665979657855 1
1678282858083 6.57794645854405 1
1678282858692 6.571376119341169 1
1678282859284 6.564853259495327 1
1678282859876 6.558315481458392 1
1678282860469 6.55177286693028 1
1678282861062 6.54521369934082 1
1678282861654 6.538533687591553 1
1678282862246 6.531952108655657 1
1678282862862 6.525552613394601 1
1678282863479 6.519180910927909 1
1678282864071 6.512812001364572 1
1678282864663 6.506410734994071 1
1678282865254 6.50019645690918 1
1678282865846 6.4941727093287875 1
1678282866438 6.488016264779227 1
1678282867030 6.481781210218157 1
1678282867633 6.475550855909075 1
