1678283253416 34.849084963536114 1
1678283254046 34.849084963536114 1
1678283254638 34.849084963536114 1
1678283255231 34.849084963536114 1
1678283255823 34.849084963536114 1
1678283256415 34.849084963536114 1
1678283257008 34.849084963536114 1
1678283257601 34.849084963536114 1
1678283258210 34.849084963536114 1
1678283258835 34.849084963536114 1
1678283259435 34.849084963536114 1
1678283260030 34.849084963536114 1
1678283260624 34.849084963536114 1
1678283261217 34.849084963536114 1
1678283261809 34.849084963536114 1
1678283262403 34.849084963536114 1
1678283262999 34.849084963536114 1
1678283263625 34.849084963536114 1
1678283264241 34.849084963536114 1
