1678283253419 0.9999999914850507 1
1678283254048 0.9999999914850507 1
1678283254640 0.9999999914850507 1
1678283255233 0.9999999914850507 1
1678283255825 0.9999999914850507 1
1678283256418 0.9999999914850507 1
1678283257010 0.9999999914850507 1
1678283257603 0.9999999914850507 1
1678283258212 0.9999999914850507 1
1678283258837 0.9999999914850507 1
1678283259437 0.9999999914850507 1
1678283260032 0.9999999914850507 1
1678283260626 0.9999999914850507 1
1678283261219 0.9999999914850507 1
1678283261811 0.9999999914850507 1
1678283262405 0.9999999914850507 1
1678283263002 0.9999999914850507 1
1678283263627 0.9999999914850507 1
1678283264243 0.9999999914850507 1
