1678283253412 1214.4587227957588 1
1678283254044 1214.4587227957588 1
1678283254636 1214.4587227957588 1
1678283255229 1214.4587227957588 1
1678283255821 1214.4587227957588 1
1678283256413 1214.4587227957588 1
1678283257006 1214.4587227957588 1
1678283257599 1214.4587227957588 1
1678283258207 1214.4587227957588 1
1678283258833 1214.4587227957588 1
1678283259433 1214.4587227957588 1
1678283260027 1214.4587227957588 1
1678283260622 1214.4587227957588 1
1678283261215 1214.4587227957588 1
1678283261807 1214.4587227957588 1
1678283262401 1214.4587227957588 1
1678283262997 1214.4587227957588 1
1678283263623 1214.4587227957588 1
1678283264239 1214.4587227957588 1
