1678282736416 0.9999999914850507 1
1678282737011 0.9999999914850507 1
1678282737623 0.9999999914850507 1
1678282738322 0.9999999914850507 1
1678282738927 0.9999999914850507 1
1678282739532 0.9999999914850507 1
1678282740131 0.9999999914850507 1
1678282740724 0.9999999914850507 1
1678282741315 0.9999999914850507 1
1678282741907 0.9999999914850507 1
1678282742509 0.9999999914850507 1
1678282743135 0.9999999914850507 1
1678282743742 0.9999999914850507 1
1678282744346 0.9999999914850507 1
1678282744945 0.9999999914850507 1
1678282745536 0.9999999914850507 1
1678282746126 0.9999999914850507 1
1678282746717 0.9999999914850507 1
1678282747308 0.9999999914850507 1
