1678281269713 2.2935589429757606 1
1678281270313 1.5524593030791858 1
1678281270920 0.8115538705670972 1
1678281271531 0.2973521823588017 1
1678281272202 0.44286223736317976 1
1678281272800 0.37260159357015493 1
1678281273398 0.23136346253834159 1
1678281273994 0.24156524996795184 1
1678281274590 0.24108187066906253 1
1678281275186 0.2168901775392042 1
1678281275792 0.21226535068720684 1
1678281276412 0.2112849404206189 1
1678281277017 0.20640035083723837 1
1678281277613 0.20421764308643217 1
1678281278209 0.20226892391268433 1
1678281278805 0.1997943458123439 1
1678281279401 0.1976222095923719 1
1678281279996 0.19540194506893785 1
1678281280596 0.19318371316992683 1
1678281281213 0.19100977467708713 1
1678281281822 0.18880552177555388 1
1678281282421 0.18659310833632425 1
1678281283016 0.18438058012260744 1
1678281283613 0.18217445338739174 1
1678281284210 0.17997860799249935 1
1678281284806 0.17778734768158375 1
1678281285401 0.17560384820564065 1
1678281286016 0.17343312369045344 1
1678281286634 0.17127931153560683 1
1678281287242 0.16914380742939464 1
1678281287840 0.1670280360700654 1
1678281288437 0.16493348931290253 1
1678281289033 0.16285506811454667 1
1678281289628 0.16080090576459358 1
1678281290222 0.1587647966308063 1
1678281290827 0.15674119275202428 1
1678281291445 0.15473283929627218 1
1678281292054 0.15273398941822044 1
1678281292661 0.15075253358595977 1
1678281293257 0.14879944152679847 1
1678281293852 0.14688435714200973 1
1678281294447 0.1450117493523652 1
1678281295042 0.1431780876281285 1
1678281295640 0.14138259117722185 1
1678281296258 0.13962420387628985 1
1678281296865 0.13790212673567964 1
1678281297554 0.13621439450736006 1
1678281298151 0.13455022653683263 1
1678281298747 0.1329235371076064 1
1678281299343 0.13133231502409376 1
1678281299939 0.12977031472005326 1
1678281300534 0.12824657737104173 1
1678281301145 0.12676071058298524 1
1678281301755 0.12531246731872867 1
1678281302363 0.1239015035608388 1
1678281302971 0.12252468829925083 1
1678281303569 0.1211780296558767 1
1678281304167 0.11986556985736971 1
1678281304764 0.11858579775532824 1
1678281305358 0.11733694935129838 1
1678281305964 0.11610924769789355 1
1678281306575 0.11490689116061623 1
1678281307183 0.11373472236721154 1
1678281307788 0.11259240204480774 1
1678281308385 0.1114802796693046 1
1678281308981 0.1103959127057784 1
1678281309576 0.10933765222587857 1
1678281310171 0.1083044146967946 1
1678281310771 0.10729393771737922 1
1678281311382 0.10630546891775189 1
1678281311991 0.10534096569572045 1
1678281312599 0.1044004047397796 1
1678281313196 0.10348307863936954 1
1678281313791 0.10258790040361428 1
1678281314386 0.10171255519179863 1
1678281314981 0.1008555440501241 1
1678281315576 0.10001735323814691 1
1678281316187 0.09919617907597396 1
1678281316797 0.09839179721318676 1
1678281317393 0.09760372281894468 1
1678281317989 0.09683548943141088 1
1678281318585 0.09608448170227522 1
1678281319181 0.09534804804407603 1
1678281319777 0.09462369064800422 1
1678281320374 0.09391078898107973 1
1678281320983 0.09320785733248761 1
1678281321600 0.0925083913239506 1
1678281322207 0.09181490716676363 1
1678281322814 0.09113144319010241 1
1678281323418 0.09045637181942724 1
1678281324021 0.08978774527232802 1
1678281324625 0.08912540444056559 1
1678281325221 0.08847048830939716 1
1678281325898 0.08782260851502162 1
1678281326511 0.08718117719873353 1
1678281327121 0.0865466863156764 1
1678281327728 0.08591826760913962 1
1678281328336 0.08529506012162227 1
1678281328938 0.08467740909659685 1
1678281329533 0.08406547459646216 1
1678281330128 0.08345926519461512 1
1678281330726 0.08285782992334735 1
1678281331341 0.08226164063762328 1
1678281331955 0.08167024001626162 1
1678281332563 0.08108419391759046 1
1678281333163 0.08050215582602117 1
1678281333758 0.07992188025979136 1
1678281334353 0.07934566309162848 1
1678281334948 0.07877537163348526 1
1678281335543 0.07821513791774398 1
1678281336160 0.07765879300089694 1
1678281336778 0.0771021391459514 1
1678281337374 0.07655181639926673 1
1678281337969 0.07600780670991131 1
1678281338564 0.07546791116600318 1
1678281339160 0.07492843734008763 1
1678281339755 0.07439145295217237 1
1678281340350 0.07385673871310473 1
1678281340958 0.07332549080787201 1
1678281341579 0.07279814721875691 1
1678281342178 0.07227393925459635 1
1678281342773 0.07175324668512015 1
1678281343368 0.07124000207700089 1
1678281343963 0.07073692321787335 1
1678281344558 0.07023986449809044 1
1678281345154 0.06974617963366625 1
1678281345757 0.06925723869166557 1
1678281346379 0.06877996886653127 1
1678281346988 0.06830706102998742 1
1678281347584 0.06783595773295208 1
1678281348180 0.06736904254348815 1
1678281348781 0.06690449958611631 1
1678281349377 0.06644096589042031 1
1678281349973 0.06597909994157447 1
1678281350570 0.06552063029624232 1
1678281351187 0.065063498033588 1
1678281351801 0.06460881780814756 1
1678281352396 0.06415594781409993 1
1678281352991 0.06370261284741506 1
1678281353585 0.06325234384945495 1
1678281354275 0.06280576336792468 1
1678281354872 0.06236123455350521 1
1678281355469 0.061919452384065335 1
1678281356081 0.061480823126193636 1
1678281356702 0.06104641919440298 1
1678281357297 0.06062146533142745 1
1678281357892 0.060203747618055546 1
1678281358486 0.05978781493446724 1
1678281359081 0.05937497981060373 1
1678281359676 0.05896720401713592 1
1678281360271 0.0585621223353016 1
1678281360873 0.05815924603620981 1
1678281361495 0.05775985534722327 1
1678281362103 0.05736226079015406 1
1678281362698 0.05696708910349264 1
1678281363294 0.05657391160327395 1
1678281363890 0.056181547170712255 1
1678281364485 0.055791423531221296 1
1678281365081 0.055404682897085514 1
1678281365677 0.05502163070467896 1
1678281366297 0.05464092422517219 1
1678281366913 0.054263080067864296 1
1678281367509 0.05388901391887112 1
1678281368105 0.05351843862575602 1
1678281368701 0.05315152279302595 1
1678281369296 0.05278797239018697 1
1678281369892 0.05242776258141226 1
1678281370487 0.05207119887989283 1
1678281371098 0.051718289812793854 1
1678281371717 0.05136931304636659 1
1678281372312 0.05102453847109676 1
1678281372907 0.05068347745436313 1
1678281373502 0.05034537286810617 1
1678281374099 0.050009713356320006 1
1678281374694 0.04967794767952788 1
1678281375289 0.04934780832174192 1
1678281375890 0.049019815330671894 1
1678281376512 0.048694414406607954 1
1678281377116 0.04836957345521144 1
1678281377712 0.048044397958178726 1
1678281378306 0.04772412298133576 1
1678281378901 0.0474043325523089 1
1678281379496 0.04708795924037127 1
1678281380163 0.046776644231911364 1
1678281380793 0.04646490738808864 1
1678281381443 0.04615974845666211 1
1678281382050 0.04585513993897022 1
1678281382646 0.04555284149596881 1
1678281383243 0.04525400634071067 1
1678281383839 0.04495595703850711 1
1678281384435 0.04466058858444678 1
1678281385035 0.04436709276065725 1
1678281385635 0.04407522662345584 1
1678281386249 0.04378615767295885 1
1678281386860 0.0434973112540102 1
1678281387456 0.04320832810319308 1
1678281388052 0.042919888791648576 1
1678281388648 0.042632628903991915 1
1678281389244 0.04234697911199455 1
1678281389840 0.0420632377134376 1
