1678281269716 0.7606635093688965 1
1678281270314 0.510482920067651 1
1678281270921 0.25308580909456524 1
1678281271533 0.07741860938923699 1
1678281272204 0.13378349478755677 1
1678281272802 0.10997198522090912 1
1678281273399 0.059131784098488946 1
1678281273996 0.05419688778264182 1
1678281274592 0.05427991652062961 1
1678281275188 0.05097794905304909 1
1678281275794 0.05205938220024109 1
1678281276414 0.05246624829513686 1
1678281277019 0.05002719749297414 1
1678281277614 0.0487287092421736 1
1678281278211 0.04823299231273787 1
1678281278806 0.0479672657591956 1
1678281279402 0.047693584114313126 1
1678281279998 0.047140258231333325 1
1678281280598 0.046491335545267375 1
1678281281214 0.04594173814569201 1
1678281281824 0.045474646879093986 1
1678281282423 0.04501076255525861 1
1678281283018 0.04449929084096636 1
1678281283615 0.04396279635173934 1
1678281284211 0.04343823396733829 1
1678281284808 0.04293043751801763 1
1678281285403 0.04242576552288873 1
1678281286018 0.04191673706684794 1
1678281286636 0.04140859789081982 1
1678281287244 0.04090421327522823 1
1678281287842 0.040403223995651515 1
1678281288439 0.03990590785230909 1
1678281289034 0.039413472903626304 1
1678281289629 0.038927224065576284 1
1678281290224 0.03844799154571125 1
1678281290828 0.03796851368887084 1
1678281291446 0.03748687782457897 1
1678281292056 0.03700335164155279 1
1678281292663 0.03651976745043482 1
1678281293258 0.03603938541242054 1
1678281293854 0.0355650931596756 1
1678281294449 0.035098971000739505 1
1678281295043 0.034634253808430264 1
1678281295642 0.03417628923697131 1
1678281296259 0.033729312941432 1
1678281296866 0.03329330017524106 1
1678281297555 0.03286337160638401 1
1678281298152 0.03243851102888584 1
1678281298749 0.03202137776783535 1
1678281299344 0.03161498159170151 1
1678281299940 0.031212617244039263 1
1678281300536 0.030821741425565312 1
1678281301147 0.030442104009645327 1
1678281301757 0.03007238411477634 1
1678281302365 0.02970873298389571 1
1678281302973 0.029350726200001582 1
1678281303571 0.02899793455643313 1
1678281304168 0.02865103046808924 1
1678281304765 0.02830867762012141 1
1678281305360 0.027970475011638234 1
1678281305965 0.02763857160295759 1
1678281306577 0.02731143177620002 1
1678281307185 0.026989002046840533 1
1678281307790 0.026673211583069394 1
1678281308387 0.026363747992685864 1
1678281308983 0.026061638125351498 1
1678281309577 0.025763607450893948 1
1678281310172 0.025468684999006137 1
1678281310772 0.025180801483137265 1
1678281311384 0.024896191965256418 1
1678281311993 0.0246157350816897 1
1678281312601 0.02434378383415086 1
1678281313198 0.02407974430492946 1
1678281313793 0.023822896980813572 1
1678281314387 0.02357165009847709 1
1678281314982 0.023326758029205457 1
1678281315577 0.02308770827949047 1
1678281316189 0.022854592385036603 1
1678281316799 0.02262746143553938 1
1678281317395 0.022405643814376423 1
1678281317990 0.02219114692083427 1
1678281318587 0.021980344716991698 1
1678281319183 0.0217745378613472 1
1678281319778 0.02157204252268587 1
1678281320375 0.021373175350683078 1
1678281320985 0.021178885229996273 1
1678281321601 0.020990785477416857 1
1678281322209 0.020805293694138527 1
1678281322815 0.020621997703398978 1
1678281323419 0.02044322873864855 1
1678281324023 0.02026660048535892 1
1678281324626 0.020090609256710325 1
1678281325223 0.019918291962572506 1
1678281325900 0.01974904936339174 1
1678281326513 0.019580268434115818 1
1678281327122 0.019415042230061123 1
1678281327730 0.019252619839140346 1
1678281328338 0.019092013261147907 1
1678281328939 0.018935949674674442 1
1678281329535 0.018782177940011024 1
1678281330130 0.018631062603422573 1
1678281330727 0.018480349598186358 1
1678281331343 0.018332032752888545 1
1678281331957 0.018184962017195567 1
1678281332565 0.018039423573229994 1
1678281333165 0.01789501043302672 1
1678281333760 0.017751003482512066 1
1678281334355 0.017607771658471653 1
1678281334950 0.017464870054806982 1
1678281335545 0.01732500216790608 1
1678281336162 0.017186435205595835 1
1678281336780 0.01704770459660462 1
1678281337376 0.016909697226115634 1
1678281337971 0.01677361210542066 1
1678281338566 0.016639484092593193 1
1678281339162 0.016504412250859395 1
1678281339757 0.016370418215436593 1
1678281340352 0.01623836811631918 1
1678281340960 0.016106273579810346 1
1678281341581 0.01597568512495075 1
1678281342179 0.01584583002009562 1
1678281342774 0.01571647676506213 1
1678281343369 0.01558804019753422 1
1678281343965 0.015460540407470294 1
1678281344560 0.01533504987933806 1
1678281345156 0.015210689976811409 1
1678281345759 0.015086300538054534 1
1678281346381 0.014965064956673555 1
1678281346990 0.01484648258026157 1
1678281347586 0.014727923087775707 1
1678281348182 0.014611922869724887 1
1678281348782 0.0144972081429192 1
1678281349379 0.014382465609482356 1
1678281349975 0.014267666664506708 1
1678281350571 0.014154233038425446 1
1678281351188 0.01404079542096172 1
1678281351803 0.013927842490375042 1
1678281352398 0.013815963773855142 1
1678281352992 0.013703435792454652 1
1678281353587 0.013591733894177846 1
1678281354277 0.013480979284005505 1
1678281354874 0.013370142318308353 1
1678281355470 0.013259612023830414 1
1678281356083 0.013151104828076703 1
1678281356703 0.013043704708772046 1
1678281357299 0.012937156749623162 1
1678281357894 0.012835555975990636 1
1678281358488 0.012733744590410165 1
1678281359083 0.012631199987871307 1
1678281359678 0.012531095583524023 1
1678281360273 0.012431167332189423 1
1678281360875 0.012331434525549412 1
1678281361497 0.012233535493058818 1
1678281362104 0.012135759927332401 1
1678281362700 0.012038607283362321 1
1678281363295 0.01194193001304354 1
1678281363891 0.011846232494073254 1
1678281364487 0.011751319281756878 1
1678281365083 0.011657617054879665 1
1678281365679 0.011565440600471837 1
1678281366299 0.011473509349993296 1
1678281366915 0.01138211746833154 1
1678281367511 0.011291836255363055 1
1678281368106 0.0112027090841106 1
1678281368702 0.011114451635096754 1
1678281369298 0.01102724950760603 1
1678281369893 0.010940960608422756 1
1678281370489 0.010856486457799162 1
1678281371100 0.010772913827427797 1
1678281371719 0.010690417672906603 1
1678281372313 0.010609652714005538 1
1678281372909 0.010529870832605022 1
1678281373504 0.0104506750191961 1
1678281374100 0.010371870494314603 1
1678281374695 0.010296707839838095 1
1678281375291 0.010221309161611966 1
1678281375892 0.01014709791966847 1
1678281376513 0.010073712361710412 1
1678281377118 0.010001197989497865 1
1678281377713 0.009927385220570224 1
1678281378308 0.009858493160988604 1
1678281378903 0.009787099702017648 1
1678281379498 0.009717697144619055 1
1678281380165 0.009651193528303079 1
1678281380825 0.009580994823149272 1
1678281381444 0.00951645097562245 1
1678281382052 0.009448032027908735 1
1678281382648 0.009382120599704129 1
1678281383245 0.009316967933305673 1
1678281383841 0.0092506418004632 1
1678281384437 0.009185396134853363 1
1678281385037 0.00911991118586489 1
1678281385636 0.009054407876517092 1
1678281386250 0.008990164380520582 1
1678281386862 0.0089242301349129 1
1678281387458 0.008858529784317528 1
1678281388054 0.008792269708854812 1
1678281388650 0.008726111480167933 1
1678281389246 0.008660680813980954 1
1678281389841 0.00859594704317195 1
