1678281269710 5.260412624904087 1
1678281270311 2.410129887717111 1
1678281270918 0.6586196848324367 1
1678281271529 0.08841832035354205 1
1678281272200 0.19612696128232138 1
1678281272798 0.13883194753101893 1
1678281273396 0.053529051797730584 1
1678281273992 0.05835376999207905 1
1678281274588 0.058120468365294595 1
1678281275185 0.04704134911298752 1
1678281275790 0.0450565791023629 1
1678281276410 0.044641326048544476 1
1678281277015 0.04260110482573509 1
1678281277611 0.04170484574777739 1
1678281278207 0.04091271758079529 1
1678281278803 0.039917780618582456 1
1678281279399 0.03905453772417137 1
1678281279995 0.0381819201367242 1
1678281280594 0.03731994703412056 1
1678281281211 0.036484734022191594 1
1678281281820 0.035647525052939145 1
1678281282419 0.034816988078611236 1
1678281283015 0.03399619832634926 1
1678281283611 0.03318753146699497 1
1678281284208 0.03239229933491775 1
1678281284804 0.03160834099565234 1
1678281285400 0.03083671150462968 1
1678281286014 0.030079048393028125 1
1678281286632 0.029336602560111454 1
1678281287240 0.028609627591712133 1
1678281287839 0.02789836483342307 1
1678281288436 0.027203055896929333 1
1678281289031 0.02652177321059363 1
1678281289626 0.0258569312947137 1
1678281290220 0.025206260649221286 1
1678281290825 0.024567801505327225 1
1678281291443 0.023942251556685994 1
1678281292052 0.023327671523605074 1
1678281292660 0.022726326382585933 1
1678281293255 0.022141273798687116 1
1678281293850 0.021575014373021468 1
1678281294445 0.021028407450233186 1
1678281295040 0.020499964776848043 1
1678281295638 0.019989037087985446 1
1678281296256 0.019494918308087757 1
1678281296863 0.01901699655822345 1
1678281297552 0.01855436127100672 1
1678281298149 0.018103763461112976 1
1678281298745 0.017668666717197214 1
1678281299341 0.017248176969587803 1
1678281299937 0.01684033458254167 1
1678281300532 0.01644718460738659 1
1678281301143 0.01606827774750335 1
1678281301753 0.015703214465507438 1
1678281302361 0.015351582584636552 1
1678281302969 0.015012299242828573 1
1678281303566 0.014684114871280534 1
1678281304165 0.014367754837231976 1
1678281304762 0.01406259142926761 1
1678281305357 0.013767959683069162 1
1678281305962 0.0134813574009708 1
1678281306574 0.013203593636197703 1
1678281307181 0.012935587071946688 1
1678281307786 0.012677048998219627 1
1678281308383 0.012427852755146367 1
1678281308979 0.012187257542141847 1
1678281309574 0.011954722194267171 1
1678281310169 0.011729846242815256 1
1678281310769 0.01151198907090085 1
1678281311380 0.011300852721823114 1
1678281311989 0.011096719053706952 1
1678281312597 0.010899444509829794 1
1678281313194 0.01070874756468194 1
1678281313789 0.010524277309221881 1
1678281314384 0.010345443883644683 1
1678281314979 0.010171840765646525 1
1678281315574 0.010003470948764257 1
1678281316185 0.009839881943272693 1
1678281316796 0.009680945758840867 1
1678281317391 0.009526486708117383 1
1678281317987 0.009377112013420888 1
1678281318583 0.009232227623994862 1
1678281319179 0.009091250265815429 1
1678281319775 0.0089536428318492 1
1678281320372 0.008819236287048884 1
1678281320981 0.008687704668513365 1
1678281321598 0.008557802465345179 1
1678281322205 0.008429977178041424 1
1678281322812 0.008304939937910863 1
1678281323416 0.00818235520273447 1
1678281324019 0.008061839201088463 1
1678281324623 0.00794333771669439 1
1678281325219 0.00782702730170318 1
1678281325896 0.0077128105663827485 1
1678281326510 0.007600557657756976 1
1678281327119 0.007490328912224088 1
1678281327726 0.007381948708955731 1
1678281328334 0.007275247281151158 1
1678281328936 0.007170263611312423 1
1678281329531 0.0070670040191284245 1
1678281330126 0.006965448946825096 1
1678281330724 0.006865419979606356 1
1678281331339 0.0067669775203934735 1
1678281331953 0.006670028104313782 1
1678281332562 0.0065746465032654145 1
1678281333161 0.006480597092636994 1
1678281333756 0.006387506944260427 1
1678281334351 0.006295734251450215 1
1678281334946 0.006205559175993715 1
1678281335541 0.006117607799491712 1
1678281336158 0.006030888130356159 1
1678281336776 0.0059447398608816525 1
1678281337372 0.005860180594027042 1
1678281337967 0.005777186680851238 1
1678281338562 0.005695405615759748 1
1678281339158 0.005614270722227437 1
1678281339754 0.005534088272335274 1
1678281340349 0.005454817853335824 1
1678281340956 0.005376627602215324 1
1678281341578 0.005299570238483804 1
1678281342176 0.005223522295377084 1
1678281342771 0.005148528409855706 1
1678281343366 0.005075137895931091 1
1678281343961 0.005003712306331311 1
1678281344556 0.0049336385647101065 1
1678281345153 0.004864529573491642 1
1678281345755 0.0047965651111943385 1
1678281346377 0.004730684117281011 1
1678281346986 0.004665854586554425 1
1678281347583 0.00460171716154686 1
1678281348178 0.004538587893226317 1
1678281348779 0.004476212064868638 1
1678281349376 0.004414401948451996 1
1678281349971 0.004353241629100272 1
1678281350568 0.004292952994416867 1
1678281351185 0.004233258776366711 1
1678281351799 0.004174299338566405 1
1678281352394 0.004115985639925514 1
1678281352989 0.00405802288358765 1
1678281353583 0.004000859002449683 1
1678281354273 0.00394456391222775 1
1678281354870 0.003888923575037292 1
1678281355467 0.0038340185835425344 1
1678281356079 0.003779891612274306 1
1678281356700 0.003726665296458772 1
1678281357295 0.00367496205892946 1
1678281357890 0.003624491227258529 1
1678281358484 0.0035745828146381037 1
1678281359080 0.003525388227509601 1
1678281359674 0.0034771311495985302 1
1678281360269 0.0034295221724148306 1
1678281360871 0.003382497899500387 1
1678281361493 0.0033362008897321565 1
1678281362101 0.003290428962957646 1
1678281362696 0.0032452492409252693 1
1678281363292 0.003200607474095055 1
1678281363888 0.0031563662424949662 1
1678281364484 0.0031126829396401134 1
1678281365080 0.0030696788869266 1
1678281365675 0.0030273798454020706 1
1678281366295 0.002985630600181009 1
1678281366911 0.0029444818584514515 1
1678281367507 0.002904025821148285 1
1678281368103 0.0028642232729388134 1
1678281368699 0.002825084375217557 1
1678281369294 0.002786570029067142 1
1678281369890 0.0027486702892929316 1
1678281370485 0.0027114097527893527 1
1678281371096 0.002674781501160136 1
1678281371715 0.0026388063228556086 1
1678281372310 0.002603503526188433 1
1678281372905 0.002568814886866936 1
1678281373500 0.0025346565692286405 1
1678281374097 0.0025009714299812913 1
1678281374692 0.0024678984856499092 1
1678281375287 0.002435206186159381 1
1678281375889 0.0024029422950531754 1
1678281376510 0.002371145994402468 1
1678281377114 0.0023396156362390946 1
1678281377710 0.0023082641751638482 1
1678281378305 0.0022775919143376605 1
1678281378900 0.0022471707447298934 1
1678281379494 0.0022172759054228663 1
1678281380162 0.0021880544455988066 1
1678281380759 0.0021589876185836537 1
1678281381441 0.0021307223775823203 1
1678281382049 0.0021026938588225414 1
1678281382645 0.002075061368356858 1
1678281383241 0.0020479250898850815 1
1678281383837 0.002021038073248097 1
1678281384434 0.001994568172709218 1
1678281385034 0.001968438920032765 1
1678281385633 0.0019426256019089902 1
1678281386247 0.0019172276037612132 1
1678281386859 0.0018920160863282426 1
1678281387454 0.001866959617473185 1
1678281388050 0.0018421168538874813 1
1678281388646 0.001817541047265487 1
1678281389243 0.0017932666399117028 1
1678281389838 0.0017693159669371589 1
