1678279390284 0.9999999914850507 1
1678279390837 0.9999999914850507 1
1678279391452 0.9999999914850507 1
1678279391993 0.9999999914850507 1
1678279392581 0.9999999914850507 1
1678279393168 0.9999999914850507 1
1678279393713 0.9999999914850507 1
1678279394254 0.9999999914850507 1
1678279394794 0.9999999914850507 1
1678279395336 0.9999999914850507 1
1678279395876 0.9999999914850507 1
1678279396417 0.9999999914850507 1
1678279396962 0.9999999914850507 1
1678279397546 0.9999999914850507 1
1678279398133 0.9999999914850507 1
1678279398693 0.9999999914850507 1
1678279399243 0.9999999914850507 1
1678279399791 0.9999999914850507 1
1678279400340 0.9999999914850507 1
