1678239520877 2189.6348684524683 1
1678239569821 3.0 1
1678239618781 3.0 1
1678239667836 3.0 1
1678239716761 3.0 1
1678239765747 3.0 1
1678239814650 3.0 1
1678239863828 3.0 1
1678239913126 3.0 1
1678239962260 3.0 1
1678240011422 3.0 1
1678240060642 3.0 1
1678240109820 3.0 1
1678240159032 3.0 1
1678240208075 3.0 1
1678240257220 3.0 1
1678240306174 3.0 1
1678240355244 3.0 1
1678240404043 3.0 1
1678240452859 3.0 1
1678240501589 3.0 1
1678240550483 3.0 1
1678240599305 3.0 1
1678240648239 3.0 1
1678240697065 3.0 1
1678240745973 3.0 1
1678240794941 3.0 1
1678240844193 3.0 1
1678240893002 3.0 1
1678240942084 3.0 1
1678240991279 3.0 1
1678241040455 3.0 1
1678241089492 3.0 1
1678241138582 3.0 1
