1678239520880 153.51726422139578 1
1678239569823 0.9999999914850507 1
1678239618783 0.9999999914850507 1
1678239667838 0.9999999914850507 1
1678239716763 0.9999999914850507 1
1678239765749 0.9999999914850507 1
1678239814652 0.9999999914850507 1
1678239863830 0.9999999914850507 1
1678239913128 0.9999999914850507 1
1678239962262 0.9999999914850507 1
1678240011424 0.9999999914850507 1
1678240060644 0.9999999914850507 1
1678240109822 0.9999999914850507 1
1678240159034 0.9999999914850507 1
1678240208077 0.9999999914850507 1
1678240257222 0.9999999914850507 1
1678240306176 0.9999999914850507 1
1678240355246 0.9999999914850507 1
1678240404045 0.9999999914850507 1
1678240452861 0.9999999914850507 1
1678240501592 0.9999999914850507 1
1678240550485 0.9999999914850507 1
1678240599308 0.9999999914850507 1
1678240648242 0.9999999914850507 1
1678240697067 0.9999999914850507 1
1678240745975 0.9999999914850507 1
1678240794943 0.9999999914850507 1
1678240844195 0.9999999914850507 1
1678240893004 0.9999999914850507 1
1678240942086 0.9999999914850507 1
1678240991281 0.9999999914850507 1
1678241040457 0.9999999914850507 1
1678241089494 0.9999999914850507 1
1678241138584 0.9999999914850507 1
