1678239520866 4794500.857142857 1
1678239569818 9.0 1
1678239618779 9.0 1
1678239667834 9.0 1
1678239716758 9.0 1
1678239765745 9.0 1
1678239814648 9.0 1
1678239863826 9.0 1
1678239913123 9.0 1
1678239962257 9.0 1
1678240011419 9.0 1
1678240060640 9.0 1
1678240109817 9.0 1
1678240159029 9.0 1
1678240208072 9.0 1
1678240257218 9.0 1
1678240306171 9.0 1
1678240355241 9.0 1
1678240404041 9.0 1
1678240452857 9.0 1
1678240501587 9.0 1
1678240550480 9.0 1
1678240599303 9.0 1
1678240648237 9.0 1
1678240697062 9.0 1
1678240745970 9.0 1
1678240794939 9.0 1
1678240844190 9.0 1
1678240893000 9.0 1
1678240942082 9.0 1
1678240991276 9.0 1
1678241040452 9.0 1
1678241089489 9.0 1
1678241138579 9.0 1
