1678282349530 1.6562050198927547 1
1678282350145 1.4171628737491793 1
1678282350755 1.3125238675912176 1
1678282351366 1.316590332252397 1
1678282351976 1.2785548730053895 1
1678282352624 1.2808356395950873 1
1678282353260 1.2687856912122888 1
1678282353871 1.2620089575540516 1
1678282354481 1.2548483758498419 1
1678282355092 1.2495239032335916 1
1678282355702 1.2423031282719081 1
1678282356312 1.2350044645997647 1
1678282356924 1.2281213145337677 1
1678282357563 1.2199698132213137 1
1678282358199 1.2102678196331074 1
1678282358822 1.1959003673377782 1
1678282359441 1.175876897787794 1
1678282360053 1.1542337726314087 1
1678282360663 1.1271545577698143 1
1678282361274 1.0930819203229742 1
1678282361884 1.0488110353417615 1
1678282362519 0.9932905872898541 1
1678282363157 0.9246706425935958 1
1678282363777 0.8433532942804668 1
1678282364395 0.752908426111472 1
1678282365080 0.656105174737793 1
1678282365691 0.5618141398012712 1
1678282366301 0.48829867740593275 1
1678282366910 0.4377255296371494 1
1678282367548 0.4138969350002299 1
1678282368187 0.4020111995308204 1
1678282368799 0.3942487128558375 1
1678282369409 0.3846916171815675 1
1678282370017 0.37783982231874846 1
1678282370626 0.373676517640371 1
1678282371236 0.36990701032976664 1
1678282371844 0.3664810913530838 1
1678282372482 0.36381977498718765 1
1678282373122 0.36138474009830107 1
1678282373745 0.3589379410293476 1
1678282374360 0.3565326307511304 1
1678282374971 0.3542224664100719 1
1678282375580 0.3519959154755155 1
1678282376189 0.3497604384728996 1
1678282376797 0.3474840729774314 1
1678282377430 0.3451904100152506 1
1678282378076 0.3429121932877576 1
1678282378699 0.34063220835166713 1
1678282379319 0.338326967020314 1
1678282379937 0.3359836074643236 1
1678282380559 0.33359896220898594 1
1678282381172 0.3311874422474344 1
1678282381782 0.3286985215122653 1
1678282382414 0.3261569650340625 1
1678282383061 0.32356825621360163 1
1678282383683 0.32092060622503693 1
1678282384297 0.31819799848243263 1
1678282384908 0.31538886709177927 1
1678282385518 0.3125036103176285 1
1678282386128 0.30962598419550047 1
1678282386737 0.30665299908677385 1
1678282387367 0.3035434248674135 1
1678282388019 0.30031846278273305 1
1678282388641 0.29700972791206526 1
1678282389251 0.2936648609241584 1
1678282389861 0.29030962934545657 1
1678282390471 0.2868249149452959 1
1678282391080 0.28322044375978606 1
1678282391688 0.27952158878856476 1
1678282392311 0.2757641106161437 1
1678282392956 0.27196780932036424 1
1678282393580 0.26814619430884135 1
1678282394288 0.2642910423809548 1
1678282394899 0.2603927462808897 1
1678282395510 0.25641252280886323 1
1678282396121 0.2523490998410906 1
1678282396731 0.24821622579194721 1
1678282397360 0.24402834572004273 1
1678282398003 0.23978798516653432 1
1678282398625 0.23552818996929123 1
1678282399246 0.23120622892628145 1
1678282399864 0.22689837777237185 1
1678282400481 0.22262198081684492 1
1678282401092 0.21845586254972446 1
1678282401701 0.2143147743692282 1
1678282402323 0.21019001374002041 1
1678282402965 0.20609001755575326 1
1678282403590 0.20204336517173804 1
1678282404211 0.19807611216322824 1
1678282404828 0.19420568136039212 1
1678282405437 0.19044277998523418 1
1678282406046 0.18679652768832297 1
1678282406654 0.1832767557346465 1
1678282407275 0.17989258509604428 1
1678282407917 0.1766516721330463 1
1678282408538 0.17356104102258124 1
1678282409147 0.17060084999963912 1
1678282409755 0.1678152349172566 1
1678282410366 0.16521134981035746 1
1678282410975 0.16278555694060726 1
1678282411585 0.1605309438044004 1
1678282412201 0.1584163067058275 1
1678282412842 0.15645152192424427 1
1678282413469 0.1546139098589862 1
1678282414091 0.1528830014525327 1
1678282414700 0.15127362642670358 1
1678282415310 0.149748690596738 1
1678282415918 0.14832775641095589 1
1678282416527 0.14689236227785452 1
1678282417139 0.1454892777609862 1
1678282417781 0.14411539238299187 1
1678282418404 0.14294626724001408 1
1678282419014 0.1418130816956476 1
1678282419623 0.14080947316891101 1
1678282420232 0.13984626720565035 1
1678282420841 0.13903255013842578 1
1678282421453 0.13828306983954092 1
1678282422061 0.13755680933352235 1
1678282422778 0.1368598939279396 1
1678282423409 0.13619578340390234 1
1678282424019 0.13556456632973302 1
1678282424629 0.13496274333737043 1
1678282425238 0.13438939311720793 1
1678282425848 0.13382728158053386 1
1678282426457 0.13327238258465085 1
1678282427070 0.13276739767139198 1
1678282427719 0.13224103139683563 1
1678282428353 0.13171872271822097 1
1678282428963 0.13126571193870382 1
1678282429573 0.13077420897736183 1
1678282430182 0.13029602322334247 1
1678282430792 0.1298561724457984 1
1678282431402 0.1293952895602398 1
1678282432011 0.1289347585100766 1
1678282432654 0.12853538122808925 1
1678282433291 0.12811148600053465 1
1678282433902 0.12769351362326556 1
1678282434515 0.1273052807113825 1
1678282435126 0.12690619659805155 1
1678282435735 0.12652531265469621 1
1678282436344 0.12614988578717157 1
1678282436953 0.12577962901823406 1
1678282437587 0.12541935020417735 1
1678282438220 0.12508292459748904 1
1678282438829 0.1247186917338208 1
1678282439438 0.12438840396183169 1
1678282440047 0.12403955076007238 1
1678282440656 0.12372293207396168 1
1678282441264 0.12338986730204045 1
1678282441873 0.12308319846690566 1
1678282442504 0.1227671640240313 1
1678282443141 0.12246207234327662 1
1678282443756 0.12218715416451999 1
1678282444368 0.12188805243443655 1
1678282444978 0.12162028765153644 1
1678282445586 0.12134337460810783 1
1678282446194 0.12108299981140293 1
1678282446802 0.12082448095346068 1
1678282447428 0.12057265270417691 1
1678282448067 0.12033087412284249 1
1678282448688 0.12009077856237008 1
1678282449390 0.11986075475076811 1
1678282450001 0.1196364430981125 1
1678282450611 0.11941686082370036 1
1678282451221 0.11922621667628543 1
1678282451830 0.11894356793209912 1
1678282452458 0.11878550422676877 1
1678282453097 0.11861586416433449 1
1678282453707 0.11841511544682659 1
1678282454319 0.11825571705334759 1
1678282454930 0.11817407284144688 1
1678282455540 0.11799895304579539 1
1678282456150 0.11780510349949597 1
1678282456760 0.11767513736261519 1
1678282457385 0.11755315409563681 1
1678282458027 0.11740013370609148 1
1678282458648 0.11724878706727349 1
1678282459266 0.11711778440323081 1
1678282459880 0.11698531067604721 1
1678282460490 0.1168403530211141 1
1678282461100 0.11669413446636556 1
1678282461711 0.11655190992808591 1
1678282462333 0.11641008250985437 1
1678282462973 0.11626300469661491 1
1678282463595 0.11616966973387714 1
1678282464207 0.11583533730644659 1
1678282464817 0.11577935120544439 1
1678282465428 0.1156238394986464 1
1678282466038 0.11557809320570694 1
1678282466648 0.1155344885892491 1
1678282467269 0.11544372532248157 1
1678282467910 0.11504532544622781 1
1678282468527 0.1149082342702565 1
1678282469136 0.11475178956617758 1
1678282469745 0.1148084940423212 1
1678282470354 0.1146336070792512 1
1678282470963 0.114548024074798 1
1678282471572 0.11429893128715422 1
1678282472186 0.11424013555348685 1
1678282472827 0.11405591628451654 1
