1678282349534 0.4925291623388018 1
1678282350148 0.4090200023991721 1
1678282350757 0.3703428549425943 1
1678282351368 0.3598009305340903 1
1678282351978 0.3564774010862623 1
1678282352626 0.3637304774352482 1
1678282353262 0.35464857305799213 1
1678282353873 0.35060445751462666 1
1678282354483 0.35209390946796965 1
1678282355094 0.3500961320740836 1
1678282355704 0.34638844217572895 1
1678282356314 0.3452688455581665 1
1678282356926 0.34339374729565214 1
1678282357565 0.3402976265975407 1
1678282358202 0.3375278924192701 1
1678282358824 0.33240531597818646 1
1678282359443 0.32592985885483877 1
1678282360055 0.3201817912714822 1
1678282360665 0.31137790424483164 1
1678282361276 0.3009196903024401 1
1678282361886 0.2867096109049661 1
1678282362522 0.26863593075956615 1
1678282363160 0.24605219066143036 1
1678282363779 0.21854644800935472 1
1678282364397 0.18781166417258127 1
1678282365082 0.15565951807158335 1
1678282365693 0.12272246607712337 1
1678282366303 0.10067001410893031 1
1678282366912 0.08981345806803022 1
1678282367550 0.087961345911026 1
1678282368189 0.08938852591173989 1
1678282368801 0.08883191432271685 1
1678282369411 0.08616436059985842 1
1678282370020 0.08373651440654482 1
1678282370628 0.08204782221998487 1
1678282371238 0.08077941409179143 1
1678282371847 0.08002207641090665 1
1678282372484 0.07975538820028305 1
1678282373125 0.07957759605986732 1
1678282373747 0.0793242050068719 1
1678282374362 0.07894418601478849 1
1678282374973 0.07847127531255994 1
1678282375582 0.07794879589762006 1
1678282376191 0.0773946653519358 1
1678282376800 0.0768267959356308 1
1678282377433 0.07627816072532109 1
1678282378079 0.07577557542494365 1
1678282378701 0.07529473304748535 1
1678282379321 0.0748152786067554 1
1678282379939 0.0743173456617764 1
1678282380561 0.07379766127892903 1
1678282381175 0.07325918866055352 1
1678282381784 0.07269523931401116 1
1678282382417 0.0721253656915256 1
1678282383064 0.07155568578413554 1
1678282383685 0.07098279254777091 1
1678282384300 0.07039706408977509 1
1678282384911 0.06979329990489143 1
1678282385520 0.06916737450020653 1
1678282386130 0.06849820805447442 1
1678282386739 0.06776127644947597 1
1678282387370 0.06701401195355824 1
1678282388021 0.06628499978354999 1
1678282388643 0.0655672268143722 1
1678282389253 0.06483209665332522 1
1678282389863 0.06402884051203728 1
1678282390473 0.06316522774951798 1
1678282391082 0.06227933455790792 1
1678282391690 0.06139607514653887 1
1678282392313 0.060541484504938126 1
1678282392959 0.0596898261989866 1
1678282393582 0.05882861678089414 1
1678282394291 0.05797110178640911 1
1678282394901 0.057067377758877616 1
1678282395512 0.05614006891846657 1
1678282396123 0.0551996576998915 1
1678282396733 0.054256326385906765 1
1678282397362 0.053301925637892315 1
1678282398005 0.05232129671743938 1
1678282398627 0.051301254757813046 1
1678282399248 0.050260755100420544 1
1678282399866 0.049275366855519157 1
1678282400484 0.04833298282963889 1
1678282401095 0.04736590012907982 1
1678282401703 0.04637489414640835 1
1678282402325 0.0453952220933778 1
1678282402967 0.04442983493208885 1
1678282403592 0.043489922902413776 1
1678282404214 0.042553906462022235 1
1678282404830 0.04162779503634998 1
1678282405439 0.04072378362928118 1
1678282406048 0.03984542616776058 1
1678282406656 0.03900575903909547 1
1678282407277 0.03821411622422082 1
1678282407919 0.03747705263750894 1
1678282408540 0.03678971688662257 1
1678282409149 0.0361176532294069 1
1678282409758 0.035467536853892465 1
1678282410368 0.034904755119766505 1
1678282410977 0.034408154764345715 1
1678282411587 0.03392675785081727 1
1678282412203 0.03347182486738477 1
1678282412845 0.03303912894002029 1
1678282413471 0.03259740849690778 1
1678282414093 0.032174551859498024 1
1678282414703 0.031777509089027135 1
1678282415312 0.03139211716396468 1
1678282415921 0.03104369528591633 1
1678282416529 0.03067405947617122 1
1678282417141 0.03027343111378806 1
1678282417783 0.029902682772704532 1
1678282418406 0.029590143955179622 1
1678282419016 0.02932218834757805 1
1678282419625 0.02911192285163062 1
1678282420235 0.028915350192359517 1
1678282420845 0.028762839468462125 1
1678282421455 0.02864318447453635 1
1678282422063 0.02853341001485075 1
1678282422780 0.028428577684930394 1
1678282423411 0.02833307401410171 1
1678282424021 0.028246135051761354 1
1678282424631 0.02816939912736416 1
1678282425240 0.02810476746942316 1
1678282425850 0.02804178824382169 1
1678282426459 0.027978858245270594 1
1678282427072 0.027931816609842435 1
1678282427721 0.02787794412246772 1
1678282428355 0.027816239478332654 1
1678282428965 0.0277801619044372 1
1678282429575 0.027738622788872038 1
1678282430184 0.027690498690520014 1
1678282430794 0.027654601793204035 1
1678282431404 0.027609757812959806 1
1678282432013 0.027555557233946665 1
1678282432657 0.027520908574972833 1
1678282433293 0.0274894471679415 1
1678282433904 0.0274489979658808 1
1678282434517 0.027418086305260658 1
1678282435128 0.027381887127246176 1
1678282435737 0.02734939195215702 1
1678282436346 0.027317485372935022 1
1678282436955 0.02728440293243953 1
1678282437590 0.027253887749144008 1
1678282438223 0.027229085564613342 1
1678282438831 0.027187652087637355 1
1678282439440 0.02716406780694212 1
1678282440049 0.02712932974100113 1
1678282440658 0.027103462123445103 1
1678282441267 0.027070961626512662 1
1678282441875 0.027046994971377507 1
1678282442506 0.027017873312745775 1
1678282443143 0.02698914467224053 1
1678282443758 0.026971316497240747 1
1678282444370 0.026944896472351893 1
1678282444980 0.02692828487072672 1
1678282445588 0.02690581844321319 1
1678282446196 0.026888721489480565 1
1678282446805 0.026870699333293096 1
1678282447430 0.026853055826255252 1
1678282448069 0.026837497151323726 1
1678282448690 0.026821035891771317 1
1678282449393 0.02680613739149911 1
1678282450003 0.026791319251060486 1
1678282450613 0.026777553505131176 1
1678282451223 0.02677493409386703 1
1678282451832 0.026732060526098524 1
1678282452461 0.026739885498370444 1
1678282453099 0.026740758812853267 1
1678282453709 0.026728689670562744 1
1678282454321 0.026732463921819414 1
1678282454932 0.026763712721211568 1
1678282455542 0.026760669159037725 1
1678282456152 0.026749557948538234 1
1678282456763 0.02675960266164371 1
1678282457388 0.026771684044173787 1
1678282458029 0.026771537693483487 1
1678282458650 0.02677111088165215 1
1678282459268 0.026776777048196112 1
1678282459882 0.026781600500856127 1
1678282460492 0.026780545179333006 1
1678282461102 0.026777674310973713 1
1678282461713 0.026775570320231572 1
1678282462335 0.02677225082048348 1
1678282462975 0.02676541917026043 1
1678282463597 0.02677861654332706 1
1678282464209 0.026690211945346425 1
1678282464819 0.026719888938324794 1
1678282465430 0.02669555480991091 1
1678282466040 0.02672730359647955 1
1678282466650 0.026755074837378094 1
1678282467271 0.026760820033294812 1
1678282467912 0.026642976328730583 1
1678282468530 0.026637560554913113 1
1678282469138 0.02660669492823737 1
1678282469747 0.026676760986447334 1
1678282470356 0.02664115679051195 1
1678282470965 0.02665065654686519 1
1678282471574 0.026582172140479088 1
1678282472188 0.026601695854749 1
1678282472829 0.0265578707414014 1
