1678282349527 2.74301506791796 1
1678282350143 2.0083506107330322 1
1678282350753 1.7227189029966081 1
1678282351364 1.7334101029804774 1
1678282351974 1.6347025632858276 1
1678282352621 1.6405399356569563 1
1678282353258 1.6098171302250452 1
1678282353869 1.592666608946664 1
1678282354479 1.5746444463729858 1
1678282355090 1.5613099847521101 1
1678282355700 1.5433170625141688 1
1678282356310 1.5252360275813512 1
1678282356921 1.5082819632121496 1
1678282357560 1.4883263451712472 1
1678282358197 1.4647481952394759 1
1678282358820 1.4301776885986328 1
1678282359439 1.3826864787510462 1
1678282360050 1.3322556018829346 1
1678282360661 1.270477397101266 1
1678282361272 1.1948280845369612 1
1678282361882 1.1000045878546578 1
1678282362517 0.9866261907986232 1
1678282363155 0.8550157972744533 1
1678282363774 0.7112447789737156 1
1678282364392 0.566871098109654 1
1678282365078 0.43047400031770977 1
1678282365688 0.3156351276806423 1
1678282366299 0.2384355983563832 1
1678282366908 0.19160363929612295 1
1678282367545 0.17131067280258452 1
1678282368185 0.16161300454820907 1
1678282368797 0.15543204758848464 1
1678282369407 0.1479876403297697 1
1678282370015 0.14276293132986342 1
1678282370624 0.1396341398358345 1
1678282371233 0.1368311962911061 1
1678282371842 0.13430839031934738 1
1678282372479 0.13236482867172786 1
1678282373120 0.1305989303759166 1
1678282373742 0.12883644551038742 1
1678282374358 0.1271155167903219 1
1678282374969 0.1254735557096345 1
1678282375578 0.12390112451144628 1
1678282376186 0.122332364320755 1
1678282376795 0.12074518097298485 1
1678282377428 0.11915641916649682 1
1678282378074 0.11758877230542046 1
1678282378697 0.11603030136653356 1
1678282379316 0.11446513661316463 1
1678282379934 0.11288498448474067 1
1678282380557 0.11128826758691243 1
1678282381170 0.1096851219023977 1
1678282381779 0.10804271804434913 1
1678282382412 0.10637836584023067 1
1678282383059 0.10469641642911094 1
1678282383681 0.10299003549984523 1
1678282384295 0.10124996623822621 1
1678282384905 0.09947013748543602 1
1678282385516 0.0976585064615522 1
1678282386126 0.09586825008903231 1
1678282386735 0.09403606184891292 1
1678282387365 0.0921386107802391 1
1678282388014 0.09019117908818382 1
1678282388639 0.08821477847439903 1
1678282389249 0.08623905054160527 1
1678282389859 0.08427968089069639 1
1678282390468 0.08226853183337621 1
1678282391078 0.08021381976349014 1
1678282391686 0.07813231859888349 1
1678282392308 0.07604584470391273 1
1678282392954 0.07396648930651802 1
1678282393577 0.07190238152231489 1
1678282394286 0.06984975508281163 1
1678282394897 0.0678043823157038 1
1678282395508 0.06574738185320582 1
1678282396119 0.0636800681906087 1
1678282396729 0.061611294746398926 1
1678282397357 0.0595498335148607 1
1678282398001 0.05749827783022608 1
1678282398623 0.055473528270210536 1
1678282399244 0.05345632029431207 1
1678282399862 0.05148287383573396 1
1678282400479 0.04956054634281567 1
1678282401090 0.04772296388234411 1
1678282401699 0.045930822512933185 1
1678282402321 0.04417984187602997 1
1678282402963 0.04247309533613069 1
1678282403587 0.040821521409920285 1
1678282404209 0.03923414620969977 1
1678282404826 0.03771584667265415 1
1678282405435 0.03626845244850431 1
1678282406044 0.03489294275641441 1
1678282406652 0.03359036919261728 1
1678282407273 0.032361342172537534 1
1678282407914 0.031205813267401288 1
1678282408536 0.030123434960842133 1
1678282409145 0.029104650020599365 1
1678282409753 0.028161953070334027 1
1678282410364 0.0272947901061603 1
1678282410973 0.026499137548463687 1
1678282411583 0.025770183918731555 1
1678282412198 0.0250957262303148 1
1678282412840 0.024477078712412288 1
1678282413467 0.02390546112188271 1
1678282414088 0.023373212133135115 1
1678282414698 0.022883710052285875 1
1678282415307 0.02242467033543757 1
1678282415916 0.022001123321907862 1
1678282416525 0.021577366095568453 1
1678282417137 0.021167129943413392 1
1678282417779 0.020769246321703707 1
1678282418402 0.02043363531785352 1
1678282419011 0.02011095014001642 1
1678282419621 0.019827307734106268 1
1678282420230 0.01955697845135416 1
1678282420839 0.019330049997993877 1
1678282421450 0.019122207404247353 1
1678282422059 0.01892187579401902 1
1678282422775 0.01873063056596688 1
1678282423407 0.018549291417002678 1
1678282424017 0.01837775164416858 1
1678282424626 0.01821494208914893 1
1678282425236 0.018060508982411454 1
1678282425846 0.0179097412952355 1
1678282426455 0.01776152795978955 1
1678282427068 0.017627181884433542 1
1678282427716 0.017487690384898866 1
1678282428351 0.017349821914519583 1
1678282428961 0.01723068713077477 1
1678282429571 0.017101893733654703 1
1678282430180 0.016977053667817796 1
1678282430790 0.01686262552227293 1
1678282431399 0.016743140960378305 1
1678282432009 0.016624171952051774 1
1678282432652 0.016521344227450236 1
1678282433289 0.016412552845265185 1
1678282433900 0.01630563342145511 1
1678282434512 0.016206634497003897 1
1678282435124 0.01610518273498331 1
1678282435733 0.01600865474236863 1
1678282436342 0.015913793684116433 1
1678282436950 0.015820515075964586 1
1678282437585 0.015730013405638083 1
1678282438218 0.01564573802586113 1
1678282438827 0.01555475206779582 1
1678282439436 0.015472475040171827 1
1678282440045 0.015385810152760573 1
1678282440653 0.015307363920978137 1
1678282441262 0.015225059352815151 1
1678282441871 0.015149473744843687 1
1678282442501 0.015071776562503405 1
1678282443139 0.014996959162609918 1
1678282443754 0.014929700642824173 1
1678282444365 0.014856697326259953 1
1678282444975 0.014791494368442468 1
1678282445584 0.014724214561283588 1
1678282446192 0.014661092843328203 1
1678282446800 0.014598555197673184 1
1678282447425 0.014537764580122061 1
1678282448065 0.014479519267167364 1
1678282448686 0.014421795095716203 1
1678282449388 0.014366600529423781 1
1678282449999 0.014312878517167909 1
1678282450609 0.01426038664898702 1
1678282451218 0.014214890742940562 1
1678282451828 0.014147572352417878 1
1678282452456 0.014109996014407702 1
1678282453094 0.014069723231451852 1
1678282453705 0.01402213956628527 1
1678282454317 0.013984414615801402 1
1678282454927 0.013965111491935593 1
1678282455538 0.013923752919903823 1
1678282456148 0.013878042410526956 1
1678282456758 0.013847437953310353 1
1678282457383 0.013818744037832533 1
1678282458024 0.013782791394208158 1
1678282458646 0.01374727806874684 1
1678282459263 0.013716575423521655 1
1678282459878 0.013685562913971288 1
1678282460488 0.013651668094098568 1
1678282461098 0.013617521018854209 1
1678282461708 0.013584347707884652 1
1678282462330 0.013551307309951102 1
1678282462971 0.0135170862610851 1
1678282463592 0.01349539216607809 1
1678282464204 0.013417825368898255 1
1678282464815 0.013404858165553637 1
1678282465426 0.013368872260408742 1
1678282466036 0.01335829562906708 1
1678282466646 0.01334821805357933 1
1678282467266 0.013327253716332572 1
1678282467908 0.013235426907028471 1
1678282468525 0.013203902303108148 1
1678282469134 0.013167973208640302 1
1678282469743 0.013180990304265703 1
1678282470352 0.01314086387200015 1
1678282470961 0.013121249819440501 1
1678282471570 0.013064245693385601 1
1678282472184 0.013050808571279049 1
1678282472825 0.013008752039500646 1
