1678282623549 33.44171655448463 1
1678282624163 33.1131912281908 1
1678282624774 32.679352783581784 1
1678282625384 32.07367888956863 1
1678282625994 31.16595842077882 1
1678282626605 29.73134127746957 1
1678282627217 27.441517817198214 1
1678282627863 23.997459004629018 1
1678282628497 19.60992902603806 1
1678282629111 15.990977468136203 1
1678282629722 15.453024917183669 1
1678282630331 15.516546813336502 1
1678282630941 14.906894300896571 1
1678282631551 14.702123199845197 1
1678282632161 14.587454459289376 1
1678282632808 14.39278745313214 1
1678282633441 14.232339417651852 1
1678282634065 14.088869822571704 1
1678282634688 13.93834531714459 1
1678282635309 13.794772252195951 1
1678282635928 13.649624032951674 1
1678282636548 13.491898300627094 1
1678282637162 13.332379261577941 1
1678282637803 13.195012085702112 1
1678282638437 13.05449756276399 1
1678282639056 12.91507404781077 1
1678282639676 12.779912656796446 1
1678282640295 12.64689117433838 1
1678282640911 12.513111758177034 1
1678282641522 12.378766696261785 1
1678282642133 12.244603828608467 1
1678282642771 12.108761370181163 1
1678282643406 11.966920353540301 1
1678282644029 11.811356654234617 1
1678282644745 11.631738728265603 1
1678282645358 11.463549357297133 1
1678282645970 11.314359709262401 1
1678282646582 11.143608487128274 1
1678282647193 10.982691932979208 1
1678282647835 10.824593469228546 1
1678282648469 10.645633646224713 1
1678282649085 10.472853933482865 1
1678282649695 10.304289167339038 1
1678282650305 10.135246245925222 1
1678282650915 9.975888857794537 1
1678282651525 9.81207585481107 1
1678282652136 9.653040817804703 1
1678282652774 9.491260610242465 1
1678282653404 9.333283300979312 1
1678282654014 9.173457529287603 1
1678282654624 9.016952534023735 1
1678282655235 8.86041359785787 1
1678282655846 8.707409868624643 1
1678282656457 8.556945654036259 1
1678282657069 8.411382063787439 1
1678282657701 8.270272057335463 1
1678282658340 8.13211251297525 1
1678282658963 8.000699285189816 1
1678282659582 7.877440266951502 1
1678282660194 7.760223220457433 1
1678282660805 7.653224692123431 1
1678282661415 7.551666715308256 1
1678282662025 7.460317061197824 1
1678282662657 7.380847635419538 1
1678282663295 7.305434916283731 1
1678282663918 7.2374648922761216 1
1678282664536 7.177034480575698 1
1678282665147 7.1233768382974105 1
1678282665757 7.073449367648183 1
1678282666367 7.029973067333008 1
1678282666976 6.991539104139561 1
1678282667606 6.956097080614662 1
1678282668246 6.924959766729458 1
1678282668867 6.897837372210915 1
1678282669477 6.870764321787516 1
1678282670087 6.8460802464521375 1
1678282670697 6.823082340382519 1
1678282671307 6.8007947922087615 1
1678282671917 6.780296595179044 1
1678282672542 6.760401547808503 1
1678282673256 6.741346190888121 1
1678282673872 6.724066106989187 1
1678282674484 6.7059106161159425 1
1678282675095 6.688142956943054 1
1678282675707 6.671765507462943 1
1678282676318 6.657854977894046 1
1678282676929 6.642933102362415 1
1678282677557 6.629481483572946 1
1678282678215 6.615612607615215 1
1678282678835 6.603590805071261 1
1678282679447 6.590094646284422 1
1678282680060 6.5753124736775606 1
1678282680672 6.561556669152739 1
1678282681284 6.5498288264314555 1
1678282681895 6.53539281883853 1
1678282682520 6.5245299221643265 1
1678282683163 6.512420880585222 1
1678282683786 6.49942376653209 1
1678282684405 6.490477765866139 1
1678282685020 6.475631370839524 1
1678282685631 6.458744880935592 1
1678282686242 6.446250798348384 1
1678282686853 6.43386482106453 1
1678282687474 6.420879075965512 1
1678282688117 6.409215494620786 1
1678282688739 6.398226529723349 1
1678282689350 6.386521834591317 1
1678282689961 6.3747499133725 1
1678282690571 6.363512818618159 1
1678282691182 6.351808909514759 1
1678282691793 6.3372470025936325 1
1678282692411 6.324797612317295 1
1678282693055 6.313997169367292 1
1678282693675 6.302918863887333 1
1678282694286 6.290869725814885 1
1678282694897 6.282986225419683 1
1678282695508 6.271759389685702 1
1678282696120 6.26006561641873 1
1678282696731 6.251939592488534 1
1678282697346 6.243930507141587 1
1678282697995 6.234479805638707 1
1678282698629 6.227824954076796 1
1678282699242 6.219564676151328 1
1678282699853 6.209966038272539 1
1678282700465 6.198709459955501 1
1678282701077 6.1864963174333685 1
1678282701688 6.171910958763071 1
1678282702403 6.160368915615265 1
1678282703056 6.149707507223705 1
1678282703686 6.139456124303649 1
1678282704297 6.130974883215918 1
1678282704909 6.119634964472037 1
1678282705521 6.1094591373981775 1
1678282706134 6.100488847713976 1
1678282706747 6.091365853648528 1
1678282707364 6.079085415300558 1
1678282708010 6.072002060035257 1
1678282708641 6.05939868373482 1
1678282709261 6.045599345583359 1
1678282709872 6.0347407790128 1
1678282710481 6.025708095545032 1
1678282711091 6.0191113505975995 1
1678282711701 5.976250762360366 1
1678282712314 5.9531636760701145 1
1678282712960 5.949384775216544 1
1678282713590 5.941773355349452 1
