1678282623552 0.9561173404966082 1
1678282624165 0.9357450604438782 1
1678282624776 0.9093015789985657 1
1678282625386 0.8726116674286979 1
1678282625996 0.8177727886608669 1
1678282626607 0.7442390322685242 1
1678282627219 0.6626398137637547 1
1678282627865 0.6003500648907253 1
1678282628499 0.6099468810217721 1
1678282629113 0.7438523513930184 1
1678282629724 0.9219302790505546 1
1678282630333 0.9540824464389256 1
1678282630943 0.8615526386669704 1
1678282631553 0.7867583291871207 1
1678282632164 0.7642912694386074 1
1678282632811 0.7741224936076573 1
1678282633444 0.7864042946270534 1
1678282634067 0.7821292792047773 1
1678282634690 0.7643006273678371 1
1678282635311 0.7462155648640224 1
1678282635930 0.7340691089630127 1
1678282636550 0.7243990131786892 1
1678282637164 0.7119719811848232 1
1678282637805 0.7039292880467006 1
1678282638439 0.6995940549033028 1
1678282639058 0.6874318378312247 1
1678282639678 0.6730878608567374 1
1678282640297 0.6628805484090533 1
1678282640913 0.6545006547655378 1
1678282641524 0.6444817781448364 1
1678282642135 0.633449809891837 1
1678282642774 0.6228262782096863 1
1678282643408 0.6116248454366412 1
1678282644031 0.5982273050716945 1
1678282644747 0.5807926143918719 1
1678282645360 0.5642020361764091 1
1678282645972 0.5616392322949001 1
1678282646584 0.5489226920264108 1
1678282647196 0.5311738550662994 1
1678282647838 0.5216125292437417 1
1678282648471 0.5056948065757751 1
1678282649087 0.49032612783568247 1
1678282649697 0.4783495622021811 1
1678282650307 0.4655736301626478 1
1678282650917 0.4533587779317583 1
1678282651527 0.4412011887345995 1
1678282652138 0.4283190369606018 1
1678282652776 0.4156471831457956 1
1678282653406 0.4032333493232727 1
1678282654016 0.39064101236207144 1
1678282654627 0.3784172534942627 1
1678282655238 0.3659633014883314 1
1678282655848 0.3537316066878183 1
1678282656459 0.3415535645825522 1
1678282657071 0.32968643733433317 1
1678282657703 0.31802673850740704 1
1678282658342 0.3065222714628492 1
1678282658965 0.29581204269613537 1
1678282659584 0.28523785514490946 1
1678282660196 0.27518061654908316 1
1678282660807 0.2656318524054119 1
1678282661417 0.2566210286957877 1
1678282662027 0.24870023131370544 1
1678282662659 0.24137355812958308 1
1678282663297 0.23463747756821768 1
1678282663920 0.22850066423416138 1
1678282664538 0.22311341336795262 1
1678282665149 0.21814413155828202 1
1678282665759 0.21369663519518717 1
1678282666369 0.20973984897136688 1
1678282666978 0.20619455405644008 1
1678282667608 0.2029709049633571 1
1678282668248 0.20023018760340555 1
1678282668869 0.19792679165090835 1
1678282669479 0.19580350177628653 1
1678282670089 0.1940101044518607 1
1678282670699 0.192368141242436 1
1678282671309 0.19089903576033457 1
1678282671919 0.18962031177112035 1
1678282672545 0.18850209244659968 1
1678282673259 0.18744838876383646 1
1678282673875 0.18644717122827256 1
1678282674486 0.1855184840304511 1
1678282675097 0.1846339511019843 1
1678282675709 0.1838760312114443 1
1678282676320 0.18319952487945557 1
1678282676931 0.1824928649834224 1
1678282677559 0.18188377363341196 1
1678282678218 0.18123900890350342 1
1678282678837 0.18068318707602365 1
1678282679449 0.18006278148719243 1
1678282680062 0.17940011833395278 1
1678282680674 0.17887647449970245 1
1678282681286 0.17835763948304312 1
1678282681897 0.17772514692374639 1
1678282682522 0.1773151499884469 1
1678282683166 0.17682352236339025 1
1678282683788 0.17631825378962926 1
1678282684407 0.17602290213108063 1
1678282685022 0.17539541636194503 1
1678282685633 0.1749207547732762 1
1678282686244 0.17450630026204245 1
1678282686855 0.1740867303950446 1
1678282687477 0.17361888928072794 1
1678282688119 0.17321077840668814 1
1678282688742 0.17281216382980347 1
1678282689352 0.1723593771457672 1
1678282689963 0.17190876177379064 1
1678282690573 0.1715232687337058 1
1678282691184 0.171072855591774 1
1678282691795 0.170533293059894 1
1678282692413 0.17014661857060023 1
1678282693057 0.16979263722896576 1
1678282693677 0.1694186202117375 1
1678282694288 0.16905842295714787 1
1678282694900 0.16878552521978105 1
1678282695511 0.1683556820665087 1
1678282696122 0.1679986992052623 1
1678282696733 0.16773123826299394 1
1678282697348 0.167411493403571 1
1678282697997 0.1670925510781152 1
1678282698631 0.1669016948768071 1
1678282699244 0.16659964621067047 1
1678282699855 0.1662256738969258 1
1678282700467 0.16593784306730544 1
1678282701080 0.16559233622891562 1
1678282701690 0.16523642199380056 1
1678282702406 0.16497985805783952 1
1678282703058 0.16474038575376784 1
1678282703688 0.16452865515436446 1
1678282704299 0.16433240047522954 1
1678282704912 0.16405215007918222 1
1678282705524 0.16381175177437918 1
1678282706136 0.1635917957339968 1
1678282706749 0.16327242127486638 1
1678282707366 0.16292517951556615 1
1678282708013 0.16272670669215067 1
1678282708643 0.16232900321483612 1
1678282709263 0.16204615575926645 1
1678282709874 0.161843227488654 1
1678282710484 0.16171343411718095 1
1678282711093 0.1616323313542775 1
1678282711703 0.15898336257253373 1
1678282712316 0.16010696121624537 1
1678282712962 0.16015956231525966 1
1678282713592 0.1592921486922673 1
