1678282623546 1118.3484061104912 1
1678282624161 1096.483433314732 1
1678282624771 1067.9400983537946 1
1678282625382 1028.7208775111608 1
1678282625992 971.3169642857143 1
1678282626603 883.952654157366 1
1678282627215 753.0369001116071 1
1678282627861 575.8780386788504 1
1678282628494 384.54931640625 1
1678282629109 255.71136038643974 1
1678282629719 238.79597909109933 1
1678282630329 240.76322501046317 1
1678282630939 222.21549769810267 1
1678282631549 216.15242658342635 1
1678282632159 212.7938276018415 1
1678282632806 207.15233067103796 1
1678282633439 202.55948529924666 1
1678282634062 198.49625287737166 1
1678282634685 194.2774701799665 1
1678282635306 190.29574148995536 1
1678282635926 186.31223624093192 1
1678282636546 182.03131975446428 1
1678282637160 177.75233677455358 1
1678282637801 174.10834394182478 1
1678282638434 170.41990661621094 1
1678282639054 166.79913766043526 1
1678282639673 163.326167515346 1
1678282640292 159.94385637555803 1
1678282640909 156.57796587262834 1
1678282641520 153.2338649204799 1
1678282642131 149.93032291957311 1
1678282642769 146.62210191999162 1
1678282643404 143.20718274797713 1
1678282644027 139.50814601353235 1
1678282644742 135.29734584263392 1
1678282645356 131.4129638671875 1
1678282645968 128.01473563058036 1
1678282646579 124.18001011439732 1
1678282647191 120.61952209472656 1
1678282647833 117.17182377406529 1
1678282648467 113.3295157296317 1
1678282649082 109.68066951206752 1
1678282649693 106.17837524414062 1
1678282650303 102.7232164655413 1
1678282650913 99.5183585030692 1
1678282651523 96.2768325805664 1
1678282652134 93.18119703020368 1
1678282652771 90.08402797154018 1
1678282653402 87.11017717633929 1
1678282654012 84.15232304164341 1
1678282654622 81.30543300083706 1
1678282655233 78.50692912510463 1
1678282655844 75.81898662022182 1
1678282656455 73.22131892613002 1
1678282657066 70.75134822300502 1
1678282657699 68.39739990234375 1
1678282658337 66.13125392368862 1
1678282658960 64.01118905203683 1
1678282659579 62.05406515938895 1
1678282660192 60.22106443132673 1
1678282660803 58.57184818812779 1
1678282661413 57.027670179094585 1
1678282662023 55.65633065359933 1
1678282662655 54.47691181727818 1
1678282663293 53.369379316057476 1
1678282663916 52.38089806692941 1
1678282664534 51.50982393537249 1
1678282665145 50.74249758039202 1
1678282665755 50.033685956682476 1
1678282666364 49.42052132742746 1
1678282666974 48.881619044712615 1
1678282667604 48.38728659493582 1
1678282668244 47.95506777082171 1
1678282668865 47.580160413469585 1
1678282669475 47.20740236554827 1
1678282670085 46.86881474086216 1
1678282670695 46.55445262363979 1
1678282671305 46.250809805733816 1
1678282671915 45.97242191859654 1
1678282672540 45.703029087611604 1
1678282673254 45.445748465401785 1
1678282673870 45.213065011160715 1
1678282674482 44.9692371913365 1
1678282675093 44.73125621250698 1
1678282675705 44.512454986572266 1
1678282676316 44.32703290666853 1
1678282676927 44.12856020246233 1
1678282677555 43.95002474103655 1
1678282678198 43.766330174037385 1
1678282678833 43.60741152082171 1
1678282679445 43.429347446986604 1
1678282680057 43.234734126499724 1
1678282680670 43.05402592250279 1
1678282681281 42.90025765555246 1
1678282681893 42.711359296526226 1
1678282682517 42.56949070521763 1
1678282683161 42.411625725882395 1
1678282683784 42.24250929696219 1
1678282684403 42.12630162920271 1
1678282685017 41.93380165100098 1
1678282685629 41.71538543701172 1
1678282686240 41.55414935520717 1
1678282686850 41.39461653573172 1
1678282687472 41.22768810817173 1
1678282688114 41.07804325648716 1
1678282688737 40.93730272565569 1
1678282689348 40.78766114371164 1
1678282689958 40.63743645804269 1
1678282690569 40.49429539271763 1
1678282691180 40.34547642299107 1
1678282691790 40.16069957188198 1
1678282692408 40.003064836774556 1
1678282693053 39.86656025477818 1
1678282693673 39.726786204746794 1
1678282694284 39.575041907174246 1
1678282694894 39.47591590881348 1
1678282695506 39.33496584211077 1
1678282696118 39.18842152186802 1
1678282696729 39.0867486681257 1
1678282697343 38.986668178013396 1
1678282697992 38.86873844691685 1
1678282698624 38.78580365862165 1
1678282699240 38.68298476082938 1
1678282699851 38.56367819649832 1
1678282700463 38.423998968941824 1
1678282701075 38.27273668561663 1
1678282701686 38.09248488289969 1
1678282702401 37.95014517647879 1
1678282703053 37.818902424403596 1
1678282703684 37.69292150224958 1
1678282704295 37.58885301862444 1
1678282704907 37.44993209838867 1
1678282705519 37.325490951538086 1
1678282706132 37.21596418108259 1
1678282706744 37.10473796299526 1
1678282707361 36.95527948651995 1
1678282708008 36.86920901707241 1
1678282708639 36.716312408447266 1
1678282709259 36.54927144731794 1
1678282709869 36.418096269880024 1
1678282710479 36.30915805271694 1
1678282711089 36.229701450892854 1
1678282711699 35.715573174612864 1
1678282712310 35.44015775408064 1
1678282712958 35.3951792035784 1
1678282713587 35.30467060634068 1
