1678241229760 34.01265384913458 1
1678241278829 34.01265384913458 1
1678241327936 34.01265384913458 1
1678241377087 34.01265384913458 1
1678241426334 34.01265384913458 1
1678241475407 34.01265384913458 1
1678241524546 34.01265384913458 1
1678241573671 34.01265384913458 1
1678241622851 34.01265384913458 1
1678241672037 34.01265384913458 1
1678241721124 34.01265384913458 1
1678241770254 34.01265384913458 1
1678241819360 34.01265384913458 1
1678241868487 34.01265384913458 1
1678241917421 34.01265384913458 1
1678241966492 34.01265384913458 1
1678242015563 34.01265384913458 1
1678242064657 34.01265384913458 1
1678242113619 34.01265384913458 1
1678242162722 34.01265384913458 1
1678242211681 34.01265384913458 1
1678242260606 34.01265384913458 1
1678242309541 34.01265384913458 1
1678242358528 34.01265384913458 1
1678242407457 34.01265384913458 1
1678242456610 34.01265384913458 1
1678242505649 34.01265384913458 1
1678242554911 34.01265384913458 1
1678242603835 34.01265384913458 1
1678242653008 34.01265384913458 1
1678242702032 34.01265384913458 1
1678242751069 34.01265384913458 1
1678242800041 34.01265384913458 1
1678242849030 34.01265384913458 1
