1678241229763 0.9999999914850507 1
1678241278831 0.9999999914850507 1
1678241327938 0.9999999914850507 1
1678241377089 0.9999999914850507 1
1678241426336 0.9999999914850507 1
1678241475409 0.9999999914850507 1
1678241524548 0.9999999914850507 1
1678241573673 0.9999999914850507 1
1678241622853 0.9999999914850507 1
1678241672040 0.9999999914850507 1
1678241721126 0.9999999914850507 1
1678241770256 0.9999999914850507 1
1678241819362 0.9999999914850507 1
1678241868489 0.9999999914850507 1
1678241917423 0.9999999914850507 1
1678241966494 0.9999999914850507 1
1678242015565 0.9999999914850507 1
1678242064659 0.9999999914850507 1
1678242113621 0.9999999914850507 1
1678242162724 0.9999999914850507 1
1678242211683 0.9999999914850507 1
1678242260608 0.9999999914850507 1
1678242309543 0.9999999914850507 1
1678242358530 0.9999999914850507 1
1678242407459 0.9999999914850507 1
1678242456612 0.9999999914850507 1
1678242505651 0.9999999914850507 1
1678242554913 0.9999999914850507 1
1678242603837 0.9999999914850507 1
1678242653010 0.9999999914850507 1
1678242702034 0.9999999914850507 1
1678242751071 0.9999999914850507 1
1678242800043 0.9999999914850507 1
1678242849032 0.9999999914850507 1
