1678241229756 1156.8606218610491 1
1678241278826 1156.8606218610491 1
1678241327933 1156.8606218610491 1
1678241377084 1156.8606218610491 1
1678241426331 1156.8606218610491 1
1678241475404 1156.8606218610491 1
1678241524543 1156.8606218610491 1
1678241573668 1156.8606218610491 1
1678241622849 1156.8606218610491 1
1678241672035 1156.8606218610491 1
1678241721122 1156.8606218610491 1
1678241770251 1156.8606218610491 1
1678241819357 1156.8606218610491 1
1678241868484 1156.8606218610491 1
1678241917418 1156.8606218610491 1
1678241966490 1156.8606218610491 1
1678242015560 1156.8606218610491 1
1678242064655 1156.8606218610491 1
1678242113617 1156.8606218610491 1
1678242162720 1156.8606218610491 1
1678242211678 1156.8606218610491 1
1678242260604 1156.8606218610491 1
1678242309538 1156.8606218610491 1
1678242358525 1156.8606218610491 1
1678242407455 1156.8606218610491 1
1678242456608 1156.8606218610491 1
1678242505646 1156.8606218610491 1
1678242554908 1156.8606218610491 1
1678242603832 1156.8606218610491 1
1678242653006 1156.8606218610491 1
1678242702029 1156.8606218610491 1
1678242751067 1156.8606218610491 1
1678242800039 1156.8606218610491 1
1678242849028 1156.8606218610491 1
