1678233122789 3.0 1
1678233123348 3.0 1
1678233123905 3.0 1
1678233124460 3.0 1
1678233125015 3.0 1
1678233125570 3.0 1
1678233126145 3.0 1
1678233126726 3.0 1
1678233127296 3.0 1
1678233127865 3.0 1
1678233128434 3.0 1
1678233128997 3.0 1
1678233129538 3.0 1
1678233130076 3.0 1
1678233130614 3.0 1
1678233131172 3.0 1
1678233131742 3.0 1
1678233132303 3.0 1
1678233132859 3.0 1
1678233133399 3.0 1
1678233133937 3.0 1
1678233134475 3.0 1
1678233135012 3.0 1
1678233135642 3.0 1
1678233136201 3.0 1
1678233136770 3.0 1
1678233137329 3.0 1
1678233137885 3.0 1
1678233138441 3.0 1
1678233138997 3.0 1
1678233139553 3.0 1
1678233140108 3.0 1
1678233140663 3.0 1
1678233141227 3.0 1
