1678233122792 0.9999999914850507 1
1678233123350 0.9999999914850507 1
1678233123906 0.9999999914850507 1
1678233124462 0.9999999914850507 1
1678233125017 0.9999999914850507 1
1678233125572 0.9999999914850507 1
1678233126147 0.9999999914850507 1
1678233126728 0.9999999914850507 1
1678233127297 0.9999999914850507 1
1678233127866 0.9999999914850507 1
1678233128436 0.9999999914850507 1
1678233128999 0.9999999914850507 1
1678233129539 0.9999999914850507 1
1678233130077 0.9999999914850507 1
1678233130616 0.9999999914850507 1
1678233131173 0.9999999914850507 1
1678233131744 0.9999999914850507 1
1678233132305 0.9999999914850507 1
1678233132861 0.9999999914850507 1
1678233133400 0.9999999914850507 1
1678233133939 0.9999999914850507 1
1678233134476 0.9999999914850507 1
1678233135013 0.9999999914850507 1
1678233135643 0.9999999914850507 1
1678233136203 0.9999999914850507 1
1678233136772 0.9999999914850507 1
1678233137330 0.9999999914850507 1
1678233137887 0.9999999914850507 1
1678233138443 0.9999999914850507 1
1678233138999 0.9999999914850507 1
1678233139555 0.9999999914850507 1
1678233140110 0.9999999914850507 1
1678233140664 0.9999999914850507 1
1678233141229 0.9999999914850507 1
