1678233122779 9.0 1
1678233123347 9.0 1
1678233123903 9.0 1
1678233124458 9.0 1
1678233125013 9.0 1
1678233125568 9.0 1
1678233126143 9.0 1
1678233126724 9.0 1
1678233127294 9.0 1
1678233127863 9.0 1
1678233128432 9.0 1
1678233128995 9.0 1
1678233129535 9.0 1
1678233130074 9.0 1
1678233130612 9.0 1
1678233131170 9.0 1
1678233131740 9.0 1
1678233132301 9.0 1
1678233132858 9.0 1
1678233133397 9.0 1
1678233133935 9.0 1
1678233134473 9.0 1
1678233135010 9.0 1
1678233135640 9.0 1
1678233136199 9.0 1
1678233136768 9.0 1
1678233137327 9.0 1
1678233137883 9.0 1
1678233138439 9.0 1
1678233138995 9.0 1
1678233139551 9.0 1
1678233140106 9.0 1
1678233140661 9.0 1
1678233141225 9.0 1
