1678280113151 160.36240433919176 1
1678280113797 160.35246908456963 1
1678280114428 160.34196070847858 1
1678280115057 160.3303309145238 1
1678280115681 160.31675624397246 1
1678280116298 160.30015790697152 1
1678280116916 160.27833543641466 1
1678280117533 160.24832936643097 1
1678280118150 160.2066466875115 1
1678280118786 160.1489636844286 1
1678280119496 160.0694830294689 1
1678280120126 159.960312635052 1
1678280120756 159.8106720242961 1
1678280121374 159.6056489277333 1
1678280121992 159.32655075908005 1
1678280122609 158.9507729276134 1
1678280123225 158.4505964578775 1
1678280123867 157.79311673749316 1
1678280124506 156.93973834951518 1
1678280125129 155.84555065346635 1
1678280125745 154.4591008626093 1
1678280126361 152.72263827301907 1
1678280126978 150.5729126002701 1
1678280127594 147.94284308958163 1
1678280128211 144.764308716358 1
1678280128838 140.97254078175752 1
1678280129470 136.51279538406436 1
1678280130098 131.35013187224877 1
1678280130726 125.4833684332239 1
1678280131346 118.96437475537581 1
1678280131962 111.92304809196553 1
1678280132577 104.59569135272051 1
1678280133193 97.34730846511262 1
1678280133818 90.66378634282741 1
1678280134449 85.07365711244937 1
1678280135075 80.97266670862612 1
1678280135690 78.4176803360423 1
1678280136305 77.07455769705349 1
1678280136921 76.42056267493436 1
1678280137537 76.02585890404801 1
1678280138152 75.67661913427257 1
1678280138776 75.3211140968762 1
1678280139413 74.96866253791123 1
1678280140041 74.63074464907207 1
1678280140669 74.308179673615 1
1678280141286 73.99667386271855 1
1678280141901 73.69239247132177 1
1678280142517 73.39345421148775 1
1678280143132 73.09927098110316 1
1678280143755 72.80965563880297 1
1678280144392 72.52439744973017 1
1678280145015 72.243202843886 1
1678280145630 71.96574676988575 1
1678280146244 71.69171506477281 1
1678280146859 71.42082191499475 1
1678280147473 71.15280955435054 1
1678280148180 70.88743267356426 1
1678280148807 70.62446912332081 1
1678280149442 70.3637224137527 1
1678280150071 70.10499887843616 1
1678280150700 69.84812626110667 1
1678280151321 69.59294263515903 1
1678280151936 69.33928758254845 1
1678280152552 69.08701210321985 1
1678280153167 68.83596999032503 1
1678280153796 68.58601943502747 1
1678280154440 68.33701955885624 1
1678280155066 68.08883070803537 1
1678280155682 67.84132143445626 1
1678280156299 67.5943511176296 1
1678280156918 67.34778948773247 1
1678280157535 67.10149733407927 1
1678280158151 66.85533965011429 1
1678280158783 66.60918021736876 1
1678280159433 66.36287843101408 1
1678280160056 66.11628657906057 1
1678280160671 65.86926188286387 1
1678280161287 65.62164665114393 1
1678280161903 65.37328132343751 1
1678280162519 65.1240004014834 1
1678280163134 64.8736100030867 1
1678280163763 64.62189591925217 1
1678280164431 64.36858037295767 1
1678280165056 64.11323094754687 1
1678280165671 63.855017612358026 1
1678280166286 63.59193135342666 1
1678280166901 63.31871493479083 1
1678280167516 63.021702633221345 1
1678280168132 62.67887795000345 1
1678280168765 62.269297424860305 1
1678280169441 61.84656859418314 1
1678280170071 61.40857354291738 1
1678280170699 60.91036168824893 1
1678280171320 60.355654839870255 1
1678280171934 59.63753342833 1
1678280172549 59.07079377708884 1
1678280173164 58.402765830400746 1
1678280173794 57.81514593365961 1
1678280174448 57.01049157438981 1
1678280175067 55.96391192347992 1
1678280175683 54.77064788714552 1
1678280176299 53.264721724206375 1
1678280176916 51.01787452653587 1
1678280177603 49.77112165484368 1
1678280178227 48.49133978536464 1
1678280178869 47.39166783271631 1
1678280179523 45.909437416694736 1
1678280180152 44.456072586182714 1
1678280180781 43.08352932899027 1
1678280181397 41.78632710697984 1
1678280182013 40.47332455701588 1
1678280182628 38.99164824436767 1
1678280183244 37.393758543550994 1
1678280183876 35.93470461760109 1
1678280184523 34.55177317657731 1
1678280185187 33.2941247732936 1
1678280185806 32.13581527836054 1
1678280186424 30.78358884560736 1
1678280187040 29.422462072608106 1
1678280187656 28.222506448873325 1
1678280188272 27.272739426911524 1
1678280188907 26.410123441342375 1
1678280189550 25.36402865275483 1
1678280190195 23.10825427939633 1
1678280190811 21.57533999577561 1
1678280191426 20.891972255948062 1
1678280192042 20.668846601375563 1
1678280192658 20.00080673770536 1
1678280193275 19.185248184669543 1
1678280193910 18.667334628967055 1
1678280194557 18.23385855860651 1
1678280195190 17.58941806137607 1
1678280195806 17.01637831872802 1
1678280196422 16.63873320379148 1
1678280197040 16.381426666000745 1
1678280197656 16.120106914697146 1
1678280198273 15.819465020841237 1
1678280198907 15.501312903425655 1
1678280199552 15.192132941766687 1
1678280200172 14.91673828822237 1
1678280200789 14.676247336841922 1
1678280201406 14.453424300110456 1
1678280202024 14.239189847062843 1
1678280202641 14.03320298908316 1
1678280203258 13.835636185792003 1
1678280203985 13.649959076680831 1
1678280204629 13.477337419490757 1
1678280205247 13.316190743997494 1
1678280205865 13.165477383957212 1
1678280206483 13.023466205164826 1
1678280207100 12.888576127419396 1
1678280207717 12.760351557588692 1
1678280208333 12.638522663596161 1
1678280208971 12.522695852752701 1
1678280209616 12.41253961703043 1
1678280210233 12.30765248255522 1
1678280210850 12.207535212811326 1
1678280211466 12.111756048311088 1
1678280212083 12.019982231241254 1
1678280212700 11.93194240715363 1
1678280213318 11.84739650204231 1
1678280213952 11.766137401616763 1
1678280214600 11.6879882710507 1
1678280215227 11.612761540630189 1
1678280215851 11.540300256572975 1
1678280216476 11.47045600648864 1
1678280217099 11.403101011244367 1
1678280217716 11.338109006640853 1
1678280218332 11.275371123215361 1
1678280218967 11.214773630873122 1
1678280219614 11.156228507007107 1
1678280220236 11.099655943341077 1
1678280220852 11.044973262519399 1
1678280221469 10.992104855274276 1
1678280222087 10.940988761192685 1
1678280222703 10.891562441639453 1
1678280223319 10.843765579155905 1
1678280223953 10.797539615424052 1
1678280224601 10.752835631641254 1
1678280225219 10.709603788942298 1
1678280225835 10.667800684093553 1
1678280226451 10.627383027387879 1
1678280227068 10.588306673060439 1
1678280227684 10.550531101999058 1
1678280228301 10.51401725953515 1
1678280228933 10.478724613271734 1
1678280229581 10.44461482771263 1
1678280230209 10.411653939437471 1
1678280230825 10.37981519724115 1
1678280231442 10.349052561695439 1
1678280232058 10.319331349692348 1
1678280232679 10.290619914044637 1
1678280233389 10.26288053285978 1
1678280234027 10.236091135423761 1
1678280234673 10.210216447140626 1
1678280235294 10.185207312900713 1
1678280235915 10.161040572612418 1
1678280236532 10.13767188179987 1
1678280237150 10.115059468781654 1
1678280237767 10.093151022454855 1
