1678280113153 0.9987431679453168 1
1678280113799 0.9986268963132586 1
1678280114430 0.9985036594527108 1
1678280115059 0.9983667986733573 1
1678280115682 0.998206445149013 1
1678280116300 0.9980094347681318 1
1678280116918 0.9977524195398603 1
1678280117535 0.9973993812288556 1
1678280118152 0.9969073108264378 1
1678280118788 0.9962240712983268 1
1678280119498 0.9952794994626727 1
1678280120128 0.993977929864611 1
1678280120758 0.9921883855547223 1
1678280121376 0.989729140486036 1
1678280121994 0.9863719684737069 1
1678280122610 0.9818399633680072 1
1678280123227 0.9757914968899318 1
1678280123869 0.967817987714495 1
1678280124508 0.9574365360396249 1
1678280125131 0.9440800973347255 1
1678280125747 0.9270908917699542 1
1678280126363 0.9057175176484245 1
1678280126980 0.8791165692465646 1
1678280127596 0.8463601469993591 1
1678280128213 0.8064519252095904 1
1678280128840 0.7591022508484977 1
1678280129472 0.7102707879883903 1
1678280130100 0.6632905261857169 1
1678280130728 0.6224473118782043 1
1678280131348 0.5911824532917568 1
1678280131964 0.5730066214288984 1
1678280132579 0.5671690787587848 1
1678280133195 0.5754822748047965 1
1678280133820 0.5983474339757647 1
1678280134451 0.6344687938690186 1
1678280135077 0.6774232813290187 1
1678280135692 0.7204687510217939 1
1678280136307 0.755742038999285 1
1678280136923 0.779579758644104 1
1678280137538 0.7913784469876971 1
1678280138154 0.793535087789808 1
1678280138778 0.7895826186452594 1
1678280139415 0.7828519514628819 1
1678280140043 0.7756677440234593 1
1678280140671 0.7692597849028451 1
1678280141288 0.7640260628291539 1
1678280141903 0.7598752294267926 1
1678280142519 0.7565180744443621 1
1678280143134 0.7536220976284572 1
1678280143757 0.750919623034341 1
1678280144394 0.7482344848769051 1
1678280145017 0.7454833558627537 1
1678280145632 0.7426392946924482 1
1678280146246 0.7397179688726153 1
1678280146861 0.7367469498089382 1
1678280147475 0.7337559035846165 1
1678280148182 0.7307670627321515 1
1678280148809 0.7277891550745282 1
1678280149444 0.7248290010860988 1
1678280150073 0.7218817046710423 1
1678280150702 0.7189451796667916 1
1678280151322 0.7160122564860752 1
1678280151938 0.7130788479532514 1
1678280152554 0.7101461376462664 1
1678280153169 0.7072095956121173 1
1678280153798 0.7042663097381592 1
1678280154442 0.7013217466218131 1
1678280155068 0.698377285684858 1
1678280155684 0.695429870060512 1
1678280156301 0.6924727729388646 1
1678280156920 0.6895047426223755 1
1678280157537 0.6865232416561672 1
1678280158153 0.683527946472168 1
1678280158785 0.6805147528648376 1
1678280159435 0.6774820344788688 1
1678280160057 0.6744282756532941 1
1678280160673 0.6713513902255467 1
1678280161289 0.6682495389665876 1
1678280161905 0.6651278223310199 1
1678280162521 0.6619782022067479 1
1678280163135 0.6587978856904166 1
1678280163765 0.6555847866194588 1
1678280164434 0.6523353712899345 1
1678280165058 0.6490428362573896 1
1678280165673 0.6456839271954128 1
1678280166288 0.6422030244554792 1
1678280166903 0.6384337288992745 1
1678280167518 0.6338467512811933 1
1678280168133 0.6268718498093742 1
1678280168767 0.6147955570902143 1
1678280169443 0.5999057633536202 1
1678280170073 0.6006792868886676 1
1678280170701 0.5977197715214321 1
1678280171321 0.5860901049205235 1
1678280171936 0.5726338965552193 1
1678280172551 0.5682477865900312 1
1678280173166 0.5644719685826983 1
1678280173796 0.5545789343970162 1
1678280174451 0.5458994507789612 1
1678280175069 0.5148113114493233 1
1678280175685 0.5028022910867419 1
1678280176301 0.48247206636837553 1
1678280176918 0.45230739031519207 1
1678280177605 0.4466555714607239 1
1678280178229 0.43807919110570637 1
1678280178871 0.42108101078442167 1
1678280179525 0.40451076201030184 1
1678280180154 0.39133246881621225 1
1678280180783 0.3720712150846209 1
1678280181399 0.35556421535355703 1
1678280182015 0.33816651361329214 1
1678280182630 0.31712497983660015 1
1678280183246 0.29770401545933317 1
1678280183878 0.2817528758730207 1
1678280184525 0.26317802710192545 1
1678280185189 0.24997644552162715 1
1678280185809 0.23522530496120453 1
1678280186426 0.22116857128483908 1
1678280187042 0.20815733075141907 1
1678280187658 0.19731654013906205 1
1678280188274 0.18849635124206543 1
1678280188909 0.18044039607048035 1
1678280189553 0.1722887626716069 1
1678280190197 0.14440388551780156 1
1678280190813 0.1486107919897352 1
1678280191428 0.13717737261738097 1
1678280192044 0.137410041476999 1
1678280192659 0.13130263345582144 1
1678280193277 0.12649251094886235 1
1678280193912 0.12409427016973495 1
1678280194558 0.12013545951672963 1
1678280195192 0.11590664088726044 1
1678280195808 0.11353204505784172 1
1678280196424 0.11219044774770737 1
1678280197042 0.11067814060619899 1
1678280197658 0.10932578891515732 1
1678280198275 0.1080449926001685 1
1678280198909 0.1065349280834198 1
1678280199554 0.10510472101824624 1
1678280200174 0.10396246079887662 1
1678280200790 0.10292699400867734 1
1678280201407 0.10192996795688357 1
1678280202026 0.10096534128699984 1
1678280202643 0.10001546038048607 1
1678280203260 0.09906829254967826 1
1678280203987 0.09820078632661275 1
1678280204631 0.09741466918161937 1
1678280205249 0.09670165606907435 1
1678280205867 0.09602337437016624 1
1678280206485 0.0953712495309966 1
1678280207102 0.09473205570663724 1
1678280207719 0.09409960678645543 1
1678280208335 0.0934730949146407 1
1678280208973 0.09285824745893478 1
1678280209618 0.09225727511303765 1
1678280210235 0.09167013743094035 1
1678280210852 0.09108467825821467 1
1678280211468 0.09050932100840978 1
1678280212085 0.08996021428278514 1
1678280212702 0.08941629635436195 1
1678280213319 0.08888072733368192 1
1678280213954 0.08836314507893153 1
1678280214602 0.08784405142068863 1
1678280215229 0.08732722699642181 1
1678280215853 0.08681108802556992 1
1678280216478 0.0863029073391642 1
1678280217101 0.08579605498484202 1
1678280217717 0.085294280733381 1
1678280218334 0.08480123004743031 1
1678280218969 0.084309669477599 1
1678280219616 0.08382239405597959 1
1678280220237 0.08333625963756017 1
1678280220854 0.082855971796172 1
1678280221471 0.08238161248820168 1
1678280222089 0.08191170649869102 1
1678280222705 0.08144386751311165 1
1678280223321 0.08097941747733525 1
1678280223955 0.08052390175206321 1
1678280224603 0.08007597923278809 1
1678280225220 0.07963597029447556 1
1678280225837 0.07920682323830468 1
1678280226453 0.07878316513129643 1
1678280227070 0.07836777291127614 1
1678280227686 0.07795738748141698 1
1678280228303 0.07755697731460844 1
1678280228935 0.07716485857963562 1
1678280229583 0.07678063746009554 1
1678280230211 0.07640373813254493 1
1678280230827 0.07603406373943601 1
1678280231444 0.07567016035318375 1
1678280232060 0.07531772766794477 1
1678280232681 0.07498050055333547 1
1678280233390 0.07465496552842003 1
1678280234029 0.07433939512286868 1
1678280234675 0.07403137641293663 1
1678280235295 0.07373236332620893 1
1678280235916 0.07343906377043043 1
1678280236534 0.073150420827525 1
1678280237152 0.07286860474518367 1
1678280237769 0.07259708323648997 1
