1678280113148 25716.100725446428 1
1678280113795 25712.91434151786 1
1678280114426 25709.544363839286 1
1678280115055 25705.815011160714 1
1678280115679 25701.462332589286 1
1678280116296 25696.140625 1
1678280116914 25689.14481026786 1
1678280117531 25679.52706473214 1
1678280118148 25666.16964285714 1
1678280118784 25647.690569196428 1
1678280119494 25622.239397321428 1
1678280120124 25587.301618303572 1
1678280120754 25539.45089285714 1
1678280121372 25473.96316964286 1
1678280121990 25384.949776785714 1
1678280122607 25265.348214285714 1
1678280123223 25106.59151785714 1
1678280123865 24898.66768973214 1
1678280124504 24630.081473214286 1
1678280125127 24287.83565848214 1
1678280125743 23857.613839285714 1
1678280126359 23324.204241071428 1
1678280126976 22672.202008928572 1
1678280127592 21887.084821428572 1
1678280128209 20956.705078125 1
1678280128836 19873.257254464286 1
1678280129468 18635.743303571428 1
1678280130096 17252.85714285714 1
1678280130724 15746.075753348214 1
1678280131345 14152.5224609375 1
1678280131960 12526.76869419643 1
1678280132575 10940.25864955357 1
1678280133191 9476.498465401786 1
1678280133816 8219.922154017857 1
1678280134447 7237.527134486607 1
1678280135073 6556.57275390625 1
1678280135688 6149.332589285715 1
1678280136303 5940.487444196428 1
1678280136920 5840.102399553572 1
1678280137535 5779.931222098215 1
1678280138150 5726.95068359375 1
1678280138774 5673.270228794643 1
1678280139411 5620.300362723215 1
1678280140039 5569.748046875 1
1678280140667 5521.70556640625 1
1678280141284 5475.507742745535 1
1678280141899 5430.568708147322 1
1678280142515 5386.59912109375 1
1678280143130 5343.50341796875 1
1678280143753 5301.245954241072 1
1678280144390 5259.788225446428 1
1678280145013 5219.080357142857 1
1678280145628 5179.068708147322 1
1678280146242 5139.702008928572 1
1678280146857 5100.933803013393 1
1678280147471 5062.722307477678 1
1678280148178 5025.028111049107 1
1678280148805 4987.815638950893 1
1678280149440 4951.053431919643 1
1678280150069 4914.710867745535 1
1678280150698 4878.7607421875 1
1678280151319 4843.177664620535 1
1678280151934 4807.936802455357 1
1678280152549 4773.015241350447 1
1678280153165 4738.390764508928 1
1678280153794 4704.042061941965 1
1678280154438 4669.9482421875 1
1678280155064 4636.0888671875 1
1678280155680 4602.444893973215 1
1678280156297 4568.996303013393 1
1678280156916 4535.724748883928 1
1678280157533 4502.610944475447 1
1678280158149 4469.636439732143 1
1678280158781 4436.78288922991 1
1678280159431 4404.031633649553 1
1678280160054 4371.363351004465 1
1678280160669 4338.759660993303 1
1678280161285 4306.20050920759 1
1678280161901 4273.665910993303 1
1678280162517 4241.13542829241 1
1678280163132 4208.58527483259 1
1678280163761 4175.98943219866 1
1678280164411 4143.31413922991 1
1678280165054 4110.506382533482 1
1678280165669 4077.4632742745534 1
1678280166284 4043.9337332589284 1
1678280166899 4009.2596609933034 1
1678280167514 3971.7350027901784 1
1678280168130 3928.6417410714284 1
1678280168763 3877.465401785714 1
1678280169414 3824.998046875 1
1678280170069 3771.0129045758927 1
1678280170697 3710.0721609933034 1
1678280171318 3642.8050711495534 1
1678280171932 3556.6353934151784 1
1678280172547 3489.3586774553573 1
1678280173162 3410.883056640625 1
1678280173792 3342.5910993303573 1
1678280174442 3250.1961495535716 1
1678280175065 3131.9594377790177 1
1678280175681 2999.8238699776784 1
1678280176297 2837.1305803571427 1
1678280176914 2602.8235212053573 1
1678280177601 2477.16455078125 1
1678280178224 2351.4100341796875 1
1678280178867 2245.9701799665177 1
1678280179521 2107.676443917411 1
1678280180150 1976.3423897879463 1
1678280180779 1856.1904994419642 1
1678280181395 1746.097133091518 1
1678280182011 1638.0900006975446 1
1678280182626 1520.3486328125 1
1678280183242 1398.293178013393 1
1678280183874 1291.3029959542412 1
1678280184521 1193.8250296456474 1
1678280185185 1108.498744419643 1
1678280185803 1032.7106236049108 1
1678280186422 947.6293422154018 1
1678280187038 865.6812744140625 1
1678280187654 796.5098702566964 1
1678280188270 743.8023158482143 1
1678280188905 697.4946201869419 1
1678280189548 643.3339494977679 1
1678280190193 533.9914158412388 1
1678280190809 465.4952959333147 1
1678280191424 436.47450474330356 1
1678280192040 427.2012198311942 1
1678280192656 400.0322701590402 1
1678280193273 368.07374790736606 1
1678280193908 348.4693821498326 1
1678280194555 332.47359793526783 1
1678280195188 309.3876277378627 1
1678280195804 289.557131086077 1
1678280196421 276.8474426269531 1
1678280197038 268.3511396135603 1
1678280197654 259.85784694126676 1
1678280198271 250.25547354561942 1
1678280198905 240.29070172991072 1
1678280199550 230.8009033203125 1
1678280200170 222.5090811593192 1
1678280200787 215.3922358921596 1
1678280201404 208.90147399902344 1
1678280202022 202.75452750069755 1
1678280202639 196.9307861328125 1
1678280203256 191.4248286655971 1
1678280203983 186.3213827950614 1
1678280204627 181.6386239188058 1
1678280205245 177.32093593052454 1
1678280205863 173.32979474748885 1
1678280206481 169.6106719970703 1
1678280207098 166.11539459228516 1
1678280207715 162.82657187325614 1
1678280208331 159.7322551182338 1
1678280208969 156.81791142054968 1
1678280209614 154.0711397443499 1
1678280210231 151.47830963134766 1
1678280210848 149.02391597202845 1
1678280211464 146.69463457380022 1
1678280212081 144.47997283935547 1
1678280212698 142.37124960763114 1
1678280213316 140.36080387660436 1
1678280213950 138.4419893537249 1
1678280214598 136.60906982421875 1
1678280215225 134.85623059953963 1
1678280215849 133.17853001185827 1
1678280216474 131.5713609967913 1
1678280217098 130.0307126726423 1
1678280217714 128.55271584647042 1
1678280218330 127.13399396623883 1
1678280218965 125.77114759172711 1
1678280219612 124.46143450055804 1
1678280220234 123.20236206054688 1
1678280220850 121.99143436976841 1
1678280221467 120.8263691493443 1
1678280222085 119.70523507254464 1
1678280222701 118.62613242013114 1
1678280223318 117.58725193568638 1
1678280223951 116.58686174665179 1
1678280224599 115.62347412109375 1
1678280225217 114.69561331612724 1
1678280225833 113.80197143554688 1
1678280226449 112.94127001081195 1
1678280227066 112.11223820277623 1
1678280227682 111.31370653424945 1
1678280228299 110.54455893380302 1
1678280228931 109.80366952078683 1
1678280229579 109.08997889927456 1
1678280230207 108.4025377546038 1
1678280230823 107.74056352887835 1
1678280231440 107.10288892473493 1
1678280232056 106.4885995047433 1
1678280232677 105.89685821533203 1
1678280233386 105.32671683175224 1
1678280234025 104.77756173270089 1
1678280234671 104.24851989746094 1
1678280235292 103.73844800676618 1
1678280235913 103.24674551827567 1
1678280236530 102.77239118303571 1
1678280237148 102.3144280569894 1
1678280237765 101.87169756208148 1
