1678280238939 2.0443820477664185 1
1678280239593 1.8306439457467298 1
1678280240221 1.567256228025651 1
1678280240846 1.234702613496139 1
1678280241465 0.8165414193741889 1
1678280242082 0.3388526732005033 1
1678280242699 0.18215569153456485 1
1678280243315 0.2786697803736218 1
1678280243949 0.14560522520054625 1
1678280244606 0.06556507365039999 1
1678280245229 0.09914595797447263 1
1678280245845 0.07112697428701269 1
1678280246461 0.043716388246814786 1
1678280247079 0.0496610740049307 1
1678280247695 0.04388083124756256 1
1678280248312 0.03924332980575905 1
1678280248943 0.039385551795978566 1
1678280249594 0.03744557866992239 1
1678280250223 0.03620867814764969 1
1678280250840 0.035444974072809186 1
1678280251457 0.034460576302700545 1
1678280252073 0.033651638081526596 1
1678280252690 0.032827901540368416 1
1678280253306 0.03201532127749213 1
1678280253936 0.03125424667543829 1
1678280254588 0.030513977928334914 1
1678280255211 0.02980110801620454 1
1678280255829 0.029109771764789363 1
1678280256445 0.028443761835399806 1
1678280257061 0.027806338229157266 1
1678280257678 0.02719632938027816 1
1678280258294 0.026612924512923967 1
1678280258922 0.026055774440089493 1
1678280259575 0.025525467961413945 1
1678280260204 0.025022035246440675 1
1678280260831 0.024544883179663107 1
1678280261518 0.024093289184397827 1
1678280262137 0.023666824016250698 1
1678280262754 0.023264924223224476 1
1678280263372 0.022886884198316144 1
1678280264008 0.02253183436207548 1
1678280264657 0.022198940962293082 1
1678280265279 0.021887311208770497 1
1678280265896 0.021596057463722642 1
1678280266513 0.021324182086777596 1
1678280267130 0.021070741119722597 1
1678280267748 0.020834725508738577 1
1678280268364 0.02061512036778315 1
1678280269000 0.020411004665576757 1
1678280269656 0.02022141634161933 1
1678280270284 0.02004529197130809 1
1678280270901 0.019881809110701608 1
1678280271518 0.019730063114996775 1
1678280272135 0.01958917225731871 1
1678280272752 0.019458281876551378 1
1678280273369 0.019336638192369398 1
1678280274000 0.019223508371683098 1
1678280274667 0.019118141978258913 1
1678280275292 0.019019885688173796 1
1678280275908 0.018928109939380725 1
1678280276524 0.018842227271780993 1
1678280277141 0.0187616814504183 1
1678280277758 0.0186859857377964 1
1678280278374 0.018614660183606326 1
1678280279006 0.018547265797613538 1
1678280279667 0.018483404306153077 1
1678280280299 0.018422725519425302 1
1678280280924 0.01836486140376489 1
1678280281540 0.01830954764682372 1
1678280282157 0.0182564816536005 1
1678280282773 0.01820541365420229 1
1678280283389 0.018156110273314634 1
1678280284021 0.018108357760097542 1
1678280284698 0.01806199030638679 1
1678280285319 0.018016831570010907 1
1678280285935 0.017972713461492096 1
1678280286552 0.017929521050798834 1
1678280287172 0.017887113618991528 1
1678280287789 0.017845392676986597 1
1678280288405 0.017804267832353966 1
1678280289037 0.017763639421544967 1
1678280289699 0.0177234481652957 1
1678280290322 0.017683620631969665 1
1678280291033 0.017644081346139488 1
1678280291651 0.01760479280993486 1
1678280292270 0.01756570143799567 1
1678280292888 0.017526765612901618 1
1678280293505 0.017487972227733517 1
1678280294141 0.017449257005347163 1
1678280294792 0.017410612765799378 1
1678280295413 0.017372019878872037 1
1678280296030 0.01733343473230782 1
1678280296647 0.017294856656712296 1
1678280297264 0.017256270580660628 1
1678280297881 0.017217655864352227 1
1678280298497 0.01717901400880603 1
1678280299133 0.01714032760817185 1
1678280299782 0.017101590342997842 1
1678280300407 0.01706278578463792 1
1678280301024 0.017023922814584272 1
1678280301641 0.016985009354606912 1
1678280302258 0.016945988503914614 1
1678280302875 0.016906900710043235 1
1678280303491 0.016867760050370485 1
1678280304127 0.016828526687909216 1
1678280304779 0.01678920894974462 1
1678280305399 0.016749808848040688 1
1678280306017 0.016710351427572614 1
1678280306636 0.016670775178475677 1
1678280307255 0.016631161281910396 1
1678280307872 0.016591424548827637 1
1678280308489 0.016551625668870418 1
1678280309128 0.01651173211938349 1
1678280309783 0.01647179255927742 1
1678280310460 0.016431754371269983 1
1678280311079 0.016391642672937967 1
1678280311696 0.01635145889389247 1
1678280312314 0.016311171021494035 1
1678280312931 0.01627084347475421 1
1678280313548 0.016230427606604515 1
1678280314191 0.016189948404206 1
1678280314847 0.016149386565149988 1
1678280315471 0.01610877779294155 1
1678280316088 0.016068105656642337 1
1678280316705 0.016027347948101865 1
1678280317322 0.015986531483217485 1
1678280317940 0.015945665523397497 1
1678280318557 0.015904719951496366 1
1678280319195 0.015863739361239932 1
1678280319910 0.015822675689711463 1
1678280320529 0.01578156599503379 1
1678280321149 0.01574039628031378 1
1678280321767 0.015699191067150984 1
1678280322385 0.01565791791267218 1
1678280323003 0.015616595546986368 1
1678280323620 0.015575229184202012 1
1678280324260 0.015533815026781158 1
1678280324906 0.0154923470221026 1
1678280325524 0.015450843270295058 1
1678280326144 0.01540930226833629 1
1678280326762 0.015367708969336636 1
1678280327380 0.015326081055595171 1
1678280327998 0.015284411851780597 1
1678280328615 0.015242704906181535 1
1678280329254 0.015200943428855286 1
1678280329899 0.015159167115300298 1
1678280330524 0.015117362744340748 1
1678280331142 0.015075522980956893 1
1678280331760 0.015033644764059512 1
1678280332378 0.014991739800680859 1
1678280332996 0.014949812524246927 1
1678280333614 0.014907849289930383 1
1678280334252 0.01486586835701559 1
1678280334899 0.014823859723530909 1
1678280335519 0.014781837181665725 1
1678280336135 0.014739797086558757 1
1678280336753 0.014697726416561105 1
1678280337371 0.014655628135367674 1
1678280337988 0.014613542938197761 1
1678280338605 0.014571429494055186 1
1678280339240 0.014529289524661355 1
1678280339887 0.014487154726385287 1
1678280340506 0.014445003845152548 1
1678280341123 0.014402838183117514 1
1678280341743 0.01436066853943838 1
1678280342360 0.0143184830099753 1
1678280342976 0.014276317348030521 1
1678280343592 0.01423412159975732 1
1678280344226 0.01419194255378336 1
1678280344871 0.014149760819481213 1
1678280345513 0.014107564915753228 1
1678280346130 0.014065359481591249 1
1678280346840 0.014023179008781342 1
1678280347460 0.013980997033281824 1
1678280348079 0.013938810595920248 1
1678280348697 0.013896645236539539 1
1678280349342 0.01385446783681481 1
1678280349988 0.013812313580300585 1
1678280350613 0.013770153731561123 1
1678280351231 0.013728032078321429 1
1678280351849 0.013685917834470549 1
1678280352466 0.013643803640803637 1
1678280353084 0.013601701954018297 1
1678280353701 0.01355963404758859 1
1678280354340 0.013517562597225094 1
1678280354983 0.01347552706244647 1
1678280355612 0.01343350646351139 1
1678280356230 0.013391503463606607 1
1678280356848 0.01334955112558133 1
1678280357465 0.0133076029079868 1
1678280358082 0.013265681220069006 1
1678280358699 0.013223784231172812 1
1678280359339 0.01318191966776108 1
1678280359985 0.013140078307823745 1
1678280360604 0.013098285688191467 1
1678280361221 0.013056509716647548 1
1678280361838 0.013014775870675096 1
1678280362454 0.01297309320993762 1
1678280363070 0.012931429233634408 1
1678280363687 0.012889815612536392 1
