1678280238942 0.6812038932527814 1
1678280239595 0.6097917471613202 1
1678280240223 0.5216398239135742 1
1678280240848 0.4099449259894235 1
1678280241467 0.2682726042611258 1
1678280242084 0.10119527551744666 1
1678280242701 0.051250143508825986 1
1678280243317 0.09063355518238884 1
1678280243951 0.04159682323890073 1
1678280244608 0.018494158051908016 1
1678280245231 0.031049345220838274 1
1678280245847 0.02145444042980671 1
1678280246463 0.010781787868056978 1
1678280247081 0.010562559190605367 1
1678280247697 0.009645279363862105 1
1678280248314 0.010332039025213038 1
1678280248945 0.010949986055493355 1
1678280249596 0.009978948826236385 1
1678280250225 0.009030053658144814 1
1678280250842 0.008723930522267307 1
1678280251458 0.00872659802969013 1
1678280252075 0.008695364663643497 1
1678280252692 0.008445123942302806 1
1678280253308 0.00812308709802372 1
1678280253938 0.007889416667499713 1
1678280254590 0.007728690214987312 1
1678280255213 0.007565225341490337 1
1678280255831 0.0073685119194643834 1
1678280256447 0.007168369833379984 1
1678280257063 0.006989146981920514 1
1678280257679 0.00682536865185414 1
1678280258296 0.006663847714662552 1
1678280258924 0.006502189340868166 1
1678280259576 0.006346297184271472 1
1678280260206 0.006198470414217029 1
1678280260833 0.0060561043210327625 1
1678280261520 0.005916969917182412 1
1678280262139 0.005782279052904674 1
1678280262756 0.005654207098164729 1
1678280263374 0.0055325474323970935 1
1678280264010 0.00541530961969069 1
1678280264659 0.005302486076418843 1
1678280265281 0.005194009414740971 1
1678280265898 0.005089691174881799 1
1678280266515 0.004989823659083673 1
1678280267132 0.004894599717642579 1
1678280267749 0.004803307753588472 1
1678280268366 0.0047167387258793625 1
1678280269002 0.0046361757974539486 1
1678280269658 0.004559072532824108 1
1678280270286 0.0044866651961846015 1
1678280270903 0.00441877284486379 1
1678280271520 0.004354182198377592 1
1678280272137 0.004292891793219107 1
1678280272754 0.0042357075892921 1
1678280273371 0.004181239421346358 1
1678280274002 0.004129349320594754 1
1678280274669 0.004079763877338597 1
1678280275294 0.00403260812163353 1
1678280275910 0.003987765205757958 1
1678280276526 0.00394513424752014 1
1678280277143 0.0039047731552273035 1
1678280277760 0.0038662132075322525 1
1678280278376 0.0038294235044824226 1
1678280279008 0.0037945149732487543 1
1678280279670 0.0037614485648061547 1
1678280280301 0.0037299689637230976 1
1678280280926 0.0036999851664794342 1
1678280281542 0.003671490554032581 1
1678280282159 0.0036446054665637867 1
1678280282775 0.00361908004353089 1
1678280283391 0.0035949172119476964 1
1678280284023 0.003571912879124284 1
1678280284701 0.0035499922066394773 1
1678280285321 0.003529050453965153 1
1678280285937 0.003509141338456954 1
1678280286554 0.0034901135534580264 1
1678280287174 0.003471903137064406 1
1678280287790 0.003454523526930383 1
1678280288407 0.0034378887752869298 1
1678280289039 0.0034220649395138025 1
1678280289701 0.003406964508550508 1
1678280290324 0.0033924247337771313 1
1678280291035 0.003378437998305474 1
1678280291653 0.0033649183211049865 1
1678280292272 0.003351919718884996 1
1678280292889 0.0033394322797123876 1
1678280293506 0.0033273533585348298 1
1678280294143 0.003315730153449944 1
1678280294794 0.0033044947111713035 1
1678280295414 0.003293658373877406 1
1678280296032 0.0032832581949021134 1
1678280296649 0.0032731241413525175 1
1678280297266 0.003263243141451052 1
1678280297883 0.00325363059528172 1
1678280298499 0.003244277289403336 1
1678280299135 0.0032351229206791948 1
1678280299784 0.0032261315334056106 1
1678280300409 0.003217327475015606 1
1678280301026 0.0032087156349526985 1
1678280301642 0.003200266510248184 1
1678280302260 0.00319195186187114 1
1678280302877 0.003183802988912378 1
1678280303493 0.0031758115094687256 1
1678280304129 0.0031679347822708742 1
1678280304780 0.003160131463248815 1
1678280305401 0.003152465547568032 1
1678280306019 0.003144891267376287 1
1678280306639 0.003137396981141397 1
1678280307257 0.003129963496966021 1
1678280307874 0.0031225941742637326 1
1678280308491 0.003115295199677348 1
1678280309130 0.0031080452858337332 1
1678280309805 0.003100841006796275 1
1678280310462 0.0030936838260718753 1
1678280311081 0.0030865504273346494 1
1678280311698 0.003079439712954419 1
1678280312316 0.0030723217808242354 1
1678280312933 0.0030652940539377077 1
1678280313550 0.0030583075380751063 1
1678280314193 0.0030513757706752847 1
1678280314849 0.0030445297514753683 1
1678280315473 0.003037714565704976 1
1678280316090 0.0030309429857879877 1
1678280316707 0.0030241721043629305 1
1678280317324 0.003017420381573694 1
1678280317942 0.0030106546889458385 1
1678280318559 0.003003892388993076 1
1678280319197 0.0029971265300576177 1
1678280319912 0.0029903394170105457 1
1678280320531 0.002983563014173082 1
1678280321151 0.0029768133868596385 1
1678280321769 0.0029700893043939558 1
1678280322387 0.0029633482585528065 1
1678280323005 0.002956591346966369 1
1678280323622 0.0029498407883303507 1
1678280324262 0.0029430871696344446 1
1678280324908 0.002936332020908594 1
1678280325526 0.002929574444091746 1
1678280326146 0.0029227815435401033 1
1678280326764 0.0029159897406186375 1
1678280327382 0.0029091720934957266 1
1678280328000 0.0029023222824824707 1
1678280328617 0.0028954693116247654 1
1678280329256 0.0028886010737291406 1
1678280329901 0.0028817155731043647 1
1678280330526 0.0028748607063399895 1
1678280331144 0.0028680324820535524 1
1678280331762 0.0028611796775034498 1
1678280332380 0.002854326307507498 1
1678280332998 0.0028474867077810423 1
1678280333616 0.0028406428838414805 1
1678280334254 0.002833789247753365 1
1678280334901 0.002826917417613523 1
1678280335521 0.002820073826504605 1
1678280336137 0.0028132283062274966 1
1678280336755 0.0028063758342925993 1
1678280337373 0.002799508793811713 1
1678280337990 0.0027926375956407617 1
1678280338607 0.002785758181874241 1
1678280339242 0.0027788395527750254 1
1678280339889 0.0027719238506896155 1
1678280340507 0.0027650277063782725 1
1678280341125 0.002758140642462032 1
1678280341745 0.0027512259049607174 1
1678280342361 0.0027443035505712032 1
1678280342978 0.00273735515241112 1
1678280343594 0.0027303779165127446 1
1678280344228 0.00272339944993811 1
1678280344873 0.00271638369719897 1
1678280345515 0.002709349085177694 1
1678280346132 0.0027022896600621088 1
1678280346842 0.002695224979626281 1
1678280347462 0.002688150719872543 1
1678280348081 0.0026810626898493084 1
1678280348699 0.0026739644152777536 1
1678280349344 0.0026668383340750423 1
1678280349989 0.0026597180736384223 1
1678280350615 0.002652569374601756 1
1678280351233 0.002645419577934912 1
1678280351851 0.0026382585721356528 1
1678280352468 0.0026310631074011326 1
1678280353085 0.0026238749602011274 1
1678280353703 0.0026167022130851236 1
1678280354342 0.002609499663646732 1
1678280354985 0.0026022856389837606 1
1678280355614 0.002595062168048961 1
1678280356232 0.0025878217004771742 1
1678280356850 0.0025805927413914886 1
1678280357467 0.002573361187907202 1
1678280358084 0.0025661614324365345 1
1678280358700 0.00255895678752235 1
1678280359341 0.0025517703699214117 1
1678280359987 0.0025445668558989254 1
1678280360606 0.0025373632753533976 1
1678280361223 0.0025301373430660795 1
1678280361840 0.002522913772346718 1
1678280362456 0.0025156809549246517 1
1678280363072 0.002508447937933462 1
1678280363689 0.002501213158081685 1
