1678280238937 4.179497957229614 1
1678280239591 3.351257256099156 1
1678280240219 2.456292084285191 1
1678280240844 1.524490543774196 1
1678280241463 0.6667398895536151 1
1678280242080 0.11482113413512707 1
1678280242697 0.033180695958435535 1
1678280243313 0.07765684649348259 1
1678280243947 0.02120088160570179 1
1678280244604 0.004298778882782374 1
1678280245227 0.009829920982675893 1
1678280245843 0.005059046471225364 1
1678280246459 0.001911122601346246 1
1678280247077 0.002466222271323204 1
1678280247693 0.0019255273509770632 1
1678280248310 0.001540038934243577 1
1678280248941 0.0015512216902737106 1
1678280249592 0.0014021713619253465 1
1678280250221 0.0013110683732000844 1
1678280250838 0.0012563461870221154 1
1678280251455 0.0011875313191142464 1
1678280252071 0.0011324327455700508 1
1678280252688 0.001077671119544123 1
1678280253304 0.0010249807965010405 1
1678280253934 0.0009768279352491455 1
1678280254586 0.0009311028490109104 1
1678280255209 0.0008881060389934906 1
1678280255827 0.0008473788121981281 1
1678280256443 0.0008090475873489465 1
1678280257059 0.0007731924457142928 1
1678280257676 0.0007396403317605811 1
1678280258292 0.0007082477511305894 1
1678280258920 0.0006789033816728209 1
1678280259572 0.0006515495146491698 1
1678280260202 0.0006261022478741195 1
1678280260829 0.000602451290303309 1
1678280261516 0.0005804865837230214 1
1678280262135 0.0005601185590161809 1
1678280262753 0.000541256699112377 1
1678280263370 0.0005238094683071333 1
1678280264006 0.0005076835597200054 1
1678280264655 0.0004927929798473737 1
1678280265277 0.0004790543919495706 1
1678280265894 0.0004663896979764104 1
1678280266511 0.00045472074167004654 1
1678280267128 0.0004439761313343687 1
1678280267746 0.000434085787024482 1
1678280268362 0.00042498318777818767 1
1678280268997 0.00041660911145819616 1
1678280269654 0.0004089056788611093 1
1678280270282 0.00040181373021498857 1
1678280270899 0.0003952863335143775 1
1678280271516 0.0003892753905217562 1
1678280272133 0.000383735669726905 1
1678280272749 0.0003786247335873278 1
1678280273367 0.0003739055765825989 1
1678280273998 0.0003695432741161702 1
1678280274649 0.0003655033527008657 1
1678280275290 0.00036175605159119835 1
1678280275906 0.0003582733458772834 1
1678280276522 0.00035502952856144736 1
1678280277139 0.00035200069084697006 1
1678280277756 0.0003491660629931305 1
1678280278372 0.00034650557375113877 1
1678280279004 0.00034400106856732497 1
1678280279657 0.00034163623474471806 1
1678280280297 0.00033939681556408426 1
1678280280922 0.0003372681343794933 1
1678280281539 0.00033523953503130803 1
1678280282155 0.00033329912236825166 1
1678280282771 0.0003314370863206152 1
1678280283388 0.0003296443402567612 1
1678280284019 0.0003279126207676849 1
1678280284671 0.00032623549382801035 1
1678280285317 0.00032460621982214173 1
1678280285934 0.00032301842916889915 1
1678280286550 0.00032146772511103857 1
1678280287170 0.0003199488336187122 1
1678280287787 0.0003184580397958468 1
1678280288403 0.00031699195304619413 1
1678280289035 0.00031554688549866635 1
1678280289688 0.00031412061486792354 1
1678280290320 0.00031271043865542324 1
1678280291031 0.0003113136065491874 1
1678280291649 0.0003099287298807342 1
1678280292268 0.00030855386700880317 1
1678280292886 0.0003071875128495906 1
1678280293503 0.0003058291726379788 1
1678280294139 0.0003044765700386571 1
1678280294790 0.00030312943688061623 1
1678280295411 0.0003017870746719252 1
1678280296028 0.0003004479596191751 1
1678280296645 0.0002991120667762256 1
1678280297263 0.0002977788743529735 1
1678280297879 0.0002964476734632626 1
1678280298496 0.0002951185223147539 1
1678280299131 0.0002937908305154581 1
1678280299780 0.000292464392259717 1
1678280300405 0.00029113865873244194 1
1678280301022 0.0002898139479969229 1
1678280301639 0.00028849054277608436 1
1678280302256 0.00028716652637480626 1
1678280302873 0.0002858432916192604 1
1678280303489 0.0002845213291168745 1
1678280304124 0.00028319931048567275 1
1678280304777 0.00028187753715818483 1
1678280305397 0.0002805560964459021 1
1678280306015 0.00027923584483297806 1
1678280306634 0.00027791474505128074 1
1678280307253 0.0002765955255849154 1
1678280307870 0.00027527536855944036 1
1678280308487 0.00027395631228241006 1
1678280309126 0.00027263729758228043 1
1678280309781 0.00027131995011586696 1
1678280310459 0.0002700025517177502 1
1678280311077 0.00026868594951728094 1
1678280311694 0.0002673702079586552 1
1678280312312 0.0002660543000924268 1
1678280312929 0.0002647403473799516 1
1678280313546 0.00026342678029322997 1
1678280314189 0.0002621144293308524 1
1678280314845 0.0002608026864306469 1
1678280315469 0.0002594927219823668 1
1678280316086 0.0002581840193930215 1
1678280316703 0.00025687588224952506 1
1678280317320 0.0002555691888639038 1
1678280317938 0.00025426424898406755 1
1678280318555 0.0002529601167355265 1
1678280319193 0.0002516582265213531 1
1678280319908 0.00025035706598178616 1
1678280320527 0.00024905782525560686 1
1678280321147 0.0002477600750613159 1
1678280321765 0.00024646460016291324 1
1678280322383 0.0002451703933599804 1
1678280323001 0.00024387805647815445 1
1678280323618 0.00024258776414041807 1
1678280324258 0.0002412994092862521 1
1678280324904 0.00024001281625325127 1
1678280325522 0.00023872855776322207 1
1678280326142 0.00023744659639695392 1
1678280326760 0.00023616647896622972 1
1678280327378 0.00023488876052267318 1
1678280327996 0.0002336132456548512 1
1678280328614 0.00023234005285693065 1
1678280329251 0.0002310686811272587 1
1678280329897 0.00022980034762960195 1
1678280330522 0.00022853465634398162 1
1678280331140 0.00022727139314935942 1
1678280331758 0.000226010474891934 1
1678280332376 0.00022475226225131855 1
1678280332994 0.00022349689451013028 1
1678280333612 0.0002222439704512778 1
1678280334250 0.00022099404200811738 1
1678280334897 0.00021974681710292186 1
1678280335517 0.0002185027104652753 1
1678280336133 0.00021726161815292601 1
1678280336751 0.00021602316181607812 1
1678280337369 0.00021478743604218055 1
1678280337986 0.00021355563720654963 1
1678280338603 0.00021232655750022138 1
1678280339238 0.00021110025409143418 1
1678280339885 0.0002098776520662276 1
1678280340504 0.00020865813608647192 1
1678280341121 0.0002074417477290678 1
1678280341741 0.00020622880089961524 1
1678280342358 0.00020501895570695133 1
1678280342974 0.0002038132370216772 1
1678280343590 0.00020261021771667792 1
1678280344224 0.00020141123344988694 1
1678280344869 0.00020021573124852563 1
1678280345511 0.00019902338785219139 1
1678280346128 0.00019783433734638884 1
1678280346838 0.00019664954951232566 1
1678280347458 0.00019546827804463516 1
1678280348077 0.00019429044082893858 1
1678280348695 0.00019311674883023703 1
1678280349340 0.00019194627904133604 1
1678280349986 0.00019078000644055595 1
1678280350612 0.0001896171337908267 1
1678280351229 0.00018845886474342218 1
1678280351847 0.00018730434697187905 1
1678280352464 0.0001861533777888066 1
1678280353082 0.00018500629604594515 1
1678280353699 0.00018386367550452372 1
1678280354338 0.00018272449856989885 1
1678280354981 0.0001815898296107272 1
1678280355610 0.00018045909590520232 1
1678280356228 0.00017933236501578773 1
1678280356846 0.00017821051525450976 1
1678280357463 0.00017709229515665875 1
1678280358080 0.00017597829823249152 1
1678280358697 0.0001748684693926147 1
1678280359337 0.00017376300612730638 1
1678280359983 0.00017266165793574016 1
1678280360602 0.0001715650879694814 1
1678280361219 0.0001704724459809118 1
1678280361836 0.0001693843909639067 1
1678280362452 0.00016830114743372957 1
1678280363068 0.00016722186202449457 1
1678280363685 0.00016614734652518694 1
