1678281881730 0.9999999914850507 1
1678281882330 0.9999999914850507 1
1678281882898 0.9999999914850507 1
1678281883464 0.9999999914850507 1
1678281884028 0.9999999914850507 1
1678281884590 0.9999999914850507 1
1678281885148 0.9999999914850507 1
1678281885703 0.9999999914850507 1
1678281886259 0.9999999914850507 1
1678281886842 0.9999999914850507 1
1678281887431 0.9999999914850507 1
1678281887998 0.9999999914850507 1
1678281888562 0.9999999914850507 1
1678281889117 0.9999999914850507 1
1678281889672 0.9999999914850507 1
1678281890227 0.9999999914850507 1
1678281890782 0.9999999914850507 1
1678281891336 0.9999999914850507 1
1678281891920 0.9999999914850507 1
