1678281003527 163.6108630529421 1
1678281004130 163.6108630529421 1
1678281004726 163.6108630529421 1
1678281005331 163.6108630529421 1
1678281005950 163.6108630529421 1
1678281006561 163.6108630529421 1
1678281007167 163.6108630529421 1
1678281007771 163.6108630529421 1
1678281008374 163.6108630529421 1
1678281008974 163.6108630529421 1
1678281009569 163.6108630529421 1
1678281010166 163.6108630529421 1
1678281010784 163.6108630529421 1
1678281011402 163.6108630529421 1
1678281012010 163.6108630529421 1
1678281012614 163.6108630529421 1
1678281013209 163.6108630529421 1
1678281013804 163.6108630529421 1
1678281014399 163.6108630529421 1
