1678281003530 0.9999999914850507 1
1678281004132 0.9999999914850507 1
1678281004728 0.9999999914850507 1
1678281005332 0.9999999914850507 1
1678281005952 0.9999999914850507 1
1678281006563 0.9999999914850507 1
1678281007169 0.9999999914850507 1
1678281007772 0.9999999914850507 1
1678281008376 0.9999999914850507 1
1678281008976 0.9999999914850507 1
1678281009571 0.9999999914850507 1
1678281010168 0.9999999914850507 1
1678281010786 0.9999999914850507 1
1678281011403 0.9999999914850507 1
1678281012012 0.9999999914850507 1
1678281012615 0.9999999914850507 1
1678281013211 0.9999999914850507 1
1678281013805 0.9999999914850507 1
1678281014400 0.9999999914850507 1
