1678281003525 26768.514508928572 1
1678281004128 26768.514508928572 1
1678281004725 26768.514508928572 1
1678281005329 26768.514508928572 1
1678281005948 26768.514508928572 1
1678281006560 26768.514508928572 1
1678281007166 26768.514508928572 1
1678281007769 26768.514508928572 1
1678281008372 26768.514508928572 1
1678281008972 26768.514508928572 1
1678281009567 26768.514508928572 1
1678281010164 26768.514508928572 1
1678281010782 26768.514508928572 1
1678281011400 26768.514508928572 1
1678281012008 26768.514508928572 1
1678281012612 26768.514508928572 1
1678281013207 26768.514508928572 1
1678281013802 26768.514508928572 1
1678281014397 26768.514508928572 1
