1678233142283 50.71006772712406 1
1678233142843 41.47636037054184 1
1678233143399 33.44176244319249 1
1678233143955 26.642611516713682 1
1678233144511 21.016847975401774 1
1678233145068 16.43735976110142 1
1678233145624 12.753312906647672 1
1678233146196 9.817502441405946 1
1678233146775 7.499932606712184 1
1678233147345 5.691989725520881 1
1678233147914 4.305847090906811 1
1678233148483 3.27150303166322 1
1678233149045 2.5322964505051817 1
1678233149593 2.0383213410442282 1
1678233150140 1.7383189973360642 1
1678233150686 1.5764651060367887 1
1678233151250 1.4996344597783529 1
1678233151819 1.4676587999382087 1
1678233152387 1.456138860600127 1
1678233152951 1.4526353940007464 1
1678233153506 1.4516845337407058 1
1678233154062 1.4512596756584528 1
1678233154618 1.45078929573444 1
1678233155174 1.450215076130209 1
1678233155729 1.449596944704929 1
1678233156294 1.4489879813675084 1
1678233156862 1.4484090265234555 1
1678233157417 1.4478602396734104 1
1678233157973 1.4473319655290589 1
1678233158528 1.4468139743853095 1
1678233159084 1.446297752344698 1
1678233159641 1.4457797793734126 1
1678233160196 1.4452564066602724 1
1678233160826 1.4447248405623536 1
1678233161396 1.4441861627963086 1
1678233161965 1.4436400056080376 1
1678233162523 1.4430855580355133 1
1678233163078 1.4425234834403349 1
1678233163625 1.441954747252401 1
1678233164172 1.4413794833661695 1
1678233164719 1.440797305730027 1
1678233165268 1.440208016765953 1
1678233165815 1.4396125186130262 1
1678233166381 1.439010850900491 1
1678233166949 1.4384023902349163 1
1678233167495 1.4377879452637752 1
1678233168042 1.4371671468978378 1
1678233168589 1.436540472947117 1
1678233169136 1.4359070262168847 1
1678233169682 1.4352676698404463 1
1678233170228 1.4346221169564197 1
1678233170774 1.433970739229502 1
1678233171338 1.4333126613693536 1
1678233171907 1.432649365961863 1
1678233172470 1.4319795078446227 1
1678233173030 1.4313036786613271 1
1678233173585 1.4306223758629875 1
1678233174140 1.4299347698661535 1
1678233174695 1.4292413043564987 1
1678233175250 1.4285425310958741 1
1678233175805 1.427837476200297 1
1678233176371 1.4271269835690288 1
1678233176939 1.4264111823747998 1
1678233177495 1.4256889358167637 1
1678233178049 1.4249613873788405 1
1678233178604 1.4242283077261568 1
1678233179158 1.4234896524227325 1
1678233179713 1.42274490407012 1
1678233180267 1.4219949273476347 1
1678233180822 1.42123960613654 1
1678233181388 1.420478788045129 1
1678233181953 1.4197122963017124 1
1678233182494 1.4189407818130924 1
1678233183031 1.4181637380326675 1
1678233183568 1.4173814502351245 1
1678233184127 1.4165932725813066 1
1678233184683 1.4158001334549062 1
1678233185221 1.4150017657550575 1
1678233185849 1.4141976729219432 1
1678233186416 1.4133885861970767 1
1678233186982 1.4125743583561408 1
1678233187520 1.411754920189098 1
1678233188058 1.4109309506064405 1
1678233188596 1.4101006482193417 1
1678233189135 1.4092651679640633 1
1678233189672 1.4084249540554505 1
1678233190209 1.4075799919673002 1
1678233190746 1.406729613365533 1
1678233191304 1.4058737963078096 1
1678233191873 1.4050135429439417 1
1678233192433 1.4041475837793964 1
1678233192973 1.4032771157642472 1
1678233193511 1.4024017662012194 1
1678233194049 1.40152091839319 1
1678233194587 1.400635017918011 1
1678233195125 1.3997441525136525 1
1678233195662 1.3988484709592324 1
1678233196215 1.3979484086429061 1
1678233196806 1.3970429331412724 1
1678233197366 1.3961323327708643 1
1678233197922 1.3952167744831012 1
1678233198476 1.394296480576693 1
1678233199032 1.3933716494436565 1
1678233199587 1.392441568804613 1
1678233200143 1.39150689512939 1
1678233200699 1.3905674170853557 1
1678233201264 1.3896224386454132 1
1678233201833 1.3886735060369728 1
1678233202391 1.3877197889342134 1
1678233202946 1.386761154662422 1
1678233203501 1.3857973042284701 1
1678233204057 1.3848290629693398 1
1678233204612 1.3838564032094849 1
1678233205167 1.3828786875699923 1
1678233205722 1.38189671251345 1
1678233206287 1.3809096920136414 1
1678233206855 1.3799177448269733 1
1678233207493 1.3789212802266957 1
1678233208049 1.3779202760531617 1
1678233208605 1.3769149635847442 1
1678233209159 1.375904244181026 1
1678233209714 1.3748893197831884 1
1678233210342 1.373869449733528 1
1678233210899 1.3728452184413589 1
1678233211473 1.3718165168250778 1
1678233212043 1.370782688799367 1
1678233212599 1.3697449100988537 1
1678233213155 1.3687025807248316 1
1678233213713 1.3676551112596895 1
1678233214280 1.3666037921088625 1
1678233214846 1.3655473423276936 1
1678233215414 1.3644863116357493 1
1678233216013 1.3634206768476993 1
1678233216627 1.362351233433822 1
1678233217192 1.361277296865244 1
1678233217750 1.360198380733421 1
1678233218306 1.3591148678789022 1
1678233218861 1.3580271297744948 1
1678233219416 1.3569354260898543 1
1678233219973 1.3558385791275707 1
1678233220528 1.3547377014663877 1
1678233221088 1.353632254874811 1
1678233221660 1.3525218944827289 1
1678233222224 1.3514077549241064 1
1678233222779 1.3502892277725902 1
1678233223335 1.3491658729493217 1
1678233223890 1.3480388406301802 1
1678233224444 1.3469065916954392 1
1678233224999 1.345770637832405 1
1678233225553 1.3446298487885673 1
1678233226113 1.3434847636492853 1
1678233226684 1.3423352889561497 1
1678233227243 1.3411815848415405 1
1678233227798 1.340023316310646 1
1678233228354 1.3388607831497505 1
1678233228908 1.3376941079134943 1
1678233229463 1.336523158706372 1
1678233230018 1.3353481410886259 1
1678233230572 1.334168106125525 1
1678233231131 1.332984024226845 1
1678233231700 1.3317952260590114 1
1678233232261 1.3306029084524524 1
1678233232816 1.3294059986950935 1
1678233233371 1.3282050421180696 1
1678233233926 1.3269994758985202 1
1678233234481 1.3257899297164695 1
1678233235036 1.324575871965833 1
1678233235590 1.323358088089425 1
1678233236222 1.322135608186875 1
1678233236794 1.3209093603768458 1
1678233237354 1.3196788889480546 1
1678233237910 1.3184439302001612 1
1678233238465 1.3172046783728593 1
1678233239023 1.3159614578045185 1
1678233239578 1.3147131043914682 1
1678233240133 1.3134616974543032 1
1678233240688 1.3122062678804267 1
1678233241253 1.3109463559395063 1
1678233241833 1.3096823777970057 1
1678233242410 1.3084142175431854 1
1678233242967 1.3071424101963516 1
1678233243522 1.3058661495952577 1
1678233244079 1.3045854944665298 1
1678233244636 1.3033005951899963 1
1678233245193 1.3020118054316618 1
1678233245750 1.3007191070807844 1
1678233246314 1.2994219314780235 1
1678233246885 1.2981207178030654 1
1678233247449 1.2968154079382879 1
1678233248004 1.2955060946650392 1
1678233248558 1.2941929039991502 1
1678233249113 1.2928752511388928 1
1678233249668 1.291553946526694 1
1678233250223 1.2902284245799076 1
1678233250777 1.2888982230533843 1
1678233251341 1.2875642599082313 1
1678233251912 1.286226364558341 1
1678233252491 1.2848848494441056 1
1678233253047 1.2835392521064721 1
1678233253603 1.2821892674915625 1
1678233254159 1.2808353869724294 1
1678233254716 1.2794777246270852 1
1678233255274 1.278115408991658 1
1678233255833 1.2767496656498347 1
1678233256398 1.2753793686307644 1
1678233256966 1.2740054188951226 1
1678233257530 1.27262740985268 1
1678233258086 1.2712455158500178 1
1678233258642 1.2698597443202706 1
1678233259197 1.2684700288529678 1
1678233259753 1.2670760003028525 1
1678233260308 1.2656776847840094 1
1678233260865 1.2642760042428827 1
1678233261428 1.2628705294376712 1
1678233262087 1.2614610721842956 1
1678233262645 1.2600475042388606 1
1678233263201 1.2586299538215107 1
1678233263757 1.2572082923217414 1
1678233264312 1.2557832787644705 1
1678233264868 1.2543542636241016 1
1678233265423 1.2529211584518083 1
1678233265978 1.2514845479382832 1
1678233266546 1.250043861437065 1
1678233267114 1.2485987915960768 1
1678233267670 1.2471505453056606 1
1678233268226 1.2456979357841993 1
1678233268781 1.2442415773507454 1
1678233269336 1.2427815184894977 1
1678233269892 1.2413172316724677 1
1678233270447 1.239849677137382 1
1678233271003 1.2383776743660755 1
1678233271572 1.2369027839348312 1
1678233272138 1.235422514262398 1
1678233272693 1.2339394406259316 1
1678233273248 1.2324522747481736 1
1678233273804 1.2309615551825481 1
1678233274359 1.2294668465334464 1
1678233274913 1.2279684601403886 1
1678233275468 1.2264661187025403 1
1678233276024 1.2249598702288715 1
1678233276594 1.2234502988304874 1
1678233277159 1.221936960151133 1
1678233277715 1.2204191145613201 1
1678233278270 1.218898365924985 1
1678233278825 1.2173732065348721 1
1678233279380 1.2158444391812446 1
1678233279935 1.2143121974926152 1
1678233280490 1.212775794280586 1
1678233281045 1.211236064335256 1
1678233281615 1.2096924881501974 1
1678233282181 1.208145713490442 1
1678233282736 1.2065941402286602 1
1678233283291 1.2050396082190629 1
1678233283846 1.2034811296099224 1
1678233284402 1.2019185898665627 1
1678233284957 1.200352909498832 1
1678233285512 1.1987834440351026 1
1678233286141 1.1972104630823348 1
1678233286734 1.1956337035059412 1
1678233287296 1.1940532929593957 1
1678233287852 1.1924693740197754 1
1678233288408 1.1908812534265503 1
1678233288963 1.1892895730396644 1
1678233289519 1.18769482756815 1
1678233290075 1.1860961144566604 1
1678233290630 1.1844939999230872 1
1678233291188 1.182887080847343 1
1678233291758 1.181277774014285 1
1678233292319 1.1796645394132599 1
1678233292875 1.1780475199244629 1
1678233293429 1.176427192123032 1
1678233293988 1.1748026943065304 1
1678233294543 1.1731752575352614 1
1678233295098 1.1715441645518352 1
1678233295652 1.1699092690543575 1
1678233296211 1.1682710288318636 1
1678233296783 1.1666290502582282 1
1678233297345 1.1649839826520054 1
1678233297901 1.1633342538700633 1
1678233298456 1.1616816178785478 1
1678233299011 1.1600255704513756 1
1678233299566 1.15836580292403 1
1678233300122 1.1567027704120039 1
1678233300677 1.155035839562774 1
1678233301236 1.1533655988551683 1
1678233301808 1.1516919082005863 1
1678233302368 1.1500145304099538 1
1678233302923 1.1483338052481196 1
1678233303477 1.146649695717838 1
1678233304034 1.144961294458795 1
1678233304591 1.1432701837538892 1
1678233305149 1.1415757921413272 1
1678233305705 1.1398779032987882 1
1678233306265 1.138176075145522 1
1678233306836 1.1364712040633442 1
1678233307396 1.1347630062030845 1
1678233307951 1.1330509404640168 1
1678233308506 1.1313360580432184 1
1678233309061 1.1296176978530912 1
1678233309616 1.1278955571207365 1
