1678233142286 1.3281020436968123 1
1678233142845 1.0712907314300537 1
1678233143400 0.8509907977921622 1
1678233143957 0.666800890650068 1
1678233144513 0.516384448323931 1
1678233145070 0.3968172328812735 1
1678233145626 0.3038071393966675 1
1678233146197 0.23225516506603786 1
1678233146777 0.17931135211672103 1
1678233147346 0.14205845871141978 1
1678233147916 0.11697229423693248 1
1678233148485 0.10087768520627703 1
1678233149047 0.09183358188186373 1
1678233149594 0.08720217112983976 1
1678233150141 0.08557660984141487 1
1678233150688 0.08543977460690907 1
1678233151251 0.08604041167667933 1
1678233151821 0.08677362437759127 1
1678233152388 0.08742460502045495 1
1678233152952 0.08787766205413002 1
1678233153508 0.08813733394656863 1
1678233154064 0.08825725423438209 1
1678233154620 0.0882797475372042 1
1678233155175 0.08824403584003448 1
1678233155731 0.08817955532244273 1
1678233156296 0.08810535711901528 1
1678233156864 0.08803288425718035 1
1678233157419 0.08796728721686772 1
1678233157975 0.0879100433417729 1
1678233158530 0.08786054594176156 1
1678233159086 0.0878172123006412 1
1678233159642 0.08777861190693718 1
1678233160198 0.08774315565824509 1
1678233160827 0.08770950138568878 1
1678233161398 0.08767673479659217 1
1678233161967 0.08764414489269257 1
1678233162525 0.0876112984759467 1
1678233163080 0.08757782514606204 1
1678233163627 0.08754380473068782 1
1678233164174 0.08750928512641362 1
1678233164721 0.0874743525471006 1
1678233165270 0.08743895696742195 1
1678233165816 0.08740313670464925 1
1678233166383 0.08736700458186013 1
1678233166951 0.08733054782663073 1
1678233167497 0.08729374834469386 1
1678233168043 0.08725659868546895 1
1678233168590 0.08721916058233806 1
1678233169138 0.08718144361461912 1
1678233169684 0.08714348077774048 1
1678233170230 0.08710521991763796 1
1678233170776 0.08706659185034889 1
1678233171339 0.0870276540517807 1
1678233171909 0.08698844271046775 1
1678233172472 0.08694889289992196 1
1678233173032 0.08690905996731349 1
1678233173587 0.08686890559537071 1
1678233174142 0.08682840849672045 1
1678233174697 0.08678754738398961 1
1678233175252 0.08674638931240354 1
1678233175807 0.086704963019916 1
1678233176373 0.08666325573410306 1
1678233176941 0.08662124403885432 1
1678233177496 0.08657890558242798 1
1678233178051 0.08653627123151507 1
1678233178605 0.08649330266884395 1
1678233179160 0.08645006269216537 1
1678233179714 0.08640642464160919 1
1678233180269 0.0863624821816172 1
1678233180823 0.08631826937198639 1
1678233181390 0.08627378727708544 1
1678233181955 0.08622898161411285 1
1678233182495 0.08618386409112386 1
1678233183032 0.08613851134266172 1
1678233183569 0.08609284141233989 1
1678233184129 0.08604686494384493 1
1678233184685 0.08600058193717684 1
1678233185223 0.08595407115561622 1
1678233185850 0.08590725702898842 1
1678233186418 0.08586011826992035 1
1678233186984 0.08581266445772988 1
1678233187522 0.08576490942920957 1
1678233188059 0.08571694365569524 1
1678233188597 0.0856686607003212 1
1678233189136 0.0856200105377606 1
1678233189673 0.08557107193129403 1
1678233190211 0.08552188958440508 1
1678233190748 0.08547239644186837 1
1678233191306 0.08542265849454063 1
1678233191875 0.08537264168262482 1
1678233192435 0.08532227043594633 1
1678233192974 0.08527163309710366 1
1678233193513 0.0852207722408431 1
1678233194051 0.08516959952456611 1
1678233194589 0.08511812772069659 1
1678233195127 0.08506633873496737 1
1678233195664 0.08501425917659487 1
1678233196217 0.08496196035827909 1
1678233196809 0.08490944760186332 1
1678233197368 0.08485662404979978 1
1678233197923 0.08480346628597804 1
1678233198478 0.0847499572804996 1
1678233199034 0.08469622475760323 1
1678233199589 0.08464227084602628 1
1678233200145 0.08458802529743739 1
1678233200701 0.08453347214630672 1
1678233201266 0.08447863055127007 1
1678233201835 0.08442352073533195 1
1678233202393 0.08436820762498039 1
1678233202947 0.08431260181324822 1
1678233203503 0.08425669584955488 1
1678233204058 0.08420051740748542 1
1678233204613 0.08414407393762044 1
1678233205169 0.08408733776637486 1
1678233205725 0.08403037914208003 1
1678233206288 0.08397314591067177 1
1678233206869 0.08391561359167099 1
1678233207495 0.08385778750692095 1
1678233208051 0.08379969426563807 1
1678233208606 0.08374140730925969 1
1678233209161 0.08368286596877235 1
1678233209716 0.08362405853612083 1
1678233210344 0.08356493711471558 1
1678233210901 0.08350553257124764 1
1678233211475 0.08344583000455584 1
1678233212045 0.08338587198938642 1
1678233212601 0.08332569577864238 1
1678233213156 0.08326529498611178 1
1678233213714 0.08320459829909461 1
1678233214281 0.08314365361418043 1
1678233214848 0.08308239600488118 1
1678233215416 0.08302086591720581 1
1678233216052 0.08295910805463791 1
1678233216628 0.08289709580796105 1
1678233217194 0.08283484620707375 1
1678233217751 0.08277236031634468 1
1678233218307 0.08270952957017082 1
1678233218863 0.08264648062842232 1
1678233219418 0.08258321029799325 1
1678233219974 0.08251967068229403 1
1678233220530 0.08245589477675301 1
1678233221090 0.0823918240410941 1
1678233221662 0.08232745315347399 1
1678233222226 0.08226284597601209 1
1678233222781 0.08219799825123378 1
1678233223336 0.08213288549865995 1
1678233223891 0.08206757583788463 1
1678233224446 0.08200201498610633 1
1678233225001 0.0819361401455743 1
1678233225555 0.08187001198530197 1
1678233226115 0.08180363263402667 1
1678233226686 0.08173705105270658 1
1678233227245 0.08167021508727755 1
1678233227800 0.08160307258367538 1
1678233228355 0.08153562141316277 1
1678233228910 0.0814679286309651 1
1678233229464 0.08140008045094353 1
1678233230019 0.08133199491671153 1
1678233230574 0.08126364754778999 1
1678233231133 0.08119502982922963 1
1678233231702 0.08112613963229316 1
1678233232262 0.081056966313294 1
1678233232818 0.08098753435271126 1
1678233233373 0.08091790867703301 1
1678233233928 0.08084804671151298 1
1678233234483 0.08077794845615115 1
1678233235038 0.08070760326726097 1
1678233235592 0.08063698027815137 1
1678233236224 0.08056606245892388 1
1678233236796 0.08049496156828743 1
1678233237356 0.08042360310043607 1
1678233237912 0.0803519966346877 1
1678233238466 0.08028018261705126 1
1678233239025 0.08020810250725065 1
1678233239580 0.08013565199715751 1
1678233240134 0.08006291623626437 1
1678233240689 0.07999007616724287 1
1678233241255 0.07991692423820496 1
1678233241849 0.07984357327222824 1
1678233242411 0.07977002114057541 1
1678233242968 0.07969626145703453 1
1678233243524 0.07962231125150408 1
1678233244081 0.07954808856759753 1
1678233244638 0.0794735678604671 1
1678233245195 0.07939880873475756 1
1678233245752 0.07932381757668086 1
1678233246316 0.07924855394022805 1
1678233246886 0.07917304975645882 1
1678233247451 0.07909729651042394 1
1678233248006 0.0790213452918189 1
1678233248560 0.07894516736268997 1
1678233249115 0.07886877655982971 1
1678233249670 0.0787921090211187 1
1678233250224 0.078715232866151 1
1678233250779 0.07863810339144298 1
1678233251343 0.07856074294873647 1
1678233251914 0.07848310044833592 1
1678233252492 0.07840520782130105 1
1678233253049 0.07832710444927216 1
1678233253605 0.07824876265866416 1
1678233254161 0.07817016541957855 1
1678233254717 0.07809133721249444 1
1678233255276 0.07801233444895063 1
1678233255834 0.07793308049440384 1
1678233256399 0.07785355938332421 1
1678233256967 0.07777373279844012 1
1678233257532 0.07769374230078288 1
1678233258088 0.07761351764202118 1
1678233258643 0.07753310565437589 1
1678233259199 0.07745245311941419 1
1678233259755 0.07737156216587339 1
1678233260310 0.07729036467415946 1
1678233260866 0.07720893621444702 1
1678233261430 0.07712730126721519 1
1678233262089 0.07704545344625201 1
1678233262647 0.07696342148951121 1
1678233263203 0.07688111811876297 1
1678233263759 0.07679854546274457 1
1678233264314 0.07671575035367693 1
1678233264870 0.07663275620767049 1
1678233265425 0.07654955131667 1
1678233265980 0.07646609523466655 1
1678233266547 0.07638244330883026 1
1678233267116 0.07629854657820292 1
1678233267672 0.07621438056230545 1
1678233268227 0.07612999209335872 1
1678233268783 0.07604535988398961 1
1678233269338 0.0759604988353593 1
1678233269893 0.07587539404630661 1
1678233270449 0.07579014077782631 1
1678233271004 0.0757046432367393 1
1678233271574 0.07561892164605004 1
1678233272139 0.0755329222551414 1
1678233272694 0.07544668125254768 1
1678233273249 0.07536023216588157 1
1678233273805 0.0752735962825162 1
1678233274360 0.07518676455531802 1
1678233274915 0.07509964172329221 1
1678233275470 0.07501225812094552 1
1678233276026 0.07492468931845256 1
1678233276596 0.07483689753072602 1
1678233277161 0.07474896311759949 1
1678233277717 0.0746607817709446 1
1678233278272 0.07457234071833747 1
1678233278827 0.0744836756161281 1
1678233279382 0.07439481200916427 1
1678233279937 0.07430572488478251 1
1678233280491 0.0742163849728448 1
1678233281047 0.07412682686533247 1
1678233281617 0.07403706280248505 1
1678233282182 0.07394711300730705 1
1678233282737 0.07385687742914472 1
1678233283292 0.07376644441059657 1
1678233283848 0.07367579479302679 1
1678233284404 0.07358491207872118 1
1678233284959 0.07349376806191035 1
1678233285514 0.07340243511966296 1
1678233286163 0.0733108829174723 1
1678233286735 0.07321914338639804 1
1678233287298 0.07312720056091036 1
1678233287854 0.07303505178008761 1
1678233288409 0.07294264808297157 1
1678233288965 0.07284999319485255 1
1678233289521 0.07275712011115891 1
1678233290076 0.0726640937583787 1
1678233290632 0.07257086251463209 1
1678233291190 0.07247737262930189 1
1678233291760 0.07238363208515304 1
1678233292321 0.07228971272706985 1
1678233292876 0.07219553419521876 1
1678233293431 0.07210121942417962 1
1678233293990 0.07200668645756585 1
1678233294545 0.07191193369882447 1
1678233295099 0.07181695050426892 1
1678233295654 0.07172169110604695 1
1678233296213 0.07162625608699662 1
1678233296784 0.07153062203100749 1
1678233297347 0.07143483736685344 1
1678233297903 0.07133882918528148 1
1678233298458 0.07124253043106624 1
1678233299013 0.0711459858076913 1
1678233299568 0.07104927620717458 1
1678233300123 0.0709524117410183 1
1678233300679 0.07085529076201576 1
1678233301238 0.07075796435986247 1
1678233301810 0.07066038729889053 1
1678233302370 0.07056265217917305 1
1678233302924 0.0704647462282862 1
1678233303479 0.07036662421056203 1
1678233304036 0.07026820204087666 1
1678233304593 0.07016953506640025 1
1678233305150 0.07007071429065295 1
1678233305706 0.06997176153319222 1
1678233306267 0.06987258472612926 1
1678233306838 0.06977319398096629 1
1678233307398 0.06967364570924214 1
1678233307953 0.06957381750856127 1
1678233308507 0.06947372108697891 1
1678233309063 0.06937354536993164 1
1678233309618 0.06927321744816643 1
