1678233142281 2571.510968889509 1
1678233142841 1720.2884695870537 1
1678233143397 1118.3514753069196 1
1678233143953 709.8287484305246 1
1678233144509 441.70789882114957 1
1678233145066 270.18679591587613 1
1678233145622 162.64699009486608 1
1678233146194 96.38335418701172 1
1678233146773 56.24898910522461 1
1678233147343 32.39874703543527 1
1678233147912 18.540319170270646 1
1678233148481 10.70273208618164 1
1678233149044 6.412525313241141 1
1678233149591 4.154753889356341 1
1678233150138 3.0217529364994595 1
1678233150684 2.4852422305515836 1
1678233151248 2.248903512954712 1
1678233151817 2.154022353036063 1
1678233152385 2.1203403813498363 1
1678233152949 2.1101495879037038 1
1678233153504 2.1073879855019704 1
1678233154061 2.106154646192278 1
1678233154616 2.104789580617632 1
1678233155172 2.103123767035348 1
1678233155727 2.1013313020978654 1
1678233156292 2.099566170147487 1
1678233156860 2.097888708114624 1
1678233157415 2.096299273627145 1
1678233157971 2.0947698184422086 1
1678233158526 2.0932706764766147 1
1678233159082 2.0917771884373257 1
1678233159639 2.0902791704450334 1
1678233160194 2.0887660809925626 1
1678233160824 2.0872298649379184 1
1678233161394 2.0856736728123257 1
1678233161963 2.084096465791975 1
1678233162521 2.082495927810669 1
1678233163076 2.080874000276838 1
1678233163623 2.0792334931237355 1
1678233164170 2.077574815068926 1
1678233164717 2.0758968761989047 1
1678233165266 2.0741991315569197 1
1678233165813 2.0724842037473405 1
1678233166380 2.0707522290093556 1
1678233166947 2.0690014362335205 1
1678233167494 2.0672341755458286 1
1678233168040 2.0654494081224715 1
1678233168587 2.063648530415126 1
1678233169134 2.061828987939017 1
1678233169680 2.0599932840892246 1
1678233170226 2.058140618460519 1
1678233170772 2.0562720809664046 1
1678233171336 2.054385185241699 1
1678233171906 2.0524842057909285 1
1678233172468 2.050565310886928 1
1678233173028 2.0486302205494473 1
1678233173584 2.046680382319859 1
1678233174138 2.0447134460721696 1
1678233174693 2.0427307060786655 1
1678233175248 2.0407337631498064 1
1678233175803 2.038719858442034 1
1678233176369 2.036691427230835 1
1678233176937 2.0346488612038747 1
1678233177493 2.032588941710336 1
1678233178047 2.03051495552063 1
1678233178602 2.0284262725285123 1
1678233179156 2.0263227905545915 1
1678233179711 2.024203062057495 1
1678233180265 2.022069573402405 1
1678233180820 2.0199220180511475 1
1678233181386 2.017759987286159 1
1678233181951 2.015583004270281 1
1678233182492 2.0133929422923496 1
1678233183029 2.0111883878707886 1
1678233183566 2.008970175470625 1
1678233184125 2.0067364999226163 1
1678233184682 2.00449001789093 1
1678233185220 2.002229997089931 1
1678233185847 1.9999550580978394 1
1678233186414 1.9976672955921717 1
1678233186980 1.9953663178852625 1
1678233187518 1.9930519546781267 1
1678233188056 1.990726147379194 1
1678233188594 1.9883838381086076 1
1678233189133 1.9860283136367798 1
1678233189670 1.9836608512060983 1
1678233190207 1.9812814337866647 1
1678233190744 1.9788882051195418 1
1678233191302 1.9764811311449324 1
1678233191871 1.9740630558558874 1
1678233192431 1.971630437033517 1
1678233192971 1.9691866636276245 1
1678233193510 1.9667307138442993 1
1678233194048 1.9642608846936906 1
1678233194585 1.9617784534181868 1
1678233195123 1.9592836924961634 1
1678233195661 1.9567770447049821 1
1678233196213 1.9542597532272339 1
1678233196782 1.9517289570399694 1
1678233197365 1.9491854906082153 1
1678233197920 1.9466298477990287 1
1678233198475 1.9440626757485526 1
1678233199030 1.9414845534733363 1
1678233199585 1.9388935225350517 1
1678233200141 1.9362914391926356 1
1678233200697 1.9336777414594377 1
1678233201262 1.931050521986825 1
1678233201831 1.9284141063690186 1
1678233202389 1.925766212599618 1
1678233202944 1.9231065000806535 1
1678233203499 1.9204341684068953 1
1678233204055 1.9177515336445399 1
1678233204610 1.9150585447038924 1
1678233205165 1.9123534645353044 1
1678233205720 1.909638524055481 1
1678233206285 1.9069115774972099 1
1678233206853 1.9041729824883598 1
1678233207491 1.9014238970620292 1
1678233208047 1.8986642871584212 1
1678233208603 1.8958948169435774 1
1678233209157 1.8931124891553606 1
1678233209712 1.8903206416538783 1
1678233210340 1.8875172649111067 1
1678233210897 1.8847039937973022 1
1678233211471 1.881880555834089 1
1678233212041 1.8790451799120222 1
1678233212597 1.8762011187417167 1
1678233213153 1.8733467544828142 1
1678233213711 1.8704805033547538 1
1678233214278 1.8676059246063232 1
1678233214844 1.8647195441382272 1
1678233215412 1.8618228946413313 1
1678233215979 1.8589159420558385 1
1678233216625 1.856000883238656 1
1678233217190 1.8530758789607458 1
1678233217748 1.8501396349498205 1
1678233218304 1.8471932240894862 1
1678233218859 1.8442376852035522 1
1678233219415 1.8412737505776542 1
1678233219971 1.8382982526506697 1
1678233220526 1.8353142397744315 1
1678233221086 1.832320281437465 1
1678233221658 1.8293154750551497 1
1678233222222 1.8263029200690133 1
1678233222777 1.823280998638698 1
1678233223333 1.8202485527311052 1
1678233223888 1.8172087158475603 1
1678233224442 1.8141573667526245 1
1678233224997 1.811098609651838 1
1678233225551 1.8080294302531652 1
1678233226111 1.8049513101577759 1
1678233226682 1.8018640279769897 1
1678233227241 1.7987680435180664 1
1678233227796 1.795662488256182 1
1678233228352 1.7925481966563634 1
1678233228906 1.7894255263464791 1
1678233229461 1.7862941537584578 1
1678233230016 1.7831546579088484 1
1678233230570 1.7800045354025704 1
1678233231129 1.7768464088439941 1
1678233231698 1.773678524153573 1
1678233232259 1.7705040999821253 1
1678233232814 1.7673203093664986 1
1678233233369 1.764128633907863 1
1678233233924 1.760927609034947 1
1678233234479 1.7577189377376012 1
1678233235034 1.7545012405940466 1
1678233235588 1.751276629311698 1
1678233236220 1.7480425664356776 1
1678233236792 1.7448015383311681 1
1678233237352 1.741552369935172 1
1678233237908 1.7382943970816476 1
1678233238463 1.7350281647273473 1
1678233239021 1.7317545584269933 1
1678233239576 1.7284705468586512 1
1678233240131 1.7251816306795393 1
1678233240686 1.7218852894646781 1
1678233241251 1.7185803481510706 1
1678233241831 1.7152679307120187 1
1678233242408 1.7119477646691459 1
1678233242965 1.708621280533927 1
1678233243520 1.7052864006587438 1
1678233244077 1.70194331237248 1
1678233244634 1.6985924414225988 1
1678233245192 1.695234741483416 1
1678233245748 1.691870195525033 1
1678233246312 1.6884973560060774 1
1678233246883 1.6851173979895455 1
1678233247447 1.6817302022661482 1
1678233248002 1.6783360413142614 1
1678233248557 1.6749352727617537 1
1678233249112 1.671526415007455 1
1678233249666 1.6681115967886788 1
1678233250221 1.6646893875939506 1
1678233250775 1.6612586293901717 1
1678233251339 1.6578217233930315 1
1678233251910 1.6543782608849662 1
1678233252489 1.6509290763310023 1
1678233253045 1.6474730116980416 1
1678233253601 1.6440093176705497 1
1678233254157 1.640539288520813 1
1678233254714 1.6370632478169032 1
1678233255272 1.633578998701913 1
1678233255831 1.6300897087369646 1
1678233256396 1.6265925339290075 1
1678233256964 1.6230898073741369 1
1678233257528 1.619580524308341 1
1678233258084 1.616065161568778 1
1678233258640 1.6125437702451433 1
1678233259196 1.6090162140982491 1
1678233259751 1.6054815905434745 1
1678233260307 1.6019400017602103 1
1678233260863 1.5983938149043493 1
1678233261426 1.5948419741221838 1
1678233262085 1.5912840366363525 1
1678233262643 1.5877197129385812 1
1678233263199 1.5841493606567383 1
1678233263755 1.5805726902825492 1
1678233264310 1.5769916432244437 1
1678233264866 1.5734046186719621 1
1678233265421 1.569811429296221 1
1678233265976 1.566213573728289 1
1678233266544 1.5626096555164881 1
1678233267112 1.558998942375183 1
1678233267668 1.5553844826562064 1
1678233268224 1.551763347217015 1
1678233268779 1.548137102808271 1
1678233269335 1.5445059026990617 1
1678233269890 1.5408684696469988 1
1678233270446 1.5372272218976701 1
1678233271001 1.5335792643683297 1
1678233271570 1.5299284969057356 1
1678233272136 1.526268788746425 1
1678233272691 1.522606543132237 1
1678233273246 1.5189386095319475 1
1678233273802 1.5152663503374373 1
1678233274357 1.511588726724897 1
1678233274911 1.507906539099557 1
1678233275467 1.5042191403252738 1
1678233276022 1.500526683671134 1
1678233276592 1.496830633708409 1
1678233277158 1.4931299345833915 1
1678233277713 1.4894228151866369 1
1678233278268 1.4857132264545985 1
1678233278823 1.4819975239889962 1
1678233279378 1.4782777002879552 1
1678233279933 1.474554112979344 1
1678233280488 1.470825127192906 1
1678233281043 1.4670928035463606 1
1678233281613 1.4633559158870153 1
1678233282179 1.4596160650253296 1
1678233282734 1.4558694192341395 1
1678233283289 1.4521204573767525 1
1678233283845 1.4483668293271745 1
1678233284400 1.4446082966668266 1
1678233284955 1.4408471073423113 1
1678233285510 1.437081745692662 1
1678233286139 1.4333128929138184 1
1678233286732 1.4295399529593331 1
1678233287295 1.4257632664271764 1
1678233287850 1.4219832079751151 1
1678233288406 1.4181981597627913 1
1678233288961 1.4144096885408675 1
1678233289517 1.4106190034321375 1
1678233290073 1.406823992729187 1
1678233290628 1.4030260358537947 1
1678233291186 1.3992218460355486 1
1678233291756 1.3954171793801444 1
1678233292317 1.3916084255490984 1
1678233292873 1.3877959592001778 1
1678233293427 1.3839809383664812 1
1678233293986 1.3801613705498832 1
1678233294541 1.3763401848929269 1
1678233295096 1.3725157294954573 1
1678233295651 1.368687697819301 1
1678233296209 1.3648571968078613 1
1678233296781 1.3610233409064156 1
1678233297343 1.3571876798357283 1
1678233297899 1.353346586227417 1
1678233298454 1.3495041813169206 1
1678233299009 1.3456593241010393 1
1678233299564 1.3418113333838326 1
1678233300120 1.337961299078805 1
1678233300675 1.334107790674482 1
1678233301234 1.3302522046225411 1
1678233301806 1.3263942514147078 1
1678233302366 1.3225334201540266 1
1678233302921 1.3186705282756261 1
1678233303475 1.3148055246898107 1
1678233304032 1.3109363658087594 1
1678233304589 1.3070667130606515 1
1678233305147 1.303195289203099 1
1678233305703 1.2993216344288416 1
1678233306263 1.2954447780336653 1
1678233306834 1.2915667976651872 1
1678233307395 1.2876870802470617 1
1678233307949 1.2838044336863927 1
1678233308504 1.2799212762287684 1
1678233309059 1.2760361433029175 1
1678233309614 1.2721483877726965 1
