1678282997245 34.849084963536114 1
1678282997866 34.849084963536114 1
1678282998491 34.849084963536114 1
1678282999098 34.849084963536114 1
1678282999702 34.849084963536114 1
1678283000305 34.849084963536114 1
1678283000902 34.849084963536114 1
1678283001497 34.849084963536114 1
1678283002094 34.849084963536114 1
1678283002702 34.849084963536114 1
1678283003339 34.849084963536114 1
1678283003950 34.849084963536114 1
1678283004650 34.849084963536114 1
1678283005250 34.849084963536114 1
1678283005848 34.849084963536114 1
1678283006445 34.849084963536114 1
1678283007042 34.849084963536114 1
1678283007650 34.849084963536114 1
1678283008286 34.849084963536114 1
