1678282997247 0.9999999914850507 1
1678282997868 0.9999999914850507 1
1678282998493 0.9999999914850507 1
1678282999100 0.9999999914850507 1
1678282999704 0.9999999914850507 1
1678283000307 0.9999999914850507 1
1678283000904 0.9999999914850507 1
1678283001499 0.9999999914850507 1
1678283002096 0.9999999914850507 1
1678283002704 0.9999999914850507 1
1678283003341 0.9999999914850507 1
1678283003952 0.9999999914850507 1
1678283004653 0.9999999914850507 1
1678283005252 0.9999999914850507 1
1678283005850 0.9999999914850507 1
1678283006447 0.9999999914850507 1
1678283007044 0.9999999914850507 1
1678283007653 0.9999999914850507 1
1678283008288 0.9999999914850507 1
