1678282997241 1214.4587227957588 1
1678282997863 1214.4587227957588 1
1678282998488 1214.4587227957588 1
1678282999096 1214.4587227957588 1
1678282999699 1214.4587227957588 1
1678283000303 1214.4587227957588 1
1678283000899 1214.4587227957588 1
1678283001495 1214.4587227957588 1
1678283002092 1214.4587227957588 1
1678283002700 1214.4587227957588 1
1678283003336 1214.4587227957588 1
1678283003948 1214.4587227957588 1
1678283004648 1214.4587227957588 1
1678283005248 1214.4587227957588 1
1678283005846 1214.4587227957588 1
1678283006443 1214.4587227957588 1
1678283007040 1214.4587227957588 1
1678283007648 1214.4587227957588 1
1678283008283 1214.4587227957588 1
