1678232936071 33.817373049008786 1
1678232936653 33.75555148208032 1
1678232937291 33.639640323406695 1
1678232937855 33.50445006528084 1
1678232938419 33.35172589726731 1
1678232938983 33.178358804419474 1
1678232939540 32.97883977820671 1
1678232940097 32.74497662771938 1
1678232940666 32.46522529485773 1
1678232941244 32.12375430225334 1
1678232941813 31.69873686891674 1
1678232942373 31.159691776421063 1
1678232942932 30.464447956359137 1
1678232943492 29.55642395346319 1
1678232944051 28.365363797261693 1
1678232944610 26.81852210952257 1
1678232945154 24.86887583820777 1
1678232945720 22.538039250107744 1
1678232946300 19.980006442336947 1
1678232946848 17.643189417731097 1
1678232947388 16.35318826809647 1
1678232947926 16.183960920673645 1
1678232948465 16.077760428802605 1
1678232949005 15.82105818348447 1
1678232949544 15.696158002718914 1
1678232950083 15.645202411142867 1
1678232950638 15.574825481302158 1
1678232951213 15.495439693581885 1
1678232951781 15.422692314086515 1
1678232952339 15.353023972827375 1
1678232952896 15.285886827215736 1
1678232953453 15.222364699680654 1
1678232954009 15.15995882974118 1
1678232954565 15.09646599159114 1
1678232955122 15.031611239672827 1
1678232955687 14.965767299013248 1
1678232956260 14.899225591210216 1
1678232956819 14.83196606975689 1
1678232957359 14.763644061776903 1
1678232957897 14.693914229159088 1
1678232958436 14.62266602016843 1
1678232958975 14.5500560102101 1
1678232959514 14.476378042875034 1
1678232960053 14.401959234497635 1
1678232960603 14.327206524103685 1
1678232961177 14.252585575660223 1
1678232961748 14.178597597452884 1
1678232962364 14.105571285405897 1
1678232962904 14.033650109536824 1
1678232963444 13.96285770405442 1
1678232963983 13.893055757860314 1
1678232964522 13.823964091627724 1
1678232965067 13.75522131929651 1
1678232965617 13.6864370790606 1
1678232966190 13.617179576082647 1
1678232966759 13.546996084197907 1
1678232967316 13.475463367445103 1
1678232967872 13.402141824451078 1
1678232968429 13.32664707201026 1
1678232968985 13.248689818062344 1
1678232969541 13.167745682810992 1
1678232970097 13.083661682433107 1
1678232970660 12.996579736850222 1
1678232971234 12.906927005899993 1
1678232971802 12.81594880902534 1
1678232972359 12.724861302290407 1
1678232972916 12.634971382280796 1
1678232973474 12.546779966783399 1
1678232974036 12.46029736061469 1
1678232974597 12.375545252998442 1
1678232975162 12.292524547673754 1
1678232975732 12.21114988554616 1
1678232976318 12.131226549036752 1
1678232976883 12.052590027269808 1
1678232977440 11.974888821935343 1
1678232977996 11.897858336067978 1
1678232978553 11.821243844463806 1
1678232979110 11.744744931598165 1
1678232979667 11.66815001211792 1
1678232980223 11.591240353825413 1
1678232980792 11.51382425702658 1
1678232981370 11.435756529621692 1
1678232981938 11.356902477260224 1
1678232982502 11.277141709107937 1
1678232983058 11.196394153054475 1
1678232983616 11.114584368427646 1
1678232984173 11.031635767059043 1
1678232984729 10.94753525597445 1
1678232985286 10.862196577889831 1
1678232985857 10.775677756190534 1
1678232986434 10.687846115231464 1
1678232986990 10.598796634281936 1
1678232987538 10.508451472954745 1
1678232988178 10.416824630266193 1
1678232988728 10.323929540720462 1
1678232989277 10.229766014224161 1
1678232989825 10.134361769658035 1
1678232990373 10.037705914716929 1
1678232990940 9.939854372980255 1
1678232991513 9.84079606419302 1
1678232992073 9.740523039788876 1
1678232992621 9.639165302764873 1
1678232993170 9.536599809525239 1
1678232993717 9.433033213622501 1
1678232994265 9.328243710359741 1
1678232994812 9.22251029922483 1
1678232995357 9.115650799789172 1
1678232995928 9.007786969708896 1
1678232996505 8.898961714773497 1
1678232997062 8.78908835561673 1
1678232997611 8.678406240067407 1
1678232998159 8.566726421142853 1
1678232998707 8.454251407974882 1
1678232999254 8.340875137482998 1
1678232999803 8.226784379798067 1
1678233000352 8.111828668800952 1
1678233000918 7.996356236477431 1
1678233001487 7.880155333439592 1
1678233002118 7.7633988538584315 1
1678233002658 7.646108742883132 1
1678233003198 7.528367156155223 1
1678233003742 7.410234498137209 1
1678233004291 7.29175992114581 1
1678233004840 7.1731694059908975 1
1678233005383 7.054558997665381 1
1678233005947 6.936058690055207 1
1678233006518 6.817852272557782 1
1678233007075 6.700043306841107 1
1678233007615 6.582976365485716 1
1678233008153 6.466512331200022 1
1678233008692 6.351005383639803 1
1678233009233 6.236826588438404 1
1678233009771 6.123744691382535 1
1678233010310 6.012096994034388 1
1678233010868 5.901980124611155 1
1678233011440 5.793699244375208 1
1678233012069 5.687090249624718 1
1678233012611 5.582575933059462 1
1678233013154 5.47992607516327 1
1678233013698 5.379554111926946 1
1678233014247 5.281305591745333 1
1678233014795 5.184853986908958 1
1678233015344 5.090799960159264 1
1678233015912 4.9990383313300235 1
1678233016488 4.909528391933148 1
1678233017050 4.82230017720907 1
1678233017607 4.737522861096279 1
1678233018164 4.655202482606978 1
1678233018721 4.575281443935978 1
1678233019278 4.4978371826800725 1
1678233019838 4.4227314735307415 1
1678233020395 4.3496071667867175 1
1678233020965 4.278827924839108 1
1678233021536 4.210492646201039 1
1678233022093 4.144481645798061 1
1678233022649 4.080724412869706 1
1678233023206 4.018987413100488 1
1678233023762 3.9594048409795004 1
1678233024318 3.902178943742791 1
1678233024874 3.8470914098298516 1
1678233025431 3.793920840005416 1
1678233026003 3.7427759979171262 1
1678233026578 3.6937604506143993 1
1678233027132 3.646670375934002 1
1678233027673 3.6015160849895915 1
1678233028212 3.5582454200452727 1
1678233028759 3.516897827312984 1
1678233029307 3.4773998250222338 1
1678233029854 3.439640478566226 1
1678233030402 3.403536554477251 1
1678233030969 3.3690863171735845 1
1678233031545 3.3362111770305836 1
1678233032093 3.3049225007009317 1
1678233032641 3.275167939717192 1
1678233033190 3.2469411855031116 1
1678233033744 3.2201728585868397 1
1678233034304 3.194932025584608 1
1678233034863 3.1710854607391417 1
1678233035413 3.148527050130842 1
1678233035979 3.127263127054153 1
1678233036556 3.1073091741187757 1
1678233037147 3.0885800186406787 1
1678233037798 3.0709836691476156 1
1678233038357 3.0544358004482977 1
1678233038915 3.0389214523931667 1
1678233039472 3.0242850691721745 1
1678233040029 3.0105172022803375 1
1678233040587 2.997600822230286 1
1678233041161 2.9854740923613896 1
1678233041727 2.974022862129831 1
1678233042267 2.9631888252727316 1
1678233042805 2.952946329514625 1
1678233043346 2.9432218184816055 1
1678233043891 2.933942629288996 1
1678233044430 2.924964873833092 1
1678233044971 2.916288007432821 1
1678233045509 2.90782612663948 1
1678233046073 2.899547083960793 1
1678233046640 2.8914580687531988 1
1678233047180 2.883565570268242 1
1678233047719 2.8757949227710404 1
1678233048258 2.8681903538987235 1
1678233048797 2.8607994777865797 1
1678233049337 2.8535899738873396 1
1678233049875 2.8466337185779342 1
1678233050413 2.8398886055082744 1
1678233050971 2.8333773235571194 1
1678233051543 2.8270800917557612 1
1678233052123 2.8210000217974973 1
1678233052671 2.8150138156554747 1
1678233053219 2.8092266713436627 1
1678233053766 2.803659465473157 1
1678233054309 2.798307424958894 1
1678233054848 2.7930326624063797 1
1678233055387 2.7878429956936945 1
1678233055941 2.7827863292239154 1
1678233056512 2.777787896395222 1
1678233057061 2.772916060922536 1
1678233057600 2.7682070005602837 1
1678233058138 2.763615047943173 1
1678233058676 2.7591403433710515 1
1678233059215 2.7547437698728823 1
1678233059773 2.7504573169290794 1
1678233060320 2.7462827155855036 1
1678233060871 2.7422123163798093 1
1678233061442 2.738213061923249 1
1678233061992 2.734275996693029 1
1678233062605 2.730315415602519 1
1678233063154 2.72633655063146 1
1678233063709 2.7224194923536422 1
1678233064269 2.7186240431699327 1
1678233064821 2.7149093635683004 1
1678233065362 2.7112680094719455 1
1678233065914 2.7077072957061836 1
1678233066485 2.704255350472295 1
1678233067033 2.7008134706398224 1
1678233067572 2.697352488365947 1
1678233068111 2.693687982449048 1
1678233068650 2.6901754198295076 1
1678233069189 2.6867237554207297 1
1678233069729 2.6833330972982243 1
1678233070269 2.6799595260614018 1
1678233070814 2.676634918650777 1
1678233071385 2.6733892320026142 1
1678233071942 2.6701275075282944 1
1678233072481 2.6669209123503754 1
1678233073021 2.6638337297981436 1
1678233073563 2.660740417908069 1
1678233074102 2.6575762987763563 1
1678233074644 2.6543529371847066 1
1678233075184 2.6511389277072888 1
1678233075724 2.647958704979995 1
1678233076312 2.6447984311331343 1
1678233076881 2.641731281988758 1
1678233077440 2.6385712299351276 1
1678233077999 2.635519669377882 1
1678233078558 2.632555927680828 1
1678233079113 2.629662427854745 1
1678233079660 2.6268208993624516 1
1678233080211 2.623956317115167 1
1678233080767 2.621096257936879 1
1678233081350 2.618243442449397 1
1678233081916 2.6154218041032897 1
1678233082472 2.612597731080976 1
1678233083029 2.609788677490526 1
1678233083586 2.60706696521166 1
1678233084142 2.6043653474130792 1
1678233084698 2.601647688601321 1
1678233085255 2.5989097185135743 1
1678233085815 2.5962144499161206 1
1678233086394 2.5935708015243923 1
1678233087037 2.5909891716963815 1
1678233087577 2.5884300734926815 1
1678233088117 2.5859142001126822 1
1678233088656 2.5834613217527096 1
1678233089197 2.5808596289117274 1
1678233089735 2.578184805832811 1
1678233090274 2.5756316311088003 1
1678233090818 2.573271743633628 1
1678233091388 2.570863109056124 1
1678233091944 2.5685080299269956 1
1678233092483 2.566204198293574 1
1678233093023 2.5638925310893717 1
1678233093567 2.5616993068531753 1
1678233094127 2.5594271934160515 1
1678233094685 2.5571306844088206 1
1678233095243 2.554917937985297 1
1678233095803 2.5527331741768817 1
1678233096377 2.5505125930367982 1
1678233096935 2.5483780487014296 1
1678233097474 2.5463283931843175 1
1678233098012 2.544250326068857 1
1678233098552 2.5421542013501135 1
1678233099090 2.5400727729112935 1
1678233099629 2.537974284958958 1
1678233100168 2.5359107004768737 1
1678233100707 2.5338489571809366 1
1678233101275 2.5318054585491927 1
1678233101836 2.529758949384913 1
1678233102376 2.5277380556744693 1
