1678232936080 0.9988601463181632 1
1678232936654 0.9941502554076058 1
1678232937292 0.9872061439922878 1
1678232937857 0.9791025945118496 1
1678232938421 0.9699261443955558 1
1678232938985 0.9594842025211879 1
1678232939541 0.9474313259124756 1
1678232940099 0.9332546166011265 1
1678232940667 0.9162399853978839 1
1678232941246 0.8954061269760132 1
1678232941815 0.8693837012563433 1
1678232942375 0.8362307293074471 1
1678232942934 0.7942459157535008 1
1678232943493 0.748597766671862 1
1678232944053 0.7022380828857422 1
1678232944612 0.6568266408784049 1
1678232945156 0.6199009929384504 1
1678232945721 0.6053677116121564 1
1678232946302 0.6246008447238377 1
1678232946850 0.6908628514834813 1
1678232947389 0.8006275381360736 1
1678232947928 0.8904598355293274 1
1678232948467 0.899350004536765 1
1678232949007 0.8564562967845372 1
1678232949546 0.8165767107691083 1
1678232950085 0.7997421281678336 1
1678232950640 0.8008405481066022 1
1678232951215 0.8084638033594403 1
1678232951783 0.8131954329354423 1
1678232952341 0.811324553830283 1
1678232952897 0.805177663053785 1
1678232953455 0.7986750687871661 1
1678232954011 0.7938543047223773 1
1678232954567 0.790483866419111 1
1678232955124 0.7873585649899074 1
1678232955689 0.783603310585022 1
1678232956261 0.779118469783238 1
1678232956821 0.7743064420563834 1
1678232957361 0.7695187500544957 1
1678232957899 0.7648112007549831 1
1678232958438 0.7600575515202114 1
1678232958977 0.7551474826676505 1
1678232959516 0.7501136405127389 1
1678232960054 0.7450635092599052 1
1678232960605 0.7400975142206464 1
1678232961178 0.7352583578654698 1
1678232961750 0.7305610605648586 1
1678232962366 0.7260284423828125 1
1678232962906 0.7216259326253619 1
1678232963446 0.7173041701316833 1
1678232963985 0.7130134701728821 1
1678232964524 0.7087134633745465 1
1678232965068 0.7043381418500628 1
1678232965619 0.6998588187353951 1
1678232966192 0.6952600904873439 1
1678232966760 0.6905257872172764 1
1678232967318 0.6856065137045724 1
1678232967873 0.6804676822253636 1
1678232968430 0.6751024467604501 1
1678232968987 0.6695467829704285 1
1678232969543 0.6637980852808271 1
1678232970098 0.6578404477664402 1
1678232970662 0.6517357741083417 1
1678232971236 0.6454957979066032 1
1678232971804 0.6393294589860099 1
1678232972361 0.633273150239672 1
1678232972918 0.6274458851133075 1
1678232973476 0.6220198273658752 1
1678232974038 0.6169976932661874 1
1678232974599 0.6122590984616961 1
1678232975164 0.607756393296378 1
1678232975733 0.6034838301794869 1
1678232976321 0.5993551952498299 1
1678232976884 0.5953450713838849 1
1678232977441 0.5914206675120762 1
1678232977998 0.5875226429530552 1
1678232978555 0.5836522621767861 1
1678232979112 0.579772242477962 1
1678232979668 0.5758642682007381 1
1678232980225 0.5719233112675803 1
1678232980794 0.5679340617997306 1
1678232981372 0.5638917812279293 1
1678232981940 0.5597979511533465 1
1678232982503 0.5556518009730748 1
1678232983060 0.5514458034719739 1
1678232983618 0.5471855870315007 1
1678232984174 0.5428607761859894 1
1678232984731 0.5384896056992667 1
1678232985288 0.534049962248121 1
1678232985859 0.5295632949897221 1
1678232986436 0.5250142046383449 1
1678232986992 0.5204043132918221 1
1678232987540 0.5157668335097176 1
1678232988180 0.5110740746770587 1
1678232988730 0.5063427218369075 1
1678232989279 0.5015680577073779 1
1678232989827 0.4967569666249411 1
1678232990374 0.4918980300426483 1
1678232990942 0.48701861926487516 1
1678232991515 0.48208625827516827 1
1678232992075 0.47713070256369455 1
1678232992623 0.4721195272036961 1
1678232993171 0.4670815510409219 1
1678232993719 0.46201761279787334 1
1678232994267 0.4569258008684431 1
1678232994813 0.4518068049635206 1
1678232995359 0.4466404787131718 1
1678232995930 0.4414641388825008 1
1678232996507 0.4362499415874481 1
1678232997064 0.4309974227632795 1
1678232997612 0.4257167620318277 1
1678232998161 0.4204000745500837 1
1678232998708 0.4150595154081072 1
1678232999256 0.40968974999019075 1
1678232999805 0.40430544529642376 1
1678233000354 0.39888983964920044 1
1678233000920 0.3934547517980848 1
1678233001520 0.3880005989755903 1
1678233002120 0.38253210272107807 1
1678233002660 0.3770540314061301 1
1678233003199 0.3715462386608124 1
1678233003744 0.3660176566668919 1
1678233004293 0.360478013753891 1
1678233004842 0.35494436110769 1
1678233005385 0.34940724287714275 1
1678233005949 0.3438844893659864 1
1678233006520 0.33838548404829843 1
1678233007077 0.3329250855105264 1
1678233007616 0.32749330571719576 1
1678233008155 0.32209025962012156 1
1678233008694 0.3167469714369093 1
1678233009234 0.31144982150622774 1
1678233009773 0.3061981903655188 1
1678233010312 0.3010376862117222 1
1678233010870 0.2959294191428593 1
1678233011458 0.2908974140882492 1
1678233012071 0.2859360213790621 1
1678233012613 0.28104827872344423 1
1678233013156 0.2762226951973779 1
1678233013699 0.271500649196761 1
1678233014249 0.26682330667972565 1
1678233014797 0.2622137325150626 1
1678233015346 0.25767973916871206 1
1678233015913 0.25322564797742025 1
1678233016490 0.24883819903646195 1
1678233017052 0.24453356649194444 1
1678233017609 0.24032052287033626 1
1678233018166 0.2362085453101567 1
1678233018723 0.2321686020919255 1
1678233019280 0.2282110175916127 1
1678233019840 0.2243130717958723 1
1678233020397 0.2204819002321788 1
1678233020967 0.2167579276221139 1
1678233021538 0.21312650399548666 1
1678233022095 0.2096396897520338 1
1678233022651 0.20626546016761235 1
1678233023207 0.20295589097908565 1
1678233023763 0.19976069246019637 1
1678233024320 0.19671346247196198 1
1678233024876 0.193755641579628 1
1678233025432 0.190871924161911 1
1678233026005 0.18807854396956308 1
1678233026580 0.1854036705834525 1
1678233027134 0.18285658742700303 1
1678233027675 0.18045870534011296 1
1678233028214 0.1781799771956035 1
1678233028760 0.1760184041091374 1
1678233029309 0.17392427580697195 1
1678233029856 0.17192895710468292 1
1678233030403 0.17002170852252416 1
1678233030971 0.16822045189993723 1
1678233031547 0.16646963145051683 1
1678233032095 0.16478840368134634 1
1678233032643 0.1631694734096527 1
1678233033192 0.16162462958267756 1
1678233033746 0.16013159922191075 1
1678233034306 0.15869481010096415 1
1678233034865 0.15730950449194228 1
1678233035415 0.15600374341011047 1
1678233035981 0.15478050921644484 1
1678233036557 0.1536045947245189 1
1678233037149 0.15246967013393128 1
1678233037800 0.15137271263769694 1
1678233038359 0.15032925137451716 1
1678233038917 0.1493395630802427 1
1678233039474 0.1483857865844454 1
1678233040031 0.1474748935018267 1
1678233040589 0.14661913684436254 1
1678233041163 0.14579992954220092 1
1678233041729 0.14500461199453898 1
1678233042268 0.14422669474567687 1
1678233042807 0.14346293147121156 1
1678233043348 0.14273181770529067 1
1678233043893 0.14202966221741267 1
1678233044432 0.14133658685854503 1
1678233044972 0.14065143040248326 1
1678233045511 0.13998284084456308 1
1678233046074 0.13932769000530243 1
1678233046642 0.13868361924375808 1
1678233047181 0.13805255187409265 1
1678233047720 0.1374330978308405 1
1678233048259 0.13682872908455984 1
1678233048799 0.13624490478209086 1
1678233049339 0.1356755399278232 1
1678233049877 0.13511904116187776 1
1678233050415 0.13457209936210088 1
1678233050972 0.13403803961617605 1
1678233051569 0.13352437210934504 1
1678233052125 0.13302892127207347 1
1678233052673 0.1325459203549794 1
1678233053221 0.1320733672806195 1
1678233053768 0.13160993052380426 1
1678233054311 0.13115768773215158 1
1678233054850 0.13071008452347346 1
1678233055389 0.13026547006198338 1
1678233055943 0.1298281784568514 1
1678233056514 0.1293943077325821 1
1678233057063 0.12896500314985002 1
1678233057601 0.12854420393705368 1
1678233058140 0.12813001977545874 1
1678233058678 0.12772040281976973 1
1678233059217 0.12732019488300597 1
1678233059775 0.12693113620792115 1
1678233060322 0.1265508724110467 1
1678233060872 0.1261746510863304 1
1678233061443 0.12580070538180216 1
1678233061994 0.12543062652860368 1
1678233062607 0.12506396004131862 1
1678233063156 0.12469791301659175 1
1678233063711 0.12433429700987679 1
1678233064271 0.12397384856428419 1
1678233064822 0.12361672307763781 1
1678233065363 0.12326270661183766 1
1678233065915 0.12291513489825386 1
1678233066486 0.12256973130362374 1
1678233067035 0.12222451610224587 1
1678233067574 0.12187859203134264 1
1678233068113 0.12153074464627675 1
1678233068652 0.12118591155324664 1
1678233069191 0.12084326573780604 1
1678233069730 0.1205025144985744 1
1678233070271 0.12016276802335467 1
1678233070816 0.11982384004763194 1
1678233071387 0.11948622230972562 1
1678233071944 0.11914960401398796 1
1678233072483 0.11881304319415774 1
1678233073023 0.11848046311310359 1
1678233073565 0.11814837157726288 1
1678233074104 0.11781588196754456 1
1678233074646 0.11748362864766802 1
1678233075185 0.11715357644217354 1
1678233075739 0.11682745601449694 1
1678233076314 0.11650312798363822 1
1678233076883 0.11618152154343468 1
1678233077442 0.11585917962448937 1
1678233078001 0.11554040866238731 1
1678233078560 0.11522604312215533 1
1678233079115 0.11491463226931435 1
1678233079662 0.11460629957062858 1
1678233080213 0.11429931329829353 1
1678233080780 0.11399438977241516 1
1678233081352 0.11369212823254722 1
1678233081918 0.11339305021933146 1
1678233082474 0.11309632446084704 1
1678233083031 0.11280229049069541 1
1678233083587 0.11251142408166613 1
1678233084144 0.11222278220312935 1
1678233084700 0.11193602212837764 1
1678233085257 0.11165082773991994 1
1678233085817 0.11136853269168309 1
1678233086395 0.11108921148947307 1
1678233087039 0.11081276940447944 1
1678233087579 0.11053853056260518 1
1678233088119 0.11026704417807716 1
1678233088658 0.10999917771135058 1
1678233089198 0.10973248417888369 1
1678233089737 0.10946723286594663 1
1678233090276 0.1092069244810513 1
1678233090820 0.10895276069641113 1
1678233091390 0.10869969640459333 1
1678233091946 0.10844953783920833 1
1678233092485 0.10820220304386956 1
1678233093025 0.10795691715819496 1
1678233093569 0.10771579934017998 1
1678233094129 0.10747493484190532 1
1678233094687 0.10723566370350975 1
1678233095245 0.10700014765773501 1
1678233095808 0.10676768635000501 1
1678233096379 0.10653732717037201 1
1678233096936 0.10631055810621806 1
1678233097475 0.10608713222401482 1
1678233098014 0.10586577547448021 1
1678233098553 0.10564664644854409 1
1678233099092 0.10543027626616615 1
1678233099630 0.10521583791290011 1
1678233100169 0.10500404451574598 1
1678233100709 0.10479383277041572 1
1678233101277 0.104585414486272 1
1678233101838 0.10437889929328646 1
1678233102378 0.10417483214821134 1
