1678232936068 1143.6147199358259 1
1678232936651 1139.437255859375 1
1678232937289 1131.6254010881696 1
1678232937853 1122.5481741768974 1
1678232938418 1112.3376203264509 1
1678232938981 1100.8034929547991 1
1678232939538 1087.6038731166295 1
1678232940095 1072.2334943498884 1
1678232940663 1053.9908534458705 1
1678232941242 1031.93559047154 1
1678232941811 1004.8099190848214 1
1678232942371 970.9263916015625 1
1678232942930 928.0825892857143 1
1678232943490 873.5821969168527 1
1678232944049 804.5938633510044 1
1678232944608 719.2331281389509 1
1678232945152 618.4609854561942 1
1678232945718 507.9632132393973 1
1678232946298 399.2006574358259 1
1678232946847 311.28213282993863 1
1678232947386 267.426766531808 1
1678232947924 261.92059108189176 1
1678232948463 258.49438040597096 1
1678232949003 250.3058820452009 1
1678232949542 246.36937604631697 1
1678232950082 244.77235848563058 1
1678232950636 242.57518877301897 1
1678232951211 240.10865129743303 1
1678232951779 237.85943821498327 1
1678232952338 235.71534511021204 1
1678232952894 233.65833609444755 1
1678232953451 231.7203870500837 1
1678232954008 229.82435171944755 1
1678232954564 227.90328543526786 1
1678232955120 225.9493364606585 1
1678232955685 223.97419084821428 1
1678232956258 221.98692321777344 1
1678232956817 219.98721749441964 1
1678232957357 217.9651859828404 1
1678232957895 215.91111537388392 1
1678232958434 213.8223615373884 1
1678232958973 211.7041299002511 1
1678232959512 209.56552124023438 1
1678232960051 207.4164297921317 1
1678232960601 205.2688467843192 1
1678232961175 203.13619559151786 1
1678232961746 201.03262983049666 1
1678232962362 198.9671412876674 1
1678232962903 196.9433353969029 1
1678232963442 194.96139526367188 1
1678232963981 193.01699829101562 1
1678232964520 191.10198320661272 1
1678232965065 189.20611354282923 1
1678232965615 187.31855991908483 1
1678232966188 185.42757960728235 1
1678232966757 183.52110290527344 1
1678232967314 181.5881129673549 1
1678232967870 179.6174054827009 1
1678232968426 177.59952218191964 1
1678232968983 175.5277818952288 1
1678232969539 173.3895263671875 1
1678232970095 171.1822030203683 1
1678232970658 168.9110848563058 1
1678232971232 166.58876473563058 1
1678232971801 164.24854387555803 1
1678232972358 161.9220951625279 1
1678232972914 159.6425018310547 1
1678232973472 157.42168753487724 1
1678232974034 155.2590103149414 1
1678232974596 153.15412030901228 1
1678232975160 151.10615975516183 1
1678232975730 149.112181527274 1
1678232976302 147.16665758405412 1
1678232976881 145.26492636544364 1
1678232977438 143.39796229771204 1
1678232977994 141.5590329851423 1
1678232978552 139.74180603027344 1
1678232979108 137.93903350830078 1
1678232979665 136.1457247052874 1
1678232980222 134.35685294015067 1
1678232980790 132.56814902169364 1
1678232981368 130.77652740478516 1
1678232981936 128.97923387799943 1
1678232982500 127.1739251273019 1
1678232983056 125.35924203055245 1
1678232983614 123.5339856828962 1
1678232984171 121.69698769705636 1
1678232984727 119.84852818080357 1
1678232985284 117.98731449672154 1
1678232985855 116.11523110525948 1
1678232986432 114.2300545828683 1
1678232986989 112.33449009486607 1
1678232987536 110.42755235944476 1
1678232988176 108.51023537772042 1
1678232988726 106.5835211617606 1
1678232989275 104.64811270577567 1
1678232989823 102.70528847830636 1
1678232990371 100.7555400303432 1
1678232990938 98.80070495605469 1
1678232991511 96.84126717703683 1
1678232992071 94.87778908865792 1
1678232992619 92.91350773402623 1
1678232993168 90.94673592703683 1
1678232993715 88.98211560930524 1
1678232994263 87.01613071986607 1
1678232994810 85.05469621930804 1
1678232995356 83.09508950369698 1
1678232995926 81.14022609165737 1
1678232996503 79.19151960100446 1
1678232997060 77.24807412283761 1
1678232997609 75.31473486764091 1
1678232998157 73.38880157470703 1
1678232998705 71.47436686924526 1
1678232999253 69.57019805908203 1
1678232999801 67.67998123168945 1
1678233000350 65.80176435198102 1
1678233000916 63.94171306065151 1
1678233001486 62.09684807913644 1
1678233002116 60.2703617640904 1
1678233002657 58.462978907993865 1
1678233003196 56.67631203787668 1
1678233003740 54.91157531738281 1
1678233004290 53.16976274762835 1
1678233004838 51.454359327043804 1
1678233005381 49.766802651541575 1
1678233005945 48.10891015189035 1
1678233006516 46.483109610421316 1
1678233007073 44.890580313546316 1
1678233007613 43.33557782854353 1
1678233008151 41.81578172956194 1
1678233008690 40.33526938302176 1
1678233009231 38.89800589425223 1
1678233009769 37.50024904523577 1
1678233010308 36.14531026567732 1
1678233010866 34.833369391305105 1
1678233011438 33.566950934273855 1
1678233012067 32.342995507376536 1
1678233012609 31.16515404837472 1
1678233013152 30.029589789254324 1
1678233013696 28.93960244315011 1
1678233014245 27.89218875340053 1
1678233014793 26.88271086556571 1
1678233015342 25.91624423435756 1
1678233015910 24.990384238106863 1
1678233016487 24.103469031197683 1
1678233017048 23.25457899911063 1
1678233017605 22.444122859409877 1
1678233018162 21.670910154070175 1
1678233018719 20.93320029122489 1
1678233019276 20.230539321899414 1
1678233019836 19.560553686959402 1
1678233020393 18.919082505362375 1
1678233020963 18.30836841038295 1
1678233021535 17.72824832371303 1
1678233022091 17.176728112357004 1
1678233022647 16.652311733790807 1
1678233023204 16.152259826660156 1
1678233023760 15.676886694771904 1
1678233024316 15.227000508989606 1
1678233024872 14.800112315586635 1
1678233025429 14.3938353402274 1
1678233026001 14.008372170584542 1
1678233026576 13.643866266523089 1
1678233027130 13.298204830714635 1
1678233027671 12.970918110438756 1
1678233028210 12.661110469273158 1
1678233028757 12.368570327758789 1
1678233029305 12.092309543064662 1
1678233029852 11.831126621791295 1
1678233030400 11.584061077662877 1
1678233030967 11.350742612566266 1
1678233031543 11.130305017743792 1
1678233032091 10.9225127356393 1
1678233032640 10.726725033351354 1
1678233033188 10.54262706211635 1
1678233033743 10.369513239179339 1
1678233034302 10.207590648106166 1
1678233034861 10.055782999311175 1
1678233035411 9.913222585405622 1
1678233035977 9.77977466583252 1
1678233036554 9.655370303562709 1
1678233037145 9.539326531546456 1
1678233037796 9.430940696171351 1
1678233038355 9.329578059060234 1
1678233038913 9.235043593815394 1
1678233039470 9.146300179617745 1
1678233040027 9.06321382522583 1
1678233040585 8.985610689435687 1
1678233041159 8.913055556161064 1
1678233041725 8.844811984470912 1
1678233042265 8.780488014221191 1
1678233042803 8.719892024993896 1
1678233043344 8.662554672786168 1
1678233043890 8.608019351959229 1
1678233044429 8.555419513157435 1
1678233044969 8.504735742296491 1
1678233045507 8.455452782767159 1
1678233046071 8.407373292105538 1
1678233046638 8.36052976335798 1
1678233047178 8.314950398036412 1
1678233047717 8.270196437835693 1
1678233048256 8.226515906197685 1
1678233048795 8.184173652103969 1
1678233049335 8.142975739070348 1
1678233049873 8.103323527744838 1
1678233050412 8.064967291695732 1
1678233050969 8.028027057647705 1
1678233051541 7.9923818452017645 1
1678233052121 7.95804112298148 1
1678233052669 7.9243027823311945 1
1678233053217 7.891754490988595 1
1678233053764 7.860506398337228 1
1678233054308 7.830524444580078 1
1678233054847 7.801031453268869 1
1678233055385 7.772068568638393 1
1678233055939 7.743899754115513 1
1678233056510 7.716105597359793 1
1678233057059 7.689063480922154 1
1678233057598 7.662969997950962 1
1678233058136 7.637568133217948 1
1678233058674 7.612855434417725 1
1678233059213 7.58861323765346 1
1678233059771 7.565015452248709 1
1678233060319 7.542068753923688 1
1678233060869 7.51972838810512 1
1678233061440 7.497810772487095 1
1678233061990 7.476265226091657 1
1678233062603 7.454622268676758 1
1678233063153 7.4329109873090475 1
1678233063707 7.411567892347064 1
1678233064267 7.390916688101632 1
1678233064819 7.370732852390835 1
1678233065360 7.350974219185965 1
1678233065912 7.3316787992204935 1
1678233066483 7.312997000558036 1
1678233067032 7.294393403189523 1
1678233067570 7.275710446493966 1
1678233068109 7.255954946790423 1
1678233068649 7.2370437894548685 1
1678233069188 7.218484537942069 1
1678233069727 7.2002765110560825 1
1678233070267 7.182183061327253 1
1678233070812 7.164374487740653 1
1678233071383 7.147009985787528 1
1678233071941 7.129580906459263 1
1678233072479 7.112467152731759 1
1678233073020 7.096010140010288 1
1678233073561 7.079539571489606 1
1678233074100 7.062711783817837 1
1678233074642 7.045589515141079 1
1678233075182 7.028537614004953 1
1678233075722 7.011685303279331 1
1678233076310 6.994958741324289 1
1678233076880 6.978744166237967 1
1678233077438 6.962058135441372 1
1678233077997 6.9459639276777 1
1678233078556 6.930350712367466 1
1678233079112 6.915124484470913 1
1678233079659 6.900188037327358 1
1678233080209 6.885146754128592 1
1678233080765 6.87014559337071 1
1678233081348 6.855198723929269 1
1678233081914 6.840431213378906 1
1678233082470 6.825666904449463 1
1678233083027 6.810996941157749 1
1678233083584 6.796798161097935 1
1678233084140 6.782718862806048 1
1678233084696 6.768570695604597 1
1678233085254 6.754331724984305 1
1678233085813 6.740329469953265 1
1678233086392 6.72660950251988 1
1678233087035 6.7132248878479 1
1678233087576 6.699970245361328 1
1678233088115 6.6869522503444125 1
1678233088655 6.674272400992257 1
1678233089195 6.66083642414638 1
1678233089733 6.6470368930271695 1
1678233090273 6.633878299168178 1
1678233090816 6.621727466583252 1
1678233091386 6.60933712550572 1
1678233091942 6.597233499799456 1
1678233092481 6.585403987339565 1
1678233093021 6.573544910975865 1
1678233093565 6.562303338732038 1
1678233094125 6.550667558397565 1
1678233094683 6.538917337145124 1
1678233095242 6.5276056698390414 1
1678233095801 6.516446658543178 1
1678233096375 6.505114487239292 1
1678233096933 6.494230679103306 1
1678233097472 6.483788285936628 1
1678233098010 6.473209721701486 1
1678233098550 6.462547983442034 1
1678233099088 6.451969691685268 1
1678233099627 6.441313471112933 1
1678233100166 6.4308430807931085 1
1678233100705 6.420390537806919 1
1678233101273 6.410038879939488 1
1678233101835 6.39968034199306 1
1678233102374 6.389459678104946 1
