1678246266785 6.0269353018467715 1
1678246318497 2.7862450579591047 1
1678246369808 3.9486945433554954 1
1678246420814 2.8304344568957456 1
1678246471827 2.9278771610936403 1
1678246522690 2.831833116337283 1
1678246573961 2.67645719739555 1
1678246624771 2.646025809062163 1
1678246675000 2.6185855214243134 1
1678246725961 2.602335771991064 1
1678246776556 2.5904889641792117 1
1678246827572 2.5561363474756167 1
1678246878388 2.549451308963582 1
1678246928927 2.4237106047084396 1
1678246980281 2.8683467316786255 1
