1678246266788 1.2492220657212394 1
1678246318500 0.9130659188543048 1
1678246369810 0.995090092931475 1
1678246420817 0.9276569315365383 1
1678246471829 0.9726766688483102 1
1678246522692 0.927202182156699 1
1678246573963 0.8486090898513794 1
1678246624774 0.8378646118300301 1
1678246675002 0.8257982645715986 1
1678246725964 0.8128953320639474 1
1678246776559 0.8128044094358172 1
1678246827574 0.7951336077281407 1
1678246878390 0.783773558480399 1
1678246928929 0.7305595193590436 1
1678246980283 0.8484091673578534 1
