1678246266772 36.32394913264683 1
1678246318495 7.763161523001535 1
1678246369805 15.592188596725464 1
1678246420812 8.011359214782715 1
1678246471825 8.572464670453753 1
1678246522687 8.019278798784528 1
1678246573959 7.163423129490444 1
1678246624769 7.001452582223075 1
1678246674997 6.856990133013044 1
1678246725959 6.772151470184326 1
1678246776554 6.710633073534284 1
1678246827569 6.533833026885986 1
1678246878386 6.499701976776123 1
1678246928924 5.874373095376151 1
1678246980279 8.227412973131452 1
