1678236098257 34.01265384913458 1
1678236147471 34.01265384913458 1
1678236196505 34.01265384913458 1
1678236245693 34.01265384913458 1
1678236294781 34.01265384913458 1
1678236344061 34.01265384913458 1
1678236393243 34.01265384913458 1
1678236442387 34.01265384913458 1
1678236491592 34.01265384913458 1
1678236540828 34.01265384913458 1
1678236589993 34.01265384913458 1
1678236639304 34.01265384913458 1
1678236688481 34.01265384913458 1
1678236737627 34.01265384913458 1
1678236786730 34.01265384913458 1
1678236835835 34.01265384913458 1
1678236884967 34.01265384913458 1
1678236934089 34.01265384913458 1
1678236983208 34.01265384913458 1
1678237032572 34.01265384913458 1
1678237081668 34.01265384913458 1
1678237130829 34.01265384913458 1
1678237179920 34.01265384913458 1
1678237229015 34.01265384913458 1
1678237278028 34.01265384913458 1
1678237327154 34.01265384913458 1
1678237376084 34.01265384913458 1
1678237425178 34.01265384913458 1
1678237474302 34.01265384913458 1
1678237523509 34.01265384913458 1
1678237572591 34.01265384913458 1
1678237621736 34.01265384913458 1
1678237670820 34.01265384913458 1
1678237719936 34.01265384913458 1
