1678236098262 0.9999999914850507 1
1678236147473 0.9999999914850507 1
1678236196507 0.9999999914850507 1
1678236245696 0.9999999914850507 1
1678236294783 0.9999999914850507 1
1678236344063 0.9999999914850507 1
1678236393245 0.9999999914850507 1
1678236442389 0.9999999914850507 1
1678236491594 0.9999999914850507 1
1678236540830 0.9999999914850507 1
1678236589995 0.9999999914850507 1
1678236639306 0.9999999914850507 1
1678236688483 0.9999999914850507 1
1678236737629 0.9999999914850507 1
1678236786732 0.9999999914850507 1
1678236835838 0.9999999914850507 1
1678236884969 0.9999999914850507 1
1678236934091 0.9999999914850507 1
1678236983210 0.9999999914850507 1
1678237032575 0.9999999914850507 1
1678237081670 0.9999999914850507 1
1678237130831 0.9999999914850507 1
1678237179922 0.9999999914850507 1
1678237229018 0.9999999914850507 1
1678237278030 0.9999999914850507 1
1678237327156 0.9999999914850507 1
1678237376086 0.9999999914850507 1
1678237425180 0.9999999914850507 1
1678237474304 0.9999999914850507 1
1678237523511 0.9999999914850507 1
1678237572593 0.9999999914850507 1
1678237621738 0.9999999914850507 1
1678237670822 0.9999999914850507 1
1678237719938 0.9999999914850507 1
