1678236098249 1156.8606218610491 1
1678236147469 1156.8606218610491 1
1678236196502 1156.8606218610491 1
1678236245691 1156.8606218610491 1
1678236294779 1156.8606218610491 1
1678236344058 1156.8606218610491 1
1678236393241 1156.8606218610491 1
1678236442385 1156.8606218610491 1
1678236491590 1156.8606218610491 1
1678236540826 1156.8606218610491 1
1678236589991 1156.8606218610491 1
1678236639301 1156.8606218610491 1
1678236688478 1156.8606218610491 1
1678236737624 1156.8606218610491 1
1678236786727 1156.8606218610491 1
1678236835833 1156.8606218610491 1
1678236884964 1156.8606218610491 1
1678236934086 1156.8606218610491 1
1678236983205 1156.8606218610491 1
1678237032570 1156.8606218610491 1
1678237081665 1156.8606218610491 1
1678237130826 1156.8606218610491 1
1678237179918 1156.8606218610491 1
1678237229013 1156.8606218610491 1
1678237278025 1156.8606218610491 1
1678237327152 1156.8606218610491 1
1678237376082 1156.8606218610491 1
1678237425176 1156.8606218610491 1
1678237474299 1156.8606218610491 1
1678237523507 1156.8606218610491 1
1678237572588 1156.8606218610491 1
1678237621733 1156.8606218610491 1
1678237670817 1156.8606218610491 1
1678237719934 1156.8606218610491 1
