1678282473979 34.1543266882692 1
1678282474593 34.1543266882692 1
1678282475203 34.1543266882692 1
1678282475813 34.1543266882692 1
1678282476422 34.1543266882692 1
1678282477104 34.1543266882692 1
1678282477748 34.1543266882692 1
1678282478378 34.1543266882692 1
1678282478987 34.1543266882692 1
1678282479599 34.1543266882692 1
1678282480212 34.1543266882692 1
1678282480821 34.1543266882692 1
1678282481434 34.1543266882692 1
1678282482043 34.1543266882692 1
1678282482684 34.1543266882692 1
1678282483320 34.1543266882692 1
1678282483942 34.1543266882692 1
1678282484564 34.1543266882692 1
1678282485176 34.1543266882692 1
