1678282473982 0.9999999914850507 1
1678282474595 0.9999999914850507 1
1678282475205 0.9999999914850507 1
1678282475815 0.9999999914850507 1
1678282476425 0.9999999914850507 1
1678282477106 0.9999999914850507 1
1678282477750 0.9999999914850507 1
1678282478380 0.9999999914850507 1
1678282478990 0.9999999914850507 1
1678282479602 0.9999999914850507 1
1678282480214 0.9999999914850507 1
1678282480823 0.9999999914850507 1
1678282481436 0.9999999914850507 1
1678282482045 0.9999999914850507 1
1678282482686 0.9999999914850507 1
1678282483322 0.9999999914850507 1
1678282483944 0.9999999914850507 1
1678282484567 0.9999999914850507 1
1678282485178 0.9999999914850507 1
