1678282473970 1166.518031529018 1
1678282474591 1166.518031529018 1
1678282475201 1166.518031529018 1
1678282475811 1166.518031529018 1
1678282476420 1166.518031529018 1
1678282477101 1166.518031529018 1
1678282477745 1166.518031529018 1
1678282478375 1166.518031529018 1
1678282478985 1166.518031529018 1
1678282479597 1166.518031529018 1
1678282480209 1166.518031529018 1
1678282480819 1166.518031529018 1
1678282481432 1166.518031529018 1
1678282482041 1166.518031529018 1
1678282482682 1166.518031529018 1
1678282483318 1166.518031529018 1
1678282483940 1166.518031529018 1
1678282484562 1166.518031529018 1
1678282485174 1166.518031529018 1
