1678242940152 106.83744151298355 1
1678242989083 61.746300643327295 1
1678243037970 47.964365856540724 1
1678243087070 29.434633040768468 1
1678243136089 21.435160250642006 1
1678243185138 17.203264128232657 1
1678243234190 14.231806372114223 1
1678243283144 12.438023717058867 1
1678243332162 11.532073602568438 1
1678243381171 10.814698352561283 1
1678243430093 10.304163984471305 1
1678243480117 9.872564198186177 1
1678243539975 9.498314270521103 1
1678243607126 9.165168068330116 1
1678243658244 8.863802041389526 1
1678243708856 8.487628556812272 1
1678243758854 7.973125583592827 1
1678243808938 7.399698902323016 1
1678243859338 6.821305290255137 1
1678243909715 6.253084871009887 1
1678243959596 6.268291866642382 1
1678244009287 6.236066928056592 1
1678244060448 5.648292079848265 1
1678244111596 5.207285902513065 1
1678244161736 4.878050551846146 1
1678244212462 4.7579037583520885 1
1678244263235 4.4417820922554965 1
1678244314085 4.429855208947716 1
1678244365224 4.144605967468497 1
1678244416543 4.080478350409279 1
1678244467332 3.9364080320568466 1
1678244519971 3.833333254354093 1
1678244571035 3.7637985313382605 1
1678244621667 3.692993302692953 1
1678244671980 3.622930941601523 1
1678244723020 3.5623131992248886 1
1678244773739 3.518873843743556 1
1678244824750 3.4727204329296923 1
1678244874998 3.4406924496408657 1
1678244926402 3.4049892467139324 1
1678244977336 3.3775451186648517 1
1678245029196 3.3461200885990015 1
1678245079762 3.3185127779025874 1
1678245130761 3.2935646499264783 1
1678245181595 3.269110550177293 1
1678245232478 3.2441039417555433 1
1678245283096 3.215773773882646 1
1678245335685 3.1890072718262563 1
1678245388839 3.160675615100276 1
1678245442211 3.133978256806752 1
1678245495082 3.1099836379546435 1
1678245547172 3.087017225002871 1
1678245598788 3.066718185428418 1
1678245650677 3.0502614858418817 1
1678245702417 3.035829166835178 1
1678245755107 3.024865799846635 1
1678245807481 3.0148402392281124 1
1678245860274 3.0052917448744436 1
1678245912926 2.9946128182091116 1
1678245966093 2.984107554056676 1
1678246017610 2.972831925689596 1
1678246068821 2.961100965258867 1
1678246120711 2.950700071363725 1
1678246171795 2.9375171718849162 1
