1678242940163 0.7123726861817496 1
1678242989085 0.5381730837481362 1
1678243037972 0.4209232670920236 1
1678243087072 0.298015228339604 1
1678243136091 0.21394344525677816 1
1678243185141 0.17651112803391047 1
1678243234192 0.15619666129350662 1
1678243283146 0.14184510282107762 1
1678243332164 0.13319904889379228 1
1678243381173 0.12481311176504407 1
1678243430095 0.11968352645635605 1
1678243480119 0.11577091578926359 1
1678243539977 0.11133818115506854 1
1678243607129 0.107363974409444 1
1678243658247 0.10394963302782603 1
1678243708858 0.09912094580275672 1
1678243758856 0.09237072244286537 1
1678243808941 0.08478372224739619 1
1678243859341 0.07818935811519623 1
1678243909717 0.07067853744540896 1
1678243959598 0.06832614062087876 1
1678244009289 0.06641547275441033 1
1678244060451 0.06172117590904236 1
1678244111598 0.05522759631276131 1
1678244161738 0.051316581666469574 1
1678244212464 0.05054232052394322 1
1678244263238 0.04696685554725783 1
1678244314087 0.04576151445508003 1
1678244365226 0.04344030203563826 1
1678244416545 0.04210640037698405 1
1678244467334 0.040686145690935 1
1678244519974 0.0392510537058115 1
1678244571037 0.03819695221526282 1
1678244621669 0.037096207961440086 1
1678244671982 0.036141960216420035 1
1678244723022 0.035212862970573564 1
1678244773741 0.034480949331607134 1
1678244824752 0.033784745793257444 1
1678244875000 0.03317294695547649 1
1678244926404 0.03255977321948324 1
1678244977338 0.03201134130358696 1
1678245029198 0.03148357117814677 1
1678245079764 0.03096498256283147 1
1678245130763 0.03053904457816056 1
1678245181597 0.030117625104529516 1
1678245232480 0.029718385743243352 1
1678245283098 0.029298872287784303 1
1678245335687 0.028925937999572073 1
1678245388841 0.028555679001978466 1
1678245442213 0.028205284582717077 1
1678245495084 0.02787318586238793 1
1678245547174 0.027572084218263626 1
1678245598790 0.02730211109987327 1
1678245650679 0.02705699178789343 1
1678245702419 0.026829407417348454 1
1678245755109 0.026640061289072037 1
1678245807484 0.026451836739267622 1
1678245860276 0.02627911338848727 1
1678245912928 0.0261170036558594 1
1678245966096 0.025966921022960117 1
1678246017612 0.02582728091095175 1
1678246068823 0.025692094383495196 1
1678246120713 0.02557154425552913 1
1678246171797 0.025429241625326022 1
