1678242940146 11414.23890904018 1
1678242989080 3812.605643136161 1
1678243037968 2300.580392020089 1
1678243087067 866.3976222446987 1
1678243136087 459.4660949707031 1
1678243185136 295.9522966657366 1
1678243234187 202.544312613351 1
1678243283141 154.70443398611886 1
1678243332160 132.9887215750558 1
1678243381168 116.95770045689174 1
1678243430091 106.17579541887555 1
1678243480115 97.46752384730748 1
1678243539970 90.21797398158482 1
1678243607123 84.000305720738 1
1678243658241 78.56698662894112 1
1678243708854 72.03983851841518 1
1678243758851 63.57073157174246 1
1678243808935 54.75554384504046 1
1678243859335 46.53020586286272 1
1678243909712 39.101070404052734 1
1678243959593 39.29148292541504 1
1678244009284 38.88853073120117 1
1678244060445 31.903203419276647 1
1678244111593 27.1158264705113 1
1678244161733 23.79537718636649 1
1678244212460 22.63764817374093 1
1678244263233 19.729428155081614 1
1678244314083 19.62361717224121 1
1678244365221 17.177758625575475 1
1678244416541 16.65030356815883 1
1678244467330 15.495308194841657 1
1678244519969 14.694443838936943 1
1678244571032 14.166179384504046 1
1678244621665 13.638199533735003 1
1678244671977 13.1256286076137 1
1678244723017 12.690075329371862 1
1678244773737 12.382473128182548 1
1678244824747 12.059787205287389 1
1678244874996 11.83836453301566 1
1678244926400 11.593951770237513 1
1678244977333 11.407811028616768 1
1678245029193 11.196519647325788 1
1678245079760 11.012527057102748 1
1678245130759 10.847568103245326 1
1678245181593 10.687083789280482 1
1678245232476 10.524210384913854 1
1678245283093 10.341200964791435 1
1678245335682 10.169767379760742 1
1678245388837 9.989870343889509 1
1678245442208 9.821819714137487 1
1678245495080 9.671998228345599 1
1678245547170 9.529675347464424 1
1678245598786 9.404760428837367 1
1678245650674 9.304095132010323 1
1678245702415 9.216258730207171 1
1678245755104 9.149813107081822 1
1678245807479 9.089261668069023 1
1678245860269 9.031778471810478 1
1678245912923 8.967705930982317 1
1678245966091 8.904897894178118 1
1678246017607 8.83772965839931 1
1678246068818 8.768118926456996 1
1678246120708 8.706630911145892 1
1678246171793 8.629007135118757 1
