1678281015527 0.9999999914850507 1
1678281016144 0.9999999914850507 1
1678281016741 0.9999999914850507 1
1678281017338 0.9999999914850507 1
1678281017938 0.9999999914850507 1
1678281018541 0.9999999914850507 1
1678281019144 0.9999999914850507 1
1678281019743 0.9999999914850507 1
1678281020348 0.9999999914850507 1
1678281020971 0.9999999914850507 1
1678281021581 0.9999999914850507 1
1678281022183 0.9999999914850507 1
1678281022779 0.9999999914850507 1
1678281023376 0.9999999914850507 1
1678281023972 0.9999999914850507 1
1678281024568 0.9999999914850507 1
1678281025165 0.9999999914850507 1
1678281025783 0.9999999914850507 1
1678281026391 0.9999999914850507 1
