1678280858605 163.1026351321571 1
1678280859238 162.9292553328087 1
1678280859843 162.74691920224305 1
1678280860454 162.52406844421756 1
1678280861048 162.24767755739327 1
1678280861633 161.89315604192257 1
1678280862230 161.42282837346545 1
1678280862827 160.7804660365449 1
1678280863424 159.88340914581877 1
1678280864116 158.61708792042913 1
1678280864714 156.82725333433874 1
1678280865323 154.328589755986 1
1678280865933 150.86975520532366 1
1678280866532 146.1191464747788 1
1678280867130 139.70655730500934 1
1678280867728 131.24955357066935 1
1678280868324 120.47276605312534 1
1678280868920 107.45607036902004 1
1678280869516 93.17583441462494 1
1678280870118 80.44648226918693 1
1678280870730 73.52602993962775 1
1678280871339 72.6785075355107 1
1678280871942 72.78264926888973 1
1678280872539 71.86876477224575 1
1678280873136 71.12034235785296 1
1678280873731 70.78178610645286 1
1678280874326 70.48503187338405 1
1678280874922 70.13488727804776 1
1678280875537 69.79546809121226 1
1678280876148 69.48299388866417 1
1678280876754 69.17831826657803 1
1678280877352 68.87662952603061 1
1678280877951 68.58121504202609 1
1678280878549 68.2909126560415 1
1678280879146 68.003332745601 1
1678280879743 67.71789736138354 1
1678280880352 67.43458718719306 1
1678280880969 67.15309308997865 1
1678280881568 66.8730238985409 1
1678280882165 66.59395346930437 1
1678280882763 66.31536664271404 1
1678280883361 66.03673690314152 1
1678280883958 65.757554796653 1
1678280884554 65.47728219632336 1
1678280885156 65.1952876909779 1
1678280885768 64.9107850571927 1
1678280886377 64.62274272230424 1
1678280886979 64.32976072732103 1
1678280887577 64.02983841825859 1
1678280888175 63.719934754364324 1
1678280888773 63.395134516437004 1
1678280889369 63.04735710782213 1
1678280889966 62.66538636852499 1
1678280890577 62.24607513713357 1
1678280891187 61.81018966639709 1
1678280891863 61.3459826707809 1
1678280892463 60.82192766400638 1
1678280893061 60.238828988096564 1
1678280893657 59.63832877845092 1
1678280894253 59.009226375483316 1
1678280894853 58.36719474527653 1
1678280895462 57.683833050726676 1
1678280896074 56.899646040964555 1
1678280896680 55.854723520118945 1
1678280897280 54.32517472935545 1
1678280897880 52.443376338859004 1
1678280898477 50.417137266902934 1
1678280899074 48.3771484618882 1
1678280899671 46.394683879118126 1
1678280900280 44.18355805563148 1
1678280900901 42.04936918599056 1
1678280901503 40.074737917304276 1
1678280902091 38.249253893502264 1
1678280902679 36.557668379247175 1
1678280903267 34.5137582202687 1
1678280903854 30.873763457335926 1
1678280904440 28.28174236203219 1
1678280905033 24.795692618257004 1
1678280905654 21.85949994938378 1
1678280906263 19.829792440864523 1
1678280906860 18.433144560661706 1
1678280907456 17.042979557701788 1
1678280908053 16.419301051020586 1
1678280908650 15.735983149593523 1
1678280909246 15.23155816162977 1
1678280909842 14.963205823356748 1
1678280910451 14.683499407665419 1
1678280911068 14.414393763736037 1
1678280911664 14.21546847864617 1
1678280912259 14.068829955556339 1
1678280912855 13.936151061678506 1
1678280913451 13.804493986258871 1
1678280914046 13.679911461386668 1
1678280914642 13.569411725927957 1
1678280915244 13.472905090534244 1
1678280915857 13.385304452886249 1
1678280916467 13.301986994986423 1
1678280917064 13.221639300020815 1
1678280917640 13.145257588454658 1
1678280918220 13.07390588279138 1
1678280918796 13.007441392577316 1
1678280919373 12.944797645405535 1
1678280920046 12.884945693247095 1
1678280920660 12.827558030661738 1
1678280921273 12.77272346737357 1
1678280921884 12.720488001398456 1
1678280922472 12.670685290794298 1
1678280923050 12.622977044792318 1
1678280923627 12.577146233130915 1
1678280924204 12.53303665671883 1
1678280924782 12.490555514098693 1
1678280925383 12.449715798089318 1
1678280925996 12.410357497792116 1
1678280926585 12.372367105403724 1
1678280927163 12.335610988240296 1
1678280927741 12.300044298258372 1
1678280928323 12.265623889260073 1
1678280928902 12.23229078535544 1
1678280929479 12.199936420355407 1
1678280930060 12.168505500443658 1
1678280930672 12.137965196250935 1
1678280931284 12.108238038862703 1
1678280931937 12.079320692957875 1
1678280932524 12.051184168565193 1
1678280933113 12.023760251704603 1
1678280933699 11.996972837550624 1
1678280934286 11.970843088352392 1
1678280934872 11.945305565610433 1
1678280935484 11.920334999885139 1
1678280936107 11.895925616136326 1
1678280936709 11.872028776475464 1
1678280937305 11.848618560342993 1
1678280937901 11.825682696581808 1
1678280938497 11.803204235782113 1
1678280939093 11.781191855717523 1
1678280939689 11.759579078696628 1
1678280940295 11.738374657935934 1
1678280940911 11.717531791219965 1
1678280941523 11.697081389767844 1
1678280942125 11.676988600247007 1
1678280942721 11.657248353080062 1
1678280943322 11.637860662828366 1
1678280943925 11.618772230227451 1
1678280944521 11.599967103357132 1
1678280945121 11.581496351476256 1
1678280945826 11.563323921688134 1
1678280946447 11.545437675968527 1
1678280947050 11.527844902830923 1
1678280947648 11.51052185549733 1
1678280948244 11.493448274792316 1
1678280948840 11.476638569626578 1
1678280949442 11.460145067596411 1
1678280950038 11.443850562561632 1
1678280950662 11.427792386341942 1
1678280951287 11.41195730615077 1
1678280951887 11.396329993636986 1
1678280952482 11.380974462700168 1
1678280953078 11.365836340444703 1
1678280953674 11.350862629436504 1
1678280954269 11.336109889804936 1
1678280954865 11.321557084222743 1
1678280955479 11.307187827036099 1
1678280956103 11.293020046317627 1
1678280956709 11.279049862980179 1
1678280957306 11.26522871801529 1
1678280957902 11.251605013236286 1
1678280958498 11.238138006342927 1
1678280959094 11.224853701097805 1
1678280959690 11.211739914974746 1
1678280960296 11.198754813594233 1
1678280960919 11.185949950370842 1
1678280961526 11.173307996492026 1
1678280962130 11.160799330033125 1
1678280962733 11.148394043910574 1
1678280963329 11.136172053400113 1
1678280963925 11.124087864204727 1
1678280964522 11.11213015591121 1
1678280965121 11.10030184105872 1
1678280965739 11.088610115822068 1
1678280966348 11.077050591411393 1
1678280966947 11.065614916033173 1
1678280967537 11.054325313113369 1
1678280968124 11.043126220752406 1
1678280968712 11.032041823074415 1
1678280969300 11.021068312608621 1
1678280969886 11.01023705460536 1
1678280970495 10.999507893045042 1
1678280971114 10.988880432694794 1
1678280971713 10.978356160247127 1
1678280972300 10.96793825455195 1
1678280972887 10.95760046148495 1
1678280973566 10.94737795337904 1
1678280974155 10.937253116234688 1
1678280974744 10.927239537221126 1
1678280975345 10.917305126538084 1
1678280975966 10.907477179810332 1
1678280976577 10.89775498494914 1
1678280977178 10.888096932891141 1
1678280977776 10.878533852468212 1
1678280978372 10.86910525259775 1
