1678280858614 0.9945204172815595 1
1678280859239 0.9924101659229824 1
1678280859844 0.9903810790606907 1
1678280860456 0.9879088316644941 1
1678280861050 0.9848317929676601 1
1678280861635 0.9808763010161263 1
1678280862231 0.9756165317126683 1
1678280862828 0.9684191261019025 1
1678280863426 0.9583704556737628 1
1678280864118 0.9441646933555603 1
1678280864716 0.9238225221633911 1
1678280865325 0.8953239151409694 1
1678280865935 0.8556985003607613 1
1678280866534 0.8008496420724052 1
1678280867132 0.7275981988225665 1
1678280867729 0.6456793291228158 1
1678280868326 0.5817665798323495 1
1678280868922 0.5443814311708722 1
1678280869518 0.5478367635181972 1
1678280870119 0.6039321252277919 1
1678280870731 0.6992752552032471 1
1678280871341 0.7814080204282489 1
1678280871943 0.8032609479767936 1
1678280872541 0.7762321404048375 1
1678280873137 0.7402745911053249 1
1678280873732 0.7175995281764439 1
1678280874328 0.7099094220570156 1
1678280874924 0.7114085980824062 1
1678280875539 0.7151616641453334 1
1678280876150 0.7164158480507987 1
1678280876756 0.7140148111752102 1
1678280877354 0.7093513522829328 1
1678280877952 0.7044015101024083 1
1678280878550 0.7003309982163566 1
1678280879147 0.6972283891269139 1
1678280879744 0.6945869156292507 1
1678280880354 0.6918913892337254 1
1678280880971 0.688913881778717 1
1678280881569 0.685721720967974 1
1678280882167 0.6824776956013271 1
1678280882764 0.6792895793914795 1
1678280883363 0.676156895501273 1
1678280883959 0.6730224745614188 1
1678280884555 0.6698345456804548 1
1678280885157 0.666567998273032 1
1678280885769 0.6632289205278669 1
1678280886379 0.6598201990127563 1
1678280886981 0.6563237309455872 1
1678280887579 0.652692369052342 1
1678280888177 0.6488515223775592 1
1678280888775 0.6446775538580758 1
1678280889371 0.6399323344230652 1
1678280889967 0.6341772845813206 1
1678280890578 0.6270054578781128 1
1678280891189 0.619952746800014 1
1678280891865 0.6157973578998021 1
1678280892465 0.6105857576642718 1
1678280893062 0.6001690030097961 1
1678280893659 0.5893094284193856 1
1678280894255 0.5821375208241599 1
1678280894855 0.5761287127222333 1
1678280895463 0.5711666430745806 1
1678280896076 0.5558805252824511 1
1678280896681 0.5388920818056379 1
1678280897281 0.5184851459094456 1
1678280897882 0.4926380600248064 1
1678280898479 0.46856673274721417 1
1678280899076 0.44205027392932345 1
1678280899672 0.4267971047333309 1
1678280900281 0.3915086771760668 1
1678280900903 0.3768883858408247 1
1678280901505 0.35484157289777485 1
1678280902093 0.34045401215553284 1
1678280902681 0.32050815650394987 1
1678280903268 0.29228164894240244 1
1678280903855 0.2295225454228265 1
1678280904442 0.19954023616654532 1
1678280905034 0.16245376105819428 1
1678280905656 0.1418427899479866 1
1678280906265 0.129299419266837 1
1678280906861 0.12534164318016597 1
1678280907458 0.11908241361379623 1
1678280908054 0.1169409698673657 1
1678280908651 0.11373493075370789 1
1678280909248 0.11143824245248522 1
1678280909844 0.1095344147511891 1
1678280910453 0.10784923498119627 1
1678280911069 0.10636600319828306 1
1678280911665 0.10495764762163162 1
1678280912261 0.10369994065591268 1
1678280912857 0.10256832518747874 1
1678280913453 0.10148245202643531 1
1678280914048 0.10043379557984215 1
1678280914643 0.09942829715354103 1
1678280915246 0.09846225487334388 1
1678280915858 0.09752716656242098 1
1678280916469 0.09660641316856657 1
1678280917066 0.09570410209042686 1
1678280917642 0.09482324974877494 1
1678280918221 0.09396820834704808 1
1678280918798 0.09314772486686707 1
1678280919375 0.09237851415361677 1
1678280920048 0.09163507393428258 1
1678280920661 0.09092733902590615 1
1678280921275 0.0902445816567966 1
1678280921886 0.08958260182823453 1
1678280922473 0.08894435529197965 1
1678280923052 0.08833369399820055 1
1678280923629 0.08775255509785243 1
1678280924206 0.08720283848898751 1
1678280924784 0.08667712339333125 1
1678280925384 0.08617431457553591 1
1678280925997 0.08569014072418213 1
1678280926586 0.08523004821368627 1
1678280927164 0.08478434064558574 1
1678280927745 0.08435210692031044 1
1678280928325 0.08393847090857369 1
1678280928903 0.08354542404413223 1
1678280929481 0.08316569243158613 1
1678280930061 0.08280188377414431 1
1678280930673 0.08245810972792762 1
1678280931350 0.0821314464722361 1
1678280931939 0.08182190997259957 1
1678280932526 0.08152222314051219 1
1678280933114 0.08123090650354113 1
1678280933701 0.08094670410667147 1
1678280934287 0.08067261321204049 1
1678280934873 0.08041171942438398 1
1678280935485 0.0801612309047154 1
1678280936108 0.07991997684751238 1
1678280936710 0.0796860328742436 1
1678280937306 0.07946080075842994 1
1678280937902 0.07924272013562066 1
1678280938499 0.07902988259281431 1
1678280939095 0.0788221103804452 1
1678280939691 0.07861967704125813 1
1678280940296 0.07842226432902473 1
1678280940912 0.07823324522801808 1
1678280941525 0.07805095719439643 1
1678280942126 0.07787513200725828 1
1678280942723 0.07770296505519322 1
1678280943324 0.07753395714930125 1
1678280943927 0.07736877245562417 1
1678280944523 0.07721125334501266 1
1678280945122 0.07705839191164289 1
1678280945828 0.07690815840448652 1
1678280946449 0.07676215044089726 1
1678280947052 0.07661927278552737 1
1678280947649 0.07647896132298879 1
1678280948246 0.07634071792875018 1
1678280948842 0.07620442020041603 1
1678280949443 0.07607020437717438 1
1678280950040 0.07593777882201332 1
1678280950663 0.07580739579030446 1
1678280951289 0.07567993657929557 1
1678280951888 0.07555655070713588 1
1678280952484 0.07543766072818212 1
1678280953080 0.07532341671841485 1
1678280953675 0.07521127909421921 1
1678280954270 0.07510238885879517 1
1678280954866 0.07499477160828454 1
1678280955480 0.07488837838172913 1
1678280956104 0.07478470142398562 1
1678280956711 0.07468265614339284 1
1678280957308 0.07458323346717018 1
1678280957903 0.07448488154581615 1
1678280958499 0.0743874769125666 1
1678280959096 0.07429110045943942 1
1678280959691 0.07419604382344655 1
1678280960297 0.0741023165839059 1
1678280960920 0.07400998366730553 1
1678280961528 0.07391860016754695 1
1678280962132 0.07382805858339582 1
1678280962734 0.07373821948255811 1
1678280963331 0.07364934789282936 1
1678280963927 0.07356128948075431 1
1678280964523 0.07347405914749418 1
1678280965123 0.07338759622403554 1
1678280965741 0.07330205397946495 1
1678280966350 0.0732187128492764 1
1678280966949 0.07313762818064008 1
1678280967538 0.07305738649197988 1
1678280968126 0.07297781748431069 1
1678280968714 0.07289901269333703 1
1678280969301 0.07282080288444247 1
1678280969888 0.0727433328117643 1
1678280970496 0.07266644069126674 1
1678280971127 0.07259036600589752 1
1678280971715 0.07251541635819844 1
1678280972301 0.07244120751108442 1
1678280972888 0.07236776500940323 1
1678280973568 0.07229567425591606 1
1678280974157 0.07222502146448408 1
1678280974745 0.07215507009199687 1
1678280975347 0.07208553914512907 1
1678280975968 0.07201651270900454 1
1678280976579 0.07194801207099642 1
1678280977179 0.07187988609075546 1
1678280977777 0.07181228590863091 1
1678280978374 0.07174528070858546 1
