1678280858595 26602.469587053572 1
1678280859236 26545.942243303572 1
1678280859841 26486.559709821428 1
1678280860452 26414.072823660714 1
1678280861047 26324.30887276786 1
1678280861631 26209.393973214286 1
1678280862228 26057.329520089286 1
1678280862825 25850.358258928572 1
1678280863423 25562.704520089286 1
1678280864114 25159.38058035714 1
1678280864712 24594.78738839286 1
1678280865321 23817.313616071428 1
1678280865931 22761.683035714286 1
1678280866530 21350.80496651786 1
1678280867128 19517.92215401786 1
1678280867726 17226.4453125 1
1678280868323 14513.68736049107 1
1678280868918 11546.807059151786 1
1678280869515 8681.736118861607 1
1678280870116 6471.636509486607 1
1678280870728 5406.077078683035 1
1678280871338 5282.165457589285 1
1678280871940 5297.314034598215 1
1678280872537 5165.119349888393 1
1678280873134 5058.103097098215 1
1678280873729 5010.061244419643 1
1678280874325 4968.139718191965 1
1678280874920 4918.902413504465 1
1678280875535 4871.407366071428 1
1678280876146 4827.886439732143 1
1678280876753 4785.639718191965 1
1678280877350 4743.990094866072 1
1678280877949 4703.383056640625 1
1678280878547 4663.64875139509 1
1678280879144 4624.453264508928 1
1678280879741 4585.713623046875 1
1678280880351 4547.423549107143 1
1678280880967 4509.53791155134 1
1678280881566 4472.001325334822 1
1678280882164 4434.754638671875 1
1678280882761 4397.72785295759 1
1678280883359 4360.850620814732 1
1678280883956 4324.056012834822 1
1678280884552 4287.274483816965 1
1678280885154 4250.425537109375 1
1678280885766 4213.410016741072 1
1678280886375 4176.098876953125 1
1678280886978 4138.318115234375 1
1678280887575 4099.820207868303 1
1678280888174 4060.2300851004466 1
1678280888772 4018.9430803571427 1
1678280889367 3974.96923828125 1
1678280889964 3926.9506487165177 1
1678280890575 3874.5738699776784 1
1678280891185 3820.4995465959823 1
1678280891862 3763.32958984375 1
1678280892461 3699.306884765625 1
1678280893059 3628.7165178571427 1
1678280893656 3556.7302594866073 1
1678280894252 3482.088797433036 1
1678280894851 3406.729422433036 1
1678280895460 3327.4245954241073 1
1678280896071 3237.5697195870534 1
1678280896678 3119.7501395089284 1
1678280897278 2951.224609375 1
1678280897878 2750.3077218191966 1
1678280898475 2541.8877301897323 1
1678280899072 2340.3484933035716 1
1678280899669 2152.4666922433034 1
1678280900278 1952.186802455357 1
1678280900899 1768.149448939732 1
1678280901501 1605.984619140625 1
1678280902090 1463.0054234095983 1
1678280902677 1336.4631173270088 1
1678280903265 1191.199506487165 1
1678280903852 953.1892700195312 1
1678280904439 799.856951032366 1
1678280905031 614.8263724190848 1
1678280905652 477.8377380371094 1
1678280906262 393.22066824776783 1
1678280906858 339.7808183942522 1
1678280907454 290.46315220424106 1
1678280908051 269.59344700404574 1
1678280908648 247.6211656842913 1
1678280909244 232.00036403111048 1
1678280909841 223.89752851213728 1
1678280910449 215.60515485491072 1
1678280911066 207.77474757603235 1
1678280911662 202.0795440673828 1
1678280912258 197.93197631835938 1
1678280912854 194.21630641392298 1
1678280913449 190.56405421665735 1
1678280914045 187.13997759137834 1
1678280914640 184.1289345877511 1
1678280915243 181.51917157854353 1
1678280915855 179.16637529645647 1
1678280916465 176.94285801478796 1
1678280917063 174.8117457798549 1
1678280917639 172.79779706682478 1
1678280918218 170.92701503208704 1
1678280918795 169.1935315813337 1
1678280919372 167.56778608049666 1
1678280920044 166.02182551792689 1
1678280920658 164.54624502999442 1
1678280921271 163.14246477399553 1
1678280921882 161.8108149937221 1
1678280922470 160.546265738351 1
1678280923048 159.3395494733538 1
1678280923626 158.18460736955916 1
1678280924203 157.07700783865792 1
1678280924781 156.01397705078125 1
1678280925381 154.99542345319475 1
1678280925994 154.016973223005 1
1678280926583 153.0754677908761 1
1678280927161 152.16729845319475 1
1678280927738 151.2910897391183 1
1678280928321 150.4455293927874 1
1678280928900 149.62893785749162 1
1678280929478 148.83844866071428 1
1678280930058 148.07252611432756 1
1678280930670 147.330199105399 1
1678280931282 146.60942840576172 1
1678280931936 145.9099884033203 1
1678280932523 145.23103986467635 1
1678280933111 144.57081059047155 1
1678280933697 143.92735726492745 1
1678280934284 143.30108424595423 1
1678280934870 142.69032505580358 1
1678280935482 142.0943865094866 1
1678280936105 141.51304626464844 1
1678280936707 140.9450672694615 1
1678280937303 140.38976178850447 1
1678280937899 139.84677124023438 1
1678280938495 139.31563023158483 1
1678280939091 138.7964815412249 1
1678280939688 138.28770010811942 1
1678280940293 137.78943961007255 1
1678280940909 137.30055127825057 1
1678280941521 136.82171303885323 1
1678280942123 136.35206277029855 1
1678280942719 135.89143916538782 1
1678280943320 135.43980080740792 1
1678280943924 134.99586813790458 1
1678280944520 134.55923679896765 1
1678280945119 134.1310577392578 1
1678280945824 133.71046011788505 1
1678280946446 133.29713112967355 1
1678280947049 132.8912081037249 1
1678280947646 132.4921133858817 1
1678280948242 132.09935324532645 1
1678280948839 131.7132328578404 1
1678280949440 131.33492497035436 1
1678280950037 130.9617156982422 1
1678280950660 130.59443882533483 1
1678280951285 130.23276955740792 1
1678280951885 129.87633732387 1
1678280952480 129.52657972063338 1
1678280953076 129.18223571777344 1
1678280953672 128.84208243233817 1
1678280954267 128.50738743373327 1
1678280954863 128.17765481131417 1
1678280955477 127.85249655587333 1
1678280956101 127.5323017665318 1
1678280956707 127.2169658115932 1
1678280957304 126.90537806919643 1
1678280957900 126.59861537388393 1
1678280958496 126.29574584960938 1
1678280959092 125.99734061104911 1
1678280959688 125.70311192103794 1
1678280960294 125.412109375 1
1678280960917 125.12547629220145 1
1678280961524 124.84281158447266 1
1678280962129 124.56344168526786 1
1678280962731 124.28668975830078 1
1678280963328 124.01432800292969 1
1678280963924 123.74533081054688 1
1678280964520 123.47943660191127 1
1678280965119 123.21670096261161 1
1678280965737 122.95727430071149 1
1678280966347 122.7010498046875 1
1678280966945 122.44783346993583 1
1678280967535 122.19810812813895 1
1678280968122 121.9506367274693 1
1678280968711 121.70594678606305 1
1678280969298 121.46394675118583 1
1678280969884 121.22531999860492 1
1678280970493 120.98917388916016 1
1678280971112 120.7554931640625 1
1678280971712 120.52430398123605 1
1678280972298 120.29566955566406 1
1678280972885 120.06900787353516 1
1678280973565 119.84508405412946 1
1678280974154 119.62350572858539 1
1678280974742 119.4045639038086 1
1678280975343 119.18755122593471 1
1678280975964 118.97305842808315 1
1678280976576 118.76106371198382 1
1678280977176 118.55065482003349 1
1678280977774 118.34249877929688 1
1678280978371 118.137448992048 1
