1678280979563 0.9999999914850507 1
1678280980165 0.9999999914850507 1
1678280980790 0.9999999914850507 1
1678280981403 0.9999999914850507 1
1678280982001 0.9999999914850507 1
1678280982598 0.9999999914850507 1
1678280983194 0.9999999914850507 1
1678280983790 0.9999999914850507 1
1678280984385 0.9999999914850507 1
1678280984981 0.9999999914850507 1
1678280985598 0.9999999914850507 1
1678280986218 0.9999999914850507 1
1678280986827 0.9999999914850507 1
1678280987426 0.9999999914850507 1
1678280988021 0.9999999914850507 1
1678280988617 0.9999999914850507 1
1678280989214 0.9999999914850507 1
1678280989812 0.9999999914850507 1
1678280990424 0.9999999914850507 1
