1678233310660 157.83849149469665 1
1678233311366 157.71914140954573 1
1678233311950 157.55659679682228 1
1678233312524 157.35693970465454 1
1678233313085 157.12867846444246 1
1678233313643 156.87083713173305 1
1678233314200 156.57299829358465 1
1678233314757 156.2199363934889 1
1678233315314 155.79099007736525 1
1678233315870 155.25937669377424 1
1678233316433 154.59197447289614 1
1678233317003 153.74763264002056 1
1678233317560 152.67503494233384 1
1678233318117 151.30926653918127 1
1678233318673 149.5655697479131 1
1678233319229 147.33120638547695 1
1678233319786 144.46191049058325 1
1678233320343 140.79065243296517 1
1678233320899 136.15493181515419 1
1678233321464 130.43410682064032 1
1678233322038 123.58117091034309 1
1678233322606 115.63752827879266 1
1678233323174 106.75496470347075 1
1678233323742 97.25404280581807 1
1678233324306 87.71308755389133 1
1678233324867 79.02325086262474 1
1678233325424 72.24203620801335 1
1678233325981 68.08407524244053 1
1678233326551 66.29643362029431 1
1678233327126 65.78802189863153 1
1678233327693 65.57005538951056 1
1678233328261 65.28596575236327 1
1678233328827 64.97401556085848 1
1678233329383 64.70746219766697 1
1678233329939 64.48789700565567 1
1678233330495 64.28718899443189 1
1678233331051 64.0867147180148 1
1678233331619 63.88280437889761 1
1678233332190 63.67764544404005 1
1678233332758 63.47319489693352 1
1678233333316 63.27067895612625 1
1678233333875 63.07044390403664 1
1678233334442 62.872429987769394 1
1678233335000 62.6761106971431 1
1678233335628 62.480614460124606 1
1678233336189 62.28535379327967 1
1678233336762 62.0898433462623 1
1678233337333 61.89221244402657 1
1678233337900 61.690030614615054 1
1678233338457 61.478400394957966 1
1678233339012 61.25059874661795 1
1678233339568 61.00080388631601 1
1678233340124 60.72957429618973 1
1678233340680 60.43081647470194 1
1678233341238 60.02072512221448 1
1678233341810 59.189994608671434 1
1678233342380 58.20324274916182 1
1678233342948 57.922966674363074 1
1678233343506 57.55750412146069 1
1678233344063 57.342730929539705 1
1678233344619 57.16426330708692 1
1678233345175 56.991355603813005 1
1678233345731 56.839150237499 1
1678233346291 56.68541086528806 1
1678233346862 56.5341169167613 1
1678233347431 56.383768274005824 1
1678233347995 56.23325829727172 1
1678233348556 56.08184314535639 1
1678233349113 55.92900754817361 1
1678233349669 55.774432481544736 1
1678233350225 55.61826084025901 1
1678233350780 55.460435116227224 1
1678233351339 55.302138797017186 1
1678233351911 55.14348642031127 1
1678233352480 54.98489735320022 1
1678233353046 54.826061389940115 1
1678233353601 54.666901095039414 1
1678233354158 54.50687933984391 1
1678233354713 54.3460241324671 1
1678233355269 54.1846032216116 1
1678233355825 54.02272709932152 1
1678233356387 53.86017052284554 1
1678233356961 53.6970253898136 1
1678233357525 53.53354692084525 1
1678233358083 53.36955266615708 1
1678233358640 53.20464453986926 1
1678233359198 53.038882405976466 1
1678233359755 52.872447881459756 1
1678233360311 52.705107288225804 1
1678233360867 52.53680516592545 1
1678233361525 52.36746197992366 1
1678233362101 52.197338879533994 1
1678233362667 52.025916379891 1
1678233363225 51.853720019444225 1
1678233363781 51.68037831238429 1
1678233364340 51.50558276345945 1
1678233364897 51.328905394698 1
1678233365454 51.15027147574498 1
1678233366010 50.968935783470634 1
1678233366576 50.78453148738164 1
1678233367154 50.59716462215387 1
1678233367721 50.40630224014209 1
1678233368284 50.2122854676638 1
1678233368848 50.01599214117492 1
1678233369405 49.81734179226916 1
1678233369961 49.61650398721122 1
1678233370517 49.41371426684184 1
1678233371074 49.20877573963334 1
1678233371641 49.00165254792388 1
1678233372211 48.79327363374302 1
1678233372774 48.58347926312264 1
1678233373331 48.372043726286904 1
1678233373887 48.159138771181524 1
1678233374443 47.94361126561719 1
1678233374999 47.725918046154064 1
1678233375555 47.50159808460677 1
1678233376122 47.26927727182026 1
1678233376693 47.02495378625406 1
1678233377259 46.74602308034476 1
1678233377832 46.40844000363973 1
1678233378388 45.92122544107512 1
1678233378945 45.33874470873 1
1678233379502 44.8839059258518 1
1678233380058 44.37081767891522 1
1678233380615 43.8981023197676 1
1678233381172 43.59741028060294 1
1678233381747 43.11728527494544 1
1678233382317 42.91075245761596 1
1678233382873 42.47836055421494 1
1678233383429 42.284415383438805 1
1678233383985 41.90679388362835 1
1678233384541 41.687124558239226 1
1678233385096 41.361251239217374 1
1678233385652 41.15524874378657 1
1678233386208 40.85409113779564 1
1678233386787 40.619612237169264 1
1678233387430 40.37835520149257 1
1678233387988 40.11372057369534 1
1678233388547 39.90065745226221 1
1678233389103 39.642954956091124 1
1678233389660 39.42952529669572 1
1678233390217 39.183389944880275 1
1678233390773 38.95795809975743 1
1678233391331 38.72826471355532 1
1678233391903 38.500145623492564 1
1678233392466 38.274266627978626 1
1678233393024 38.04809532547201 1
1678233393580 37.82180214129678 1
1678233394138 37.59124687367868 1
1678233394694 37.3606758937336 1
1678233395252 37.14227700251991 1
1678233395809 36.90657366874522 1
1678233396368 36.683418126690285 1
1678233396943 36.446697813780304 1
1678233397505 36.22242591585923 1
1678233398061 35.99900719620922 1
1678233398617 35.765324649241265 1
1678233399173 35.53351053715 1
1678233399729 35.31109204288591 1
1678233400284 35.074709754599816 1
1678233400840 34.854666771595 1
1678233401400 34.621718110968395 1
1678233401972 34.40039266064376 1
1678233402535 34.17491497292726 1
1678233403096 33.956385102303805 1
1678233403653 33.7368348940603 1
1678233404210 33.51983029623998 1
1678233404766 33.30512745910101 1
1678233405322 33.09376317364502 1
1678233405877 32.879936282799235 1
1678233406437 32.66780543589924 1
1678233407009 32.45812960608038 1
1678233407569 32.251574844317545 1
1678233408126 32.04579006334592 1
1678233408681 31.833420419775972 1
1678233409237 31.632939708181933 1
1678233409793 31.42611589623606 1
1678233410349 31.224108135388693 1
1678233410905 31.025509090995893 1
1678233411562 30.829165960857193 1
1678233412136 30.617657676009284 1
1678233412722 30.43121786909117 1
1678233413279 30.21992332377358 1
1678233413836 30.028434574945184 1
1678233414393 29.833274327752818 1
1678233414950 29.635424103872822 1
1678233415506 29.460038058778288 1
1678233416063 29.272537659165362 1
1678233416631 29.093214736329784 1
1678233417208 28.919193229163042 1
1678233417771 28.742771770650613 1
1678233418328 28.57533926221862 1
1678233418885 28.403069202513446 1
1678233419442 28.23230846284418 1
1678233419999 28.07280141842343 1
1678233420556 27.91731759663336 1
1678233421113 27.763178893275974 1
1678233421682 27.61214324892414 1
1678233422257 27.466940450869018 1
1678233422821 27.32044925590798 1
1678233423377 27.17409726469727 1
1678233423934 27.03431805462404 1
1678233424491 26.89761121194669 1
1678233425046 26.765059791484514 1
1678233425602 26.635799435969478 1
1678233426158 26.51115507613695 1
1678233426725 26.38745996467407 1
1678233427296 26.263938721948964 1
1678233427852 26.146041187841742 1
1678233428408 26.033863023488873 1
1678233428964 25.925037766263692 1
1678233429520 25.822960290135722 1
1678233430076 25.72344973319209 1
1678233430632 25.62414370711061 1
1678233431189 25.530292885922005 1
1678233431756 25.449428472918882 1
1678233432325 25.358948561544157 1
1678233432883 25.262092597509294 1
1678233433440 25.1699433637177 1
1678233433997 25.087649260902428 1
1678233434555 25.003998878003156 1
1678233435112 24.928177645021105 1
1678233435668 24.858122106346205 1
1678233436225 24.78861015806732 1
1678233436793 24.71813296070998 1
1678233437433 24.64882493823303 1
1678233437991 24.581037575189526 1
1678233438548 24.511567613008722 1
1678233439105 24.45822452246472 1
1678233439662 24.412327795514447 1
1678233440219 24.361044933539002 1
1678233440776 24.29779879172282 1
1678233441332 24.235877260417688 1
1678233441902 24.191987301201056 1
1678233442469 24.156715807338966 1
1678233443025 24.11923688811508 1
1678233443582 24.07555494722853 1
1678233444137 24.031131897872992 1
1678233444693 24.001130213691983 1
1678233445250 23.96534379390117 1
1678233445805 23.916943019538106 1
1678233446361 23.881145088763187 1
1678233446933 23.85855382918907 1
1678233447501 23.831957573805497 1
1678233448059 23.802048542569267 1
1678233448617 23.776521717188007 1
1678233449174 23.747034883046076 1
1678233449731 23.71862804425286 1
1678233450288 23.70030623704326 1
1678233450845 23.666563395857562 1
1678233451427 23.630458486657016 1
1678233452031 23.612607674207865 1
1678233452598 23.591707630233874 1
1678233453156 23.571580485064956 1
1678233453713 23.54819201262248 1
1678233454280 23.521509408516085 1
1678233454845 23.499991373448974 1
1678233455409 23.478862311586322 1
1678233455973 23.453671504292245 1
1678233456542 23.431972283413977 1
1678233457119 23.413563018261456 1
1678233457687 23.38954002964892 1
1678233458243 23.37088151265526 1
1678233458800 23.355031995937193 1
1678233459357 23.325783505916785 1
1678233459913 23.302401742461566 1
1678233460469 23.27276837202877 1
1678233461026 23.244232821920185 1
1678233461593 23.229222636997488 1
1678233462170 23.19985161719766 1
1678233462733 23.17436043980685 1
1678233463383 23.154395454823437 1
1678233463942 23.118525219436197 1
1678233464500 23.073291080819466 1
1678233465059 23.035998208967154 1
1678233465616 23.01517691909985 1
1678233466172 22.983605554124402 1
1678233466742 22.938175296902998 1
1678233467316 22.907194377945395 1
1678233467874 22.891328914091577 1
1678233468431 22.85895503898484 1
1678233468987 22.82857159608254 1
1678233469542 22.809360259717707 1
1678233470099 22.794644756059842 1
1678233470655 22.781591114956694 1
1678233471210 22.764487547725444 1
1678233471780 22.748055702857854 1
1678233472354 22.73572508034108 1
1678233472915 22.723695600124568 1
1678233473473 22.71031812374122 1
1678233474030 22.6944378750206 1
1678233474586 22.682775036195064 1
1678233475142 22.674310074015246 1
1678233475699 22.664181378030673 1
1678233476255 22.65627107064907 1
1678233476827 22.64366125782313 1
1678233477400 22.634348538937168 1
1678233477959 22.62544116378171 1
1678233478515 22.615874680471215 1
1678233479072 22.610529028512772 1
