1678233310706 0.9923897555896214 1
1678233311368 0.9910606401307243 1
1678233311951 0.9892604947090149 1
1678233312525 0.9870610577719552 1
1678233313087 0.9845494968550546 1
1678233313644 0.9817080157143729 1
1678233314201 0.97842595406941 1
1678233314759 0.9745358739580426 1
1678233315315 0.969812103680202 1
1678233315872 0.9639625549316406 1
1678233316435 0.9566192882401603 1
1678233317005 0.9473215767315456 1
1678233317562 0.9354982546397618 1
1678233318119 0.9204284208161491 1
1678233318675 0.9011796542576381 1
1678233319231 0.8765219535146441 1
1678233319788 0.8448711207934788 1
1678233320344 0.8043399368013654 1
1678233320901 0.7529397181102208 1
1678233321466 0.6898384519985744 1
1678233322040 0.6227600063596453 1
1678233322608 0.56562887770789 1
1678233323176 0.5208976694515773 1
1678233323744 0.4952555511678968 1
1678233324308 0.49181788734027315 1
1678233324869 0.5068186606679644 1
1678233325426 0.5418702108519418 1
1678233325983 0.5883420365197318 1
1678233326553 0.6303862844194684 1
1678233327127 0.6580554757799421 1
1678233327695 0.66811489207404 1
1678233328263 0.6648524573871067 1
1678233328829 0.65526168687003 1
1678233329385 0.6449221117155892 1
1678233329941 0.6366872276578631 1
1678233330497 0.631170494215829 1
1678233331052 0.6278746128082275 1
1678233331621 0.6259297728538513 1
1678233332192 0.6245142987796238 1
1678233332760 0.6230585149356297 1
1678233333318 0.6212930423872811 1
1678233333877 0.619177690574101 1
1678233334444 0.6168097938810077 1
1678233335001 0.6143061944416591 1
1678233335630 0.6117585641997201 1
1678233336191 0.6092126880373273 1
1678233336764 0.6066718016351972 1
1678233337335 0.6040789570127215 1
1678233337902 0.6013324005263192 1
1678233338458 0.5982592020715986 1
1678233339014 0.5946118831634521 1
1678233339570 0.5901746068681989 1
1678233340126 0.5849951590810504 1
1678233340682 0.5791886619159153 1
1678233341240 0.5709590145519802 1
1678233341812 0.5517236505235944 1
1678233342382 0.5178217078958239 1
1678233342950 0.506802669593266 1
1678233343508 0.5199452766350338 1
1678233344065 0.5316115702901568 1
1678233344621 0.5305781832763127 1
1678233345177 0.5236690385001046 1
1678233345733 0.5190310307911464 1
1678233346293 0.5173682911055428 1
1678233346864 0.5162397963660104 1
1678233347433 0.5142683131354195 1
1678233347996 0.5118218447480883 1
1678233348557 0.5095172992774418 1
1678233349115 0.5073944074766976 1
1678233349671 0.5053995507104057 1
1678233350226 0.5034753552504948 1
1678233350782 0.5015731113297599 1
1678233351341 0.49957822050367084 1
1678233351913 0.49749624729156494 1
1678233352482 0.49539012142590116 1
1678233353048 0.4932488032749721 1
1678233353603 0.49105462431907654 1
1678233354159 0.4888803277696882 1
1678233354715 0.4867040514945984 1
1678233355271 0.4845282392842429 1
1678233355827 0.48238274455070496 1
1678233356388 0.48022790040288654 1
1678233356963 0.4780363823686327 1
1678233357527 0.4758188043321882 1
1678233358085 0.47359292422022137 1
1678233358641 0.4713650941848755 1
1678233359200 0.4691455066204071 1
1678233359756 0.46691332118851797 1
1678233360313 0.46464196699006216 1
1678233360868 0.4622935780457088 1
1678233361527 0.4598704193319593 1
1678233362103 0.45744223254067556 1
1678233362669 0.45503238695008413 1
1678233363226 0.4525797963142395 1
1678233363783 0.4501094477517264 1
1678233364342 0.4476186675684793 1
1678233364899 0.4450718207018716 1
1678233365455 0.4424762087208884 1
1678233366012 0.4397714989525931 1
1678233366577 0.4370257002966745 1
1678233367156 0.4342977660042899 1
1678233367722 0.43154547469956533 1
1678233368286 0.4287025843347822 1
1678233368849 0.4258728325366974 1
1678233369406 0.42304499234472004 1
1678233369963 0.42016620295388357 1
1678233370519 0.4172829176698412 1
1678233371076 0.414388154234205 1
1678233371643 0.41148367524147034 1
1678233372213 0.4085060315472739 1
1678233372776 0.40541796173368183 1
1678233373332 0.4021757883684976 1
1678233373889 0.3988004965441568 1
1678233374445 0.3953294200556619 1
1678233375001 0.39167623434747967 1
1678233375559 0.3876351841858455 1
1678233376125 0.38311881678445 1
1678233376695 0.378078179700034 1
1678233377261 0.371519216469356 1
1678233377833 0.36283194167273386 1
1678233378390 0.35042007906096323 1
1678233378947 0.33573910168239046 1
1678233379504 0.3307967356273106 1
1678233380060 0.33019337909562246 1
1678233380617 0.3218288464205606 1
1678233381174 0.32259236914770945 1
1678233381748 0.3165714996201651 1
1678233382319 0.31611436179706026 1
1678233382875 0.3138610635484968 1
1678233383431 0.3098858254296439 1
1678233383987 0.30847868749073576 1
1678233384542 0.30685710481234957 1
1678233385098 0.30400873507772175 1
1678233385654 0.301652193069458 1
1678233386210 0.29889288544654846 1
1678233386789 0.2954235374927521 1
1678233387431 0.29389624084745136 1
1678233387990 0.29046901634761263 1
1678233388548 0.2889669026647295 1
1678233389105 0.2861566799027579 1
1678233389662 0.2838297316006252 1
1678233390218 0.281303482396262 1
1678233390775 0.2782171496323177 1
1678233391333 0.2760503462382725 1
1678233391905 0.27312917581626345 1
1678233392468 0.27051623804228647 1
1678233393026 0.2679846925394876 1
1678233393582 0.2653710586684091 1
1678233394140 0.26268112659454346 1
1678233394696 0.25911117025784086 1
1678233395254 0.25695570026125225 1
1678233395811 0.2543201105935233 1
1678233396372 0.25197015915598187 1
1678233396945 0.24894261360168457 1
1678233397507 0.24610732921532222 1
1678233398063 0.24373295264584677 1
1678233398619 0.24138706071036203 1
1678233399175 0.23902247846126556 1
1678233399730 0.23648837847369059 1
1678233400286 0.23383681050368718 1
1678233400842 0.23158436162131174 1
1678233401401 0.22901654030595506 1
1678233401974 0.22628983429500035 1
1678233402537 0.22364885253565653 1
1678233403097 0.22101305425167084 1
1678233403655 0.218546667269298 1
1678233404211 0.21606991972242082 1
1678233404767 0.21375295519828796 1
1678233405323 0.211126018847738 1
1678233405879 0.20880007105214254 1
1678233406439 0.2067501779113497 1
1678233407011 0.204361658011164 1
1678233407571 0.2026922106742859 1
1678233408127 0.20036579455648149 1
1678233408683 0.19873520519052232 1
1678233409239 0.19679357962948935 1
1678233409794 0.19506355694362096 1
1678233410350 0.1930131699357714 1
1678233410907 0.1914998037474496 1
1678233411564 0.18980582058429718 1
1678233412165 0.18843766834054673 1
1678233412723 0.18668566857065474 1
1678233413281 0.1855824589729309 1
1678233413838 0.18432504577296122 1
1678233414394 0.18265071298394883 1
1678233414951 0.18131608622414724 1
1678233415508 0.17964590447289602 1
1678233416065 0.17841542618615286 1
1678233416633 0.1772898350443159 1
1678233417209 0.1760979528938021 1
1678233417773 0.17498301821095602 1
1678233418330 0.17402397309030807 1
1678233418887 0.17290791230542318 1
1678233419444 0.17211769946983882 1
1678233420001 0.17122024936335428 1
1678233420557 0.17013967675822123 1
1678233421115 0.16920298763683864 1
1678233421684 0.16841609350272588 1
1678233422259 0.16774848529270717 1
1678233422822 0.16674243765217917 1
1678233423379 0.16583408415317535 1
1678233423936 0.16507806948253087 1
1678233424492 0.1643754541873932 1
1678233425048 0.1636635022503989 1
1678233425604 0.16301908237593515 1
1678233426160 0.16234809373106276 1
1678233426727 0.16171320634228842 1
1678233427297 0.1610959427697318 1
1678233427854 0.1604488981621606 1
1678233428410 0.15980127240930284 1
1678233428966 0.1591040768793651 1
1678233429522 0.15853294304439 1
1678233430078 0.1579438362802778 1
1678233430634 0.15732604690960475 1
1678233431191 0.15684353879519872 1
1678233431758 0.1564146876335144 1
1678233432327 0.15589481379304612 1
1678233432884 0.15529245351042067 1
1678233433442 0.15480826369353703 1
1678233433999 0.1543725324528558 1
1678233434557 0.1537912424121584 1
1678233435114 0.15323670634201594 1
1678233435670 0.1526652170079095 1
1678233436227 0.15214930049010686 1
1678233436795 0.15162332781723567 1
1678233437435 0.15111708428178514 1
1678233437992 0.1506528045449938 1
1678233438550 0.1500276838030134 1
1678233439107 0.14953699495111192 1
1678233439664 0.149100803903171 1
1678233440221 0.14863595153604234 1
1678233440778 0.1481101938656398 1
1678233441333 0.1475414058991841 1
1678233441904 0.14706256559916905 1
1678233442471 0.14666934737137385 1
1678233443027 0.14628803730010986 1
1678233443583 0.14591317730290548 1
1678233444139 0.14536176834787642 1
1678233444695 0.1450003640992301 1
1678233445251 0.14464778985295976 1
1678233445807 0.14421193727425166 1
1678233446363 0.14384319952556066 1
1678233446935 0.14351452035563333 1
1678233447503 0.14313527303082602 1
1678233448061 0.1427429680313383 1
1678233448618 0.14240821131638118 1
1678233449176 0.14201938893113816 1
1678233449733 0.14167684955256327 1
1678233450290 0.1414192510502679 1
1678233450846 0.1410742998123169 1
1678233451455 0.1406789251736232 1
1678233452033 0.14043366696153367 1
1678233452600 0.14009164486612594 1
1678233453158 0.13975367162908828 1
1678233453715 0.1393463909626007 1
1678233454281 0.13889346591063909 1
1678233454847 0.1384734617812293 1
1678233455411 0.13806304867778504 1
1678233455975 0.1376258677669934 1
1678233456543 0.1371902280620166 1
1678233457121 0.13682360734258378 1
1678233457688 0.13642644669328416 1
1678233458245 0.13601272233894893 1
1678233458802 0.13562623304980143 1
1678233459358 0.13521294827972138 1
1678233459915 0.1348558110850198 1
1678233460471 0.13448904561144964 1
1678233461028 0.13404115183012827 1
1678233461595 0.1337013446858951 1
1678233462172 0.13325654608862741 1
1678233462735 0.1328487257872309 1
1678233463385 0.13247439371688025 1
1678233463944 0.13208039424249104 1
1678233464502 0.13172797858715057 1
1678233465060 0.13137522020510264 1
1678233465618 0.13106933768306459 1
1678233466174 0.13075471350124904 1
1678233466744 0.13036760687828064 1
1678233467318 0.1300057747534343 1
1678233467876 0.12979898708207266 1
1678233468433 0.12949081084557942 1
1678233468988 0.12927008526665823 1
1678233469544 0.1290472713964326 1
1678233470101 0.12880293492759978 1
1678233470656 0.12859272956848145 1
1678233471212 0.1284335351416043 1
1678233471782 0.12829520127602986 1
1678233472355 0.12817649223974772 1
1678233472917 0.12805500413690293 1
1678233473475 0.12791339946644648 1
1678233474032 0.12776902743748256 1
1678233474588 0.12766265124082565 1
1678233475144 0.12757459815059388 1
1678233475701 0.12743143630879267 1
1678233476257 0.12735967763832637 1
1678233476829 0.1272420191339084 1
1678233477402 0.12713160152946199 1
1678233477961 0.12701871352536337 1
1678233478517 0.1268704714519637 1
1678233479073 0.1268222459724971 1
