1678233310654 24912.989397321428 1
1678233311364 24875.327566964286 1
1678233311948 24824.081194196428 1
1678233312522 24761.206473214286 1
1678233313083 24689.42159598214 1
1678233313641 24608.459542410714 1
1678233314198 24515.10379464286 1
1678233314755 24404.668526785714 1
1678233315312 24270.832589285714 1
1678233315868 24105.474051339286 1
1678233316431 23898.678571428572 1
1678233317001 23638.334542410714 1
1678233317559 23309.66629464286 1
1678233318115 22894.494140625 1
1678233318671 22369.85965401786 1
1678233319228 21706.484375 1
1678233319784 20869.243582589286 1
1678233320341 19822.0078125 1
1678233320897 18538.165457589286 1
1678233321462 17013.056222098214 1
1678233322036 15272.30580357143 1
1678233322604 13372.03794642857 1
1678233323172 11396.622488839286 1
1678233323740 9458.348842075893 1
1678233324304 7693.585728236607 1
1678233324866 6244.674176897322 1
1678233325422 5218.91179547991 1
1678233325979 4635.441301618303 1
1678233326549 4395.21711077009 1
1678233327124 4328.063825334822 1
1678233327691 4299.432163783482 1
1678233328259 4262.25732421875 1
1678233328825 4221.622698102678 1
1678233329382 4187.0556640625 1
1678233329937 4158.688860212053 1
1678233330493 4132.842668805803 1
1678233331049 4107.107003348215 1
1678233331617 4081.0126953125 1
1678233332188 4054.842529296875 1
1678233332756 4028.8464704241073 1
1678233333314 4003.1788155691966 1
1678233333873 3977.8808942522323 1
1678233334440 3952.942452566964 1
1678233334998 3928.294852120536 1
1678233335626 3903.8271833147323 1
1678233336187 3879.4652971540177 1
1678233336760 3855.1486467633927 1
1678233337331 3830.6459612165177 1
1678233337898 3805.6598772321427 1
1678233338455 3779.5937151227677 1
1678233339010 3751.6358468191966 1
1678233339566 3721.098074776786 1
1678233340122 3688.0811941964284 1
1678233340679 3651.8835797991073 1
1678233341236 3602.4874441964284 1
1678233341808 3503.4554617745534 1
1678233342378 3387.6174665178573 1
1678233342946 3355.070068359375 1
1678233343504 3312.866280691964 1
1678233344061 3288.188790457589 1
1678233344617 3267.752999441964 1
1678233345173 3248.0146135602677 1
1678233345729 3230.6889997209823 1
1678233346289 3213.2358049665177 1
1678233346860 3196.106375558036 1
1678233347429 3179.129324776786 1
1678233347993 3162.1793387276784 1
1678233348554 3145.1731305803573 1
1678233349111 3128.053885323661 1
1678233349667 3110.7873186383927 1
1678233350223 3093.390938895089 1
1678233350778 3075.85986328125 1
1678233351337 3058.3265555245534 1
1678233351909 3040.8040945870534 1
1678233352478 3023.338936941964 1
1678233353044 3005.8970075334823 1
1678233353600 2988.4700753348216 1
1678233354156 2970.9998953683034 1
1678233354711 2953.4903390066966 1
1678233355267 2935.9712262834823 1
1678233355823 2918.4550432477677 1
1678233356385 2900.91796875 1
1678233356959 2883.370535714286 1
1678233357523 2865.840645926339 1
1678233358081 2848.309151785714 1
1678233358638 2830.734200613839 1
1678233359196 2813.123046875 1
1678233359753 2795.4957449776784 1
1678233360309 2777.8283342633927 1
1678233360865 2760.115897042411 1
1678233361523 2742.35107421875 1
1678233362099 2724.562186104911 1
1678233362666 2706.695975167411 1
1678233363223 2688.808279854911 1
1678233363779 2670.861502511161 1
1678233364338 2652.8250558035716 1
1678233364895 2634.6565290178573 1
1678233365452 2616.350272042411 1
1678233366008 2597.8324148995534 1
1678233366574 2579.0686383928573 1
1678233367152 2560.073067801339 1
1678233367719 2540.7953055245534 1
1678233368282 2521.273611886161 1
1678233368846 2501.5994698660716 1
1678233369403 2481.7675432477677 1
1678233369959 2461.7974679129466 1
1678233370516 2441.715157645089 1
1678233371072 2421.5036097935267 1
1678233371639 2401.161952427455 1
1678233372209 2380.7835518973216 1
1678233372772 2360.3544573102677 1
1678233373329 2339.8546142578125 1
1678233373885 2319.30264718192 1
1678233374441 2298.589861188616 1
1678233374998 2277.763253348214 1
1678233375553 2256.4018205915177 1
1678233376121 2234.3845738002233 1
1678233376691 2211.34627859933 1
1678233377257 2185.190673828125 1
1678233377830 2153.7433035714284 1
1678233378386 2108.758946010045 1
1678233378943 2055.6017717633927 1
1678233379500 2014.5650111607142 1
1678233380056 1968.7694614955358 1
1678233380613 1927.0433872767858 1
1678233381170 1900.7341831752233 1
1678233381745 1859.1002894810267 1
1678233382315 1841.3326764787946 1
1678233382871 1804.4111153738838 1
1678233383428 1787.9717843191963 1
1678233383983 1756.1793736049108 1
1678233384539 1737.8163539341517 1
1678233385095 1710.7531040736608 1
1678233385650 1693.7544991629463 1
1678233386206 1669.0567626953125 1
1678233386785 1649.9528982979912 1
1678233387428 1630.4115687779017 1
1678233387986 1609.1105782645088 1
1678233388545 1592.062465122768 1
1678233389101 1571.5638776506696 1
1678233389658 1554.687465122768 1
1678233390215 1535.3380475725446 1
1678233390771 1517.7224993024554 1
1678233391330 1499.8784877232142 1
1678233391901 1482.2612130301338 1
1678233392465 1464.9194859095983 1
1678233393022 1447.6575578962054 1
1678233393578 1430.4887172154017 1
1678233394136 1413.101841517857 1
1678233394693 1395.820103236607 1
1678233395250 1379.5487409319196 1
1678233395807 1362.095179966518 1
1678233396366 1345.6731654575892 1
1678233396941 1328.361781529018 1
1678233397504 1312.0641392299108 1
1678233398060 1295.9285191127233 1
1678233398616 1279.158447265625 1
1678233399171 1262.63037109375 1
1678233399727 1246.8732212611608 1
1678233400282 1230.2352643694196 1
1678233400838 1214.8477957589287 1
1678233401398 1198.663364955357 1
1678233401970 1183.3870152064733 1
1678233402533 1167.924813406808 1
1678233403094 1153.03608921596 1
1678233403651 1138.174028669085 1
1678233404208 1123.5790230887276 1
1678233404764 1109.2315150669642 1
1678233405320 1095.1971609933037 1
1678233405876 1081.0902099609375 1
1678233406435 1067.185511997768 1
1678233407007 1053.5301775251116 1
1678233407568 1040.1640799386162 1
1678233408124 1026.93266078404 1
1678233408679 1013.3666556222098 1
1678233409235 1000.6428745814732 1
1678233409791 987.6007603236607 1
1678233410347 974.9449288504464 1
1678233410903 962.5822143554688 1
1678233411560 950.4374738420759 1
1678233412134 937.4409615652902 1
1678233412720 926.0590209960938 1
1678233413277 913.2437656947544 1
1678233413834 901.7068830217634 1
1678233414391 890.0242571149554 1
1678233414948 878.2583618164062 1
1678233415504 867.8938424246652 1
1678233416061 856.8814610072544 1
1678233416629 846.4151436941964 1
1678233417206 836.3197370256696 1
1678233417769 826.1469290597098 1
1678233418326 816.5500139508929 1
1678233418883 806.7343401227679 1
1678233419440 797.0632411411831 1
1678233419997 788.0821794782366 1
1678233420554 779.3766217912946 1
1678233421111 770.7941022600446 1
1678233421680 762.4304547991071 1
1678233422255 754.4328177315848 1
1678233422819 746.4069475446429 1
1678233423375 738.4315621512277 1
1678233423932 730.8543526785714 1
1678233424489 723.4814889090402 1
1678233425045 716.368425641741 1
1678233425600 709.4658115931919 1
1678233426156 702.8413434709821 1
1678233426723 696.2980433872768 1
1678233427294 689.7944771902902 1
1678233427850 683.6154697963169 1
1678233428406 677.7620239257812 1
1678233428962 672.1075831821987 1
1678233429519 666.8252781459263 1
1678233430075 661.6958661760602 1
1678233430631 656.5967407226562 1
1678233431187 651.7958548409598 1
1678233431754 647.6734095982143 1
1678233432323 643.0762721470425 1
1678233432881 638.173322405134 1
1678233433438 633.5260489327567 1
1678233433996 629.3901454380581 1
1678233434554 625.1999598911831 1
1678233435110 621.41404070173 1
1678233435667 617.9262346540179 1
1678233436223 614.4751935686384 1
1678233436791 610.9860970633371 1
1678233437431 607.5645708356585 1
1678233437989 604.2274082728794 1
1678233438546 600.8169468470982 1
1678233439103 598.2047467912946 1
1678233439660 595.9617483956473 1
1678233440217 593.4605102539062 1
1678233440774 590.3830261230469 1
1678233441330 587.3777465820312 1
1678233441900 585.2522495814732 1
1678233442467 583.5469185965402 1
1678233443024 581.7375880650112 1
1678233443580 579.63234601702 1
1678233444135 577.4953002929688 1
1678233444691 576.0542515345982 1
1678233445248 574.3377031598773 1
1678233445804 572.0201633998325 1
1678233446359 570.3090907505581 1
1678233446931 569.2305908203125 1
1678233447499 567.9622017996652 1
1678233448057 566.5375148228237 1
1678233448615 565.3229849679129 1
1678233449172 563.9216657366071 1
1678233449729 562.5733163016183 1
1678233450286 561.7045157296317 1
1678233450843 560.106222970145 1
1678233451400 558.3985682896206 1
1678233452029 557.5552411760602 1
1678233452596 556.5686689104352 1
1678233453154 555.619406563895 1
1678233453711 554.5173470633371 1
1678233454278 553.2614048549107 1
1678233454843 552.2495945521763 1
1678233455407 551.2569754464286 1
1678233455971 550.07470703125 1
1678233456540 549.0573250906808 1
1678233457117 548.1949332101004 1
1678233457684 547.0705827985491 1
1678233458242 546.1981026785714 1
1678233458798 545.45751953125 1
1678233459355 544.0921761648996 1
1678233459911 543.0019269670759 1
1678233460467 541.6217476981027 1
1678233461024 540.2943594796317 1
1678233461591 539.5967843191964 1
1678233462168 538.2331150599888 1
1678233462731 537.0509817940848 1
1678233463381 536.1260288783482 1
1678233463940 534.4662083217075 1
1678233464498 532.3767613002232 1
1678233465057 530.6572134835379 1
1678233465614 529.6983686174665 1
1678233466170 528.2461242675781 1
1678233466740 526.1598859514509 1
1678233467314 524.7395542689732 1
1678233467872 524.012939453125 1
1678233468429 522.5318254743304 1
1678233468985 521.1436811174665 1
1678233469541 520.2669154575893 1
1678233470097 519.5958295549665 1
1678233470653 519.0008937290737 1
1678233471209 518.2218933105469 1
1678233471778 517.4740382603237 1
1678233472352 516.9131949288504 1
1678233472914 516.3663417271206 1
1678233473471 515.758549281529 1
1678233474028 515.0375104631696 1
1678233474585 514.508283342634 1
1678233475141 514.1243373325893 1
1678233475697 513.6651175362723 1
1678233476254 513.30661882673 1
1678233476825 512.7353951590402 1
1678233477398 512.3137337820871 1
1678233477957 511.9105878557478 1
1678233478513 511.47778756277904 1
1678233479070 511.23602294921875 1
