1678023497545 10.92827376724881 1
1678023498678 0.48464077680963996 1
1678023499803 0.5042739371318822 1
1678023500907 0.5760218767288663 1
1678023502008 0.6070561777632723 1
1678023503160 0.5421147637631741 1
1678023504281 0.5625853211603098 1
1678023505399 0.6022829208402993 1
1678023506515 0.6397524818390331 1
1678023507654 0.7557521900932841 1
1678023508800 0.8478954226327309 1
1678023509899 0.8765964178904367 1
1678023510997 0.8698937816504507 1
1678023512117 0.8451940576195425 1
1678023513280 0.8048439705598722 1
1678023514383 0.7406710220860867 1
1678023515497 0.6394490650238394 1
1678023516628 0.5188669677286707 1
1678023517778 0.4638874899328345 1
1678023518925 0.4559403855705361 1
1678023520050 0.45748982154071904 1
1678023521147 0.3937956568361077 1
1678023522244 0.365238770626197 1
1678023523414 0.3340685377642303 1
1678023524512 0.34636961448543596 1
1678023525624 0.34827664434043043 1
1678023526746 0.314178903263611 1
1678023527929 0.36473410385070876 1
1678023529091 0.3885794932477449 1
1678023530228 0.41196632056373844 1
1678023531357 0.45445889534891004 1
1678023532500 0.48210624715232675 1
1678023533666 0.47522186021657264 1
1678023534796 0.47297446299679974 1
1678023535926 0.46975713311628986 1
1678023537057 0.46786291169126676 1
1678023538235 0.46620744601766617 1
1678023539357 0.4646989915394049 1
