1678023497546 0.1613882676411037 1
1678023498679 0.022133723541084574 1
1678023499804 0.02181863605053486 1
1678023500908 0.022750275401032975 1
1678023502009 0.023326849765100768 1
1678023503161 0.021257772295361507 1
1678023504282 0.02071576121929058 1
1678023505400 0.021453118900481228 1
1678023506516 0.021917169260853363 1
1678023507655 0.0242271618134229 1
1678023508801 0.026329034806673077 1
1678023509900 0.02686659009065305 1
1678023510998 0.0265253454895046 1
1678023512118 0.025724992826232845 1
1678023513281 0.024583962030064698 1
1678023514384 0.022930710332764087 1
1678023515498 0.020412445353413713 1
1678023516629 0.017405092298427474 1
1678023517780 0.016323430489783533 1
1678023518926 0.0159148176692461 1
1678023520051 0.01578663614421874 1
1678023521148 0.014224279093094797 1
1678023522245 0.013210974586909967 1
1678023523415 0.012348869730605283 1
1678023524513 0.012385642367075676 1
1678023525625 0.012143315331766678 1
1678023526747 0.011270385309531589 1
1678023527930 0.012248318315979756 1
1678023529092 0.012366745842916665 1
1678023530229 0.01209972460023084 1
1678023531359 0.012206903301945356 1
1678023532502 0.012349240138047488 1
1678023533667 0.011977284763739488 1
1678023534797 0.011785562331875282 1
1678023535927 0.011632748334407458 1
1678023537058 0.01154027159421522 1
1678023538236 0.01147553680690928 1
1678023539358 0.011441374037667203 1
