1678023497543 119.42716753193848 1
1678023498677 0.23487668254665126 1
1678023499801 0.25429220367048944 1
1678023500905 0.3318012024702452 1
1678023502006 0.36851720296055357 1
1678023503159 0.2938884170900021 1
1678023504279 0.31650224358504897 1
1678023505398 0.3627447167359223 1
1678023506513 0.40928323801920236 1
1678023507653 0.5711613728307954 1
1678023508799 0.7189266477215374 1
1678023509897 0.7684212798583452 1
1678023510995 0.7567151913541221 1
1678023512116 0.7143529950353865 1
1678023513279 0.6477738169465805 1
1678023514382 0.5485935629580483 1
1678023515495 0.40889510675986235 1
1678023516627 0.26922293019994537 1
1678023517777 0.21519160331618564 1
1678023518924 0.20788163519420913 1
1678023520049 0.20929693681335895 1
1678023521146 0.15507501934298148 1
1678023522243 0.1333993595685357 1
1678023523412 0.11160178792393097 1
1678023524510 0.11997190983878954 1
1678023525623 0.12129662099303068 1
1678023526744 0.09870838325592542 1
1678023527927 0.1330309665117796 1
1678023529090 0.15099402257267422 1
1678023530226 0.1697162492788249 1
1678023531356 0.2065328875617516 1
1678023532499 0.23242643354330036 1
1678023533664 0.22583581642769973 1
1678023534794 0.2237048426471111 1
1678023535925 0.22067176411363565 1
1678023537055 0.21889570413623005 1
1678023538233 0.2173493827223151 1
1678023539356 0.2159451527377399 1
