1678282232929 28.967036863979192 1
1678282233498 28.56264897194661 1
1678282234056 28.132912918355316 1
1678282234613 27.67251180248561 1
1678282235169 27.17525846248367 1
1678282235724 26.633943771022555 1
1678282236280 26.040598769026836 1
1678282236835 25.38677563540491 1
1678282237420 24.66415600659907 1
1678282238003 23.86499370689842 1
1678282238567 22.983508435003213 1
1678282239122 22.01731617138892 1
1678282239679 20.97020003186415 1
1678282240235 19.857340546081645 1
1678282240792 18.71203128793023 1
1678282241348 17.593500530000703 1
1678282241904 16.58926336693758 1
1678282242495 15.797398391295788 1
1678282243079 15.276073812825897 1
1678282243635 14.993270817845028 1
1678282244191 14.843879155335667 1
1678282244748 14.731651957206067 1
1678282245304 14.619926271206097 1
1678282245860 14.511518817119171 1
1678282246416 14.412729882382724 1
1678282246974 14.32187867417096 1
1678282247569 14.234829736713785 1
1678282248149 14.149675770510601 1
1678282248709 14.06633186570367 1
1678282249266 13.985263854059452 1
1678282249824 13.906645400302693 1
1678282250380 13.830523636169447 1
1678282250935 13.756609786983626 1
1678282251564 13.68440226458601 1
1678282252131 13.613412231640831 1
1678282252723 13.54326748171702 1
1678282253290 13.47356308818993 1
1678282253845 13.403808534035239 1
1678282254400 13.333666424904898 1
1678282254954 13.262922375949968 1
1678282255509 13.191392369329387 1
1678282256072 13.119045354823 1
1678282256631 13.045792883775917 1
1678282257201 12.97152366195212 1
1678282257787 12.896182260576925 1
1678282258358 12.81973166722031 1
1678282258924 12.74208819252162 1
1678282259480 12.663462192880704 1
1678282260037 12.583590049855774 1
1678282260593 12.502499226996095 1
1678282261147 12.42003141502337 1
1678282261701 12.3359991700372 1
1678282262274 12.249581332601105 1
1678282262862 12.160825856495016 1
1678282263419 12.069193577500885 1
1678282263975 11.974241767540255 1
1678282264531 11.875850377431977 1
1678282265087 11.773842550309725 1
1678282265641 11.668258226268273 1
1678282266195 11.558808881232528 1
1678282266749 11.44508333167388 1
1678282267323 11.327593169858861 1
1678282267909 11.20666275364525 1
1678282268468 11.082088981073506 1
1678282269024 10.954609992775634 1
1678282269579 10.824570210129648 1
1678282270134 10.692535667272029 1
1678282270689 10.558588279060206 1
1678282271244 10.422606611850005 1
1678282271798 10.285402361363522 1
1678282272374 10.14670326335636 1
1678282272969 10.006462134540161 1
1678282273538 9.864905552692653 1
1678282274104 9.722148309889466 1
1678282274670 9.577437558170978 1
1678282275231 9.42987769024601 1
1678282275879 9.278785367316006 1
1678282276436 9.121833804387627 1
1678282276992 8.956567719134535 1
1678282277579 8.779022135876753 1
1678282278160 8.582549392236142 1
1678282278718 8.359887484029935 1
1678282279275 8.10086324353938 1
1678282279830 7.791453934405944 1
1678282280384 7.430284533150974 1
1678282280939 7.0328120552203535 1
1678282281494 6.611234568867486 1
1678282282052 6.226314131519462 1
1678282282638 5.975778919075101 1
1678282283215 5.876827477529752 1
1678282283772 5.8400571154434795 1
1678282284328 5.832022840212576 1
1678282284883 5.820864891692006 1
1678282285437 5.810189392889874 1
1678282285991 5.801017658797941 1
1678282286545 5.784138244508409 1
1678282287107 5.779659803696361 1
1678282287698 5.7765618245307095 1
1678282288274 5.773727577837722 1
