1678282232932 0.7345078757831028 1
1678282233500 0.7160570451191494 1
1678282234058 0.6976976990699768 1
1678282234615 0.6791636773518154 1
1678282235170 0.661452054977417 1
1678282235726 0.6436817986624581 1
1678282236281 0.6263754452977862 1
1678282236837 0.6096897550991603 1
1678282237422 0.5941053884369987 1
1678282238004 0.5806384682655334 1
1678282238568 0.5702552965709141 1
1678282239124 0.5638285449572972 1
1678282239681 0.5628348163196019 1
1678282240237 0.5697669812611171 1
1678282240793 0.5840545041220528 1
1678282241350 0.6075184345245361 1
1678282241906 0.641151888029916 1
1678282242497 0.6822252784456525 1
1678282243081 0.7243511506489345 1
1678282243637 0.759303867816925 1
1678282244193 0.7803954652377537 1
1678282244750 0.7860508220536369 1
1678282245306 0.7803347110748291 1
1678282245862 0.7694782614707947 1
1678282246418 0.758259083543505 1
1678282246976 0.7490562541144234 1
1678282247570 0.7423335824693952 1
1678282248151 0.7375507865633283 1
1678282248710 0.7338645373071943 1
1678282249268 0.7305031589099339 1
1678282249825 0.7270099861281258 1
1678282250381 0.7232077121734619 1
1678282250937 0.7191520162991115 1
1678282251566 0.7149791376931327 1
1678282252133 0.7108209388596671 1
1678282252724 0.7067659071513585 1
1678282253292 0.7028242605073112 1
1678282253847 0.6989204117230007 1
1678282254401 0.6949789438928876 1
1678282254956 0.6909536974770683 1
1678282255511 0.6868217417172023 1
1678282256073 0.6825936181204659 1
1678282256633 0.6782764196395874 1
1678282257203 0.673876200403486 1
1678282257789 0.6693856205259051 1
1678282258360 0.6648236768586295 1
1678282258926 0.6601799045290265 1
1678282259482 0.6554763998304095 1
1678282260039 0.6506942510604858 1
1678282260595 0.6458185059683663 1
1678282261149 0.6408289670944214 1
1678282261703 0.6357522691999163 1
1678282262276 0.6304957526070731 1
1678282262864 0.6250654714448112 1
1678282263421 0.6195062654359 1
1678282263976 0.6137550132615226 1
1678282264533 0.6077698213713509 1
1678282265088 0.6015781334468296 1
1678282265643 0.5951865315437317 1
1678282266197 0.5885694282395499 1
1678282266751 0.5816664057118552 1
1678282267324 0.5744945917810712 1
1678282267911 0.5671721483979907 1
1678282268469 0.559557488986424 1
1678282269026 0.5517200742449079 1
1678282269581 0.5437117687293461 1
1678282270136 0.5355277444635119 1
1678282270690 0.5272014013358525 1
1678282271245 0.5186071991920471 1
1678282271800 0.509881683758327 1
1678282272375 0.5010929533413478 1
1678282272972 0.4921274951526097 1
1678282273540 0.4829022799219404 1
1678282274106 0.4735367936747415 1
1678282274672 0.4639748292309897 1
1678282275233 0.4539573533194406 1
1678282275880 0.443431807415826 1
1678282276438 0.4321692075048174 1
1678282276994 0.4197862999779837 1
1678282277581 0.4057207703590393 1
1678282278162 0.3890243555818285 1
1678282278720 0.36847820026533945 1
1678282279276 0.34264805912971497 1
1678282279831 0.30916149275643484 1
1678282280386 0.2692405879497528 1
1678282280941 0.2291008404323033 1
1678282281496 0.19921920342104776 1
1678282282054 0.18000245094299316 1
1678282282640 0.17181826063564845 1
1678282283217 0.16870195525033133 1
1678282283774 0.1681369287627084 1
1678282284330 0.16797140453542983 1
1678282284884 0.167788850409644 1
1678282285439 0.1674917255129133 1
1678282285993 0.16718639859131404 1
1678282286547 0.16585042221205576 1
1678282287109 0.16655107694012777 1
1678282287700 0.1670609095266887 1
1678282288276 0.16700115161282675 1
