1678282232926 839.0892246791294 1
1678282233496 815.8249162946429 1
1678282234054 791.4607892717634 1
1678282234611 765.7679094587054 1
1678282235167 738.4946725027902 1
1678282235722 709.366960797991 1
1678282236278 678.1127842494419 1
1678282236833 644.4883771623884 1
1678282237418 608.3205915178571 1
1678282238001 569.5379246303013 1
1678282238565 528.2416599818638 1
1678282239120 484.76221139090404 1
1678282239677 439.7492893763951 1
1678282240234 394.313973563058 1
1678282240790 350.1401149204799 1
1678282241346 309.531260899135 1
1678282241902 275.2036590576172 1
1678282242493 249.55779593331474 1
1678282243077 233.35843113490515 1
1678282243633 224.7981698172433 1
1678282244189 220.3407483782087 1
1678282244746 217.02156938825334 1
1678282245302 213.74224417550224 1
1678282245858 210.5841783796038 1
1678282246414 207.7267826625279 1
1678282246972 205.11620875767298 1
1678282247567 202.63037763323103 1
1678282248147 200.21332441057478 1
1678282248707 197.86169215611048 1
1678282249265 195.58760506766183 1
1678282249822 193.39478628976005 1
1678282250378 191.28338405064173 1
1678282250933 189.2443128313337 1
1678282251562 187.2628653390067 1
1678282252129 185.32499258858817 1
1678282252720 183.4200940813337 1
1678282253288 181.53690229143416 1
1678282253843 179.6620832170759 1
1678282254398 177.78666033063615 1
1678282254952 175.90510995047433 1
1678282255507 174.01283264160156 1
1678282256070 172.1093510219029 1
1678282256630 170.19271196637834 1
1678282257199 168.2604261125837 1
1678282257785 166.31151689801897 1
1678282258356 164.34552001953125 1
1678282258922 162.3608115059989 1
1678282259479 160.36327471051897 1
1678282260035 158.34673854282923 1
1678282260591 156.31248692103796 1
1678282261146 154.2571803501674 1
1678282261700 152.1768755231585 1
1678282262272 150.05224282400948 1
1678282262860 147.88568551199776 1
1678282263417 145.6654336111886 1
1678282263973 143.38246590750558 1
1678282264529 141.03582218715124 1
1678282265084 138.6233683994838 1
1678282265639 136.14825003487724 1
1678282266193 133.60606275285994 1
1678282266748 130.98993246895927 1
1678282267321 128.31436702183314 1
1678282267907 125.58929007393974 1
1678282268466 122.8126961844308 1
1678282269023 120.00348009381976 1
1678282269577 117.17132023402623 1
1678282270132 114.33031899588448 1
1678282270687 111.48378644670758 1
1678282271242 108.63072858537946 1
1678282271796 105.7895017351423 1
1678282272372 102.95558711460659 1
1678282272957 100.12928444998605 1
1678282273536 97.31636156354632 1
1678282274102 94.52016775948661 1
1678282274668 91.72731018066406 1
1678282275229 88.92259325299945 1
1678282275877 86.09585789271763 1
1678282276434 83.20785195486886 1
1678282276990 80.22010530744281 1
1678282277577 77.07122966221401 1
1678282278158 73.660154070173 1
1678282278716 69.88771874564034 1
1678282279273 65.62398529052734 1
1678282279828 60.70675441196987 1
1678282280382 55.20912824358259 1
1678282280937 49.460445404052734 1
1678282281492 43.70842252458845 1
1678282282050 38.76698766435896 1
1678282282636 35.709933689662385 1
1678282283213 34.53710120064871 1
1678282283770 34.10626711164202 1
1678282284326 34.01249040876116 1
1678282284881 33.88246808733259 1
1678282285435 33.75830078125 1
1678282285990 33.65180587768555 1
1678282286544 33.45625523158482 1
1678282287105 33.40446744646345 1
1678282287696 33.36866651262556 1
1678282288273 33.33593014308384 1
