1678282486319 160.4701457895896 1
1678282486933 160.4701457895896 1
1678282487572 160.4701457895896 1
1678282488214 160.4701457895896 1
1678282488833 160.4701457895896 1
1678282489445 160.4701457895896 1
1678282490055 160.4701457895896 1
1678282490664 160.4701457895896 1
1678282491274 160.4701457895896 1
1678282491884 160.4701457895896 1
1678282492517 160.4701457895896 1
1678282493159 160.4701457895896 1
1678282493781 160.4701457895896 1
1678282494404 160.4701457895896 1
1678282495015 160.4701457895896 1
1678282495624 160.4701457895896 1
1678282496234 160.4701457895896 1
1678282496844 160.4701457895896 1
1678282497477 160.4701457895896 1
