1678282486322 0.9999999914850507 1
1678282486935 0.9999999914850507 1
1678282487574 0.9999999914850507 1
1678282488216 0.9999999914850507 1
1678282488835 0.9999999914850507 1
1678282489447 0.9999999914850507 1
1678282490057 0.9999999914850507 1
1678282490666 0.9999999914850507 1
1678282491276 0.9999999914850507 1
1678282491886 0.9999999914850507 1
1678282492519 0.9999999914850507 1
1678282493161 0.9999999914850507 1
1678282493784 0.9999999914850507 1
1678282494406 0.9999999914850507 1
1678282495017 0.9999999914850507 1
1678282495627 0.9999999914850507 1
1678282496236 0.9999999914850507 1
1678282496846 0.9999999914850507 1
1678282497479 0.9999999914850507 1
