1678282486316 25750.66768973214 1
1678282486931 25750.66768973214 1
1678282487569 25750.66768973214 1
1678282488211 25750.66768973214 1
1678282488831 25750.66768973214 1
1678282489443 25750.66768973214 1
1678282490053 25750.66768973214 1
1678282490662 25750.66768973214 1
1678282491272 25750.66768973214 1
1678282491882 25750.66768973214 1
1678282492514 25750.66768973214 1
1678282493157 25750.66768973214 1
1678282493779 25750.66768973214 1
1678282494402 25750.66768973214 1
1678282495013 25750.66768973214 1
1678282495622 25750.66768973214 1
1678282496232 25750.66768973214 1
1678282496841 25750.66768973214 1
1678282497475 25750.66768973214 1
